time exciting_prob fearful_prob tense_prob sad_prob relaxing_prob neutral_prob
0 0.1136 0.1553 0.1349 0.1288 0.0181 0.4492
1 0.0794 0.3560 0.3091 0.0599 0.1531 0.0425
2 0.0477 0.1227 0.4023 0.0524 0.3550 0.0199
3 0.0306 0.1604 0.2484 0.1138 0.2408 0.2059
4 0.0875 0.0909 0.1647 0.0945 0.5571 0.0055
5 0.0315 0.0646 0.0178 0.0230 0.6230 0.2401
6 0.0314 0.0569 0.0310 0.0374 0.5840 0.2593
7 0.0304 0.0567 0.0390 0.0485 0.4126 0.4126
8 0.0440 0.0556 0.0461 0.0875 0.4514 0.3152
9 0.0757 0.1708 0.0599 0.0859 0.5176 0.0900
10 0.0526 0.3508 0.0432 0.2374 0.2607 0.0551
11 0.0359 0.2113 0.0332 0.1985 0.4009 0.1204
12 0.1362 0.2527 0.0482 0.1157 0.3733 0.0741
13 0.0490 0.1431 0.0367 0.0359 0.6562 0.0790
14 0.0259 0.0671 0.0220 0.0117 0.8438 0.0296
15 0.0537 0.0445 0.0292 0.0187 0.8203 0.0334
16 0.0143 0.0237 0.0385 0.1454 0.6938 0.0842
17 0.0829 0.0305 0.2290 0.2152 0.3438 0.0985
18 0.0465 0.2964 0.1378 0.0804 0.3989 0.0398
19 0.0912 0.1677 0.0466 0.0371 0.5127 0.1447
20 0.0586 0.3293 0.0373 0.0724 0.4434 0.0591
21 0.0762 0.2383 0.0335 0.0575 0.4556 0.1389
22 0.0298 0.2874 0.0434 0.0548 0.5083 0.0767
23 0.0648 0.1604 0.0819 0.1580 0.2905 0.2445
24 0.0264 0.0324 0.0342 0.0624 0.8091 0.0353
25 0.0460 0.0256 0.0196 0.0497 0.8145 0.0446
26 0.0652 0.0575 0.0448 0.0657 0.6792 0.0877
27 0.0304 0.0865 0.0442 0.0384 0.4065 0.3940
28 0.0335 0.0454 0.0641 0.1586 0.3057 0.3926
29 0.0482 0.1682 0.1669 0.1567 0.2246 0.2354
30 0.0160 0.0774 0.1689 0.2874 0.1716 0.2786
31 0.0640 0.3486 0.1500 0.0999 0.0822 0.2551
32 0.1837 0.5234 0.0737 0.0260 0.1647 0.0286
33 0.0327 0.0499 0.1072 0.1853 0.1942 0.4307
34 0.1866 0.2415 0.2491 0.1488 0.0772 0.0968
35 0.1757 0.2085 0.2534 0.0688 0.0883 0.2053
36 0.1536 0.1345 0.1661 0.2551 0.0855 0.2051
37 0.0537 0.3533 0.4678 0.0435 0.0288 0.0529
38 0.2766 0.2189 0.1267 0.0642 0.1470 0.1665
39 0.1149 0.4688 0.1440 0.0490 0.1418 0.0815
40 0.2042 0.3584 0.1449 0.0558 0.1146 0.1219
41 0.1511 0.2959 0.1476 0.2018 0.0991 0.1047
42 0.0336 0.5220 0.2428 0.1300 0.0031 0.0685
43 0.0699 0.0779 0.2119 0.2678 0.0829 0.2896
44 0.0940 0.2186 0.1730 0.1025 0.2220 0.1899
45 0.2462 0.0684 0.3582 0.1059 0.2073 0.0141
46 0.0964 0.2991 0.3782 0.0455 0.1759 0.0049
47 0.0588 0.7388 0.0693 0.0101 0.0570 0.0661
48 0.0798 0.3362 0.1689 0.1237 0.2537 0.0377
49 0.0850 0.4775 0.2896 0.0257 0.1033 0.0188
50 0.1451 0.5435 0.1923 0.0460 0.0367 0.0367
51 0.1738 0.3799 0.1559 0.2693 0.0182 0.0030
52 0.1178 0.3152 0.3357 0.1178 0.0977 0.0158
53 0.1610 0.1987 0.2493 0.1488 0.0322 0.2100
54 0.0914 0.0845 0.1155 0.3342 0.0292 0.3450
55 0.1035 0.3237 0.2156 0.2058 0.1119 0.0396
56 0.0490 0.3003 0.1738 0.1088 0.0902 0.2778
57 0.1967 0.1321 0.1736 0.1804 0.1722 0.1450
58 0.0485 0.4429 0.1460 0.1708 0.0290 0.1630
59 0.3108 0.1171 0.0986 0.1161 0.0511 0.3062
60 0.0572 0.1438 0.3730 0.3909 0.0252 0.0097
61 0.0174 0.3442 0.0553 0.5415 0.0371 0.0042
62 0.2223 0.2366 0.1237 0.2766 0.1277 0.0131
63 0.1534 0.3325 0.1398 0.0841 0.0578 0.2322
64 0.0692 0.1234 0.1941 0.3684 0.2133 0.0317
65 0.0594 0.4387 0.0448 0.3638 0.0632 0.0301
66 0.0129 0.2211 0.4194 0.2795 0.0094 0.0577
67 0.0632 0.2104 0.4185 0.2311 0.0417 0.0352
68 0.0499 0.3633 0.1742 0.0798 0.2656 0.0672
69 0.0318 0.4490 0.2329 0.0941 0.0805 0.1118
70 0.0229 0.4963 0.2917 0.0480 0.0320 0.1090
71 0.0503 0.1477 0.1957 0.5239 0.0666 0.0158
72 0.1803 0.3586 0.3818 0.0283 0.0478 0.0031
73 0.0405 0.5210 0.2661 0.0898 0.0452 0.0374
74 0.0860 0.0944 0.1375 0.3000 0.0724 0.3096
75 0.0464 0.3704 0.1069 0.2281 0.1968 0.0513
76 0.0476 0.5801 0.3057 0.0106 0.0236 0.0327
77 0.0486 0.3818 0.4607 0.0160 0.0152 0.0776
78 0.1309 0.3394 0.2368 0.1707 0.1085 0.0140
79 0.1091 0.4053 0.2786 0.0693 0.1337 0.0041
80 0.0558 0.2104 0.2969 0.1947 0.1801 0.0622
81 0.1670 0.3677 0.1061 0.1750 0.1820 0.0022
82 0.0709 0.1389 0.4697 0.2290 0.0856 0.0058
83 0.1165 0.1351 0.0814 0.1121 0.0490 0.5059
84 0.1188 0.3228 0.1216 0.2720 0.0939 0.0709
85 0.2134 0.4661 0.2437 0.0142 0.0289 0.0340
86 0.2123 0.2947 0.3501 0.0250 0.1172 0.0006
87 0.2140 0.3340 0.2350 0.0415 0.1448 0.0308
88 0.1855 0.3574 0.2255 0.0947 0.1161 0.0206
89 0.0907 0.3342 0.3093 0.1299 0.0415 0.0943
90 0.0755 0.5283 0.2418 0.0440 0.1000 0.0102
91 0.0516 0.2479 0.6235 0.0532 0.0199 0.0039
92 0.0215 0.4343 0.1675 0.2325 0.1410 0.0030
93 0.0651 0.2100 0.2532 0.1661 0.2739 0.0317
94 0.0491 0.3357 0.3010 0.1125 0.0454 0.1561
95 0.1075 0.3523 0.1066 0.0363 0.3931 0.0042
96 0.1713 0.5527 0.2472 0.0166 0.0098 0.0023
97 0.1530 0.4324 0.2010 0.0988 0.0256 0.0892
98 0.2207 0.2622 0.1528 0.0781 0.2705 0.0157
99 0.0252 0.0543 0.0429 0.7852 0.0072 0.0854
100 0.0627 0.0927 0.1528 0.2725 0.4089 0.0102
101 0.0486 0.3538 0.3323 0.1953 0.0644 0.0057
102 0.1650 0.3413 0.1676 0.0272 0.1703 0.1285
103 0.0928 0.4292 0.2524 0.0334 0.1580 0.0341
104 0.1375 0.2339 0.1633 0.0916 0.3679 0.0057
105 0.0976 0.3052 0.2234 0.0413 0.2286 0.1039
106 0.0526 0.5444 0.1852 0.0731 0.1376 0.0073
107 0.0483 0.6172 0.2915 0.0201 0.0218 0.0012
108 0.1335 0.1854 0.1178 0.3518 0.1714 0.0401
109 0.1383 0.4641 0.1667 0.0914 0.1383 0.0013
110 0.1090 0.2637 0.1587 0.0548 0.3604 0.0536
111 0.0985 0.2700 0.1813 0.1198 0.2964 0.0341
112 0.1185 0.3271 0.2095 0.0634 0.2196 0.0620
113 0.0403 0.6401 0.2627 0.0149 0.0193 0.0224
114 0.2167 0.1957 0.1897 0.1031 0.2634 0.0315
115 0.4207 0.2269 0.2098 0.0282 0.0754 0.0388
116 0.2230 0.2283 0.1121 0.1384 0.2754 0.0228
117 0.0751 0.3552 0.0837 0.0441 0.4353 0.0064
118 0.2411 0.2607 0.2212 0.0922 0.1805 0.0044
119 0.1459 0.4221 0.2993 0.0684 0.0571 0.0070
120 0.0881 0.3738 0.3855 0.0610 0.0719 0.0197
121 0.2224 0.4028 0.1093 0.0187 0.1963 0.0504
122 0.1915 0.1515 0.1379 0.1730 0.3335 0.0125
123 0.3003 0.1646 0.2197 0.1510 0.1407 0.0235
124 0.1851 0.2822 0.3799 0.0506 0.0968 0.0055
125 0.1527 0.3467 0.3308 0.0207 0.1171 0.0320
126 0.4954 0.1866 0.0720 0.0578 0.0803 0.1080
127 0.4983 0.2710 0.0690 0.0546 0.0936 0.0133
128 0.0370 0.3914 0.5352 0.0083 0.0258 0.0025
129 0.1660 0.5703 0.1187 0.0284 0.1097 0.0069
130 0.0514 0.3198 0.0736 0.0514 0.4438 0.0601
131 0.0583 0.3713 0.1039 0.0588 0.3279 0.0797
132 0.0223 0.0543 0.0909 0.0938 0.7261 0.0127
133 0.1095 0.3372 0.1281 0.1175 0.1777 0.1300
134 0.1609 0.4548 0.1080 0.1409 0.1177 0.0176
135 0.0728 0.1470 0.5376 0.1516 0.0706 0.0204
136 0.0630 0.3833 0.1573 0.1169 0.2676 0.0119
137 0.1674 0.2983 0.2360 0.1205 0.1621 0.0158
138 0.0887 0.6558 0.2338 0.0100 0.0100 0.0017
139 0.1126 0.1626 0.0891 0.0318 0.5415 0.0627
140 0.0841 0.0551 0.0322 0.0156 0.7554 0.0578
141 0.0914 0.4976 0.1035 0.0728 0.2074 0.0272
142 0.0425 0.5728 0.3115 0.0438 0.0258 0.0037
143 0.2786 0.2830 0.1479 0.0732 0.2007 0.0165
144 0.2328 0.2401 0.0883 0.0948 0.2383 0.1057
145 0.1097 0.1824 0.0854 0.0300 0.5151 0.0772
146 0.0341 0.8394 0.0545 0.0051 0.0489 0.0178
147 0.1279 0.1617 0.0807 0.0460 0.5645 0.0189
148 0.0812 0.2705 0.1382 0.0793 0.2834 0.1471
149 0.2404 0.0824 0.0637 0.0688 0.2385 0.3062
150 0.0760 0.1660 0.0848 0.2131 0.2913 0.1686
151 0.2203 0.2700 0.1785 0.0672 0.2037 0.0602
152 0.0410 0.2285 0.5234 0.1333 0.0630 0.0109
153 0.0865 0.5342 0.1193 0.1580 0.0521 0.0497
154 0.1199 0.5547 0.1801 0.0964 0.0477 0.0014
155 0.2202 0.3926 0.0732 0.0465 0.2637 0.0039
156 0.3320 0.2954 0.1764 0.0479 0.1261 0.0222
157 0.2438 0.2496 0.2419 0.0150 0.2053 0.0444
158 0.0489 0.3477 0.3369 0.2389 0.0212 0.0064
159 0.0191 0.8462 0.0934 0.0064 0.0341 0.0008
160 0.0828 0.4475 0.3484 0.0089 0.0164 0.0960
161 0.2479 0.3635 0.2479 0.0150 0.0488 0.0768
162 0.1093 0.2312 0.4670 0.0481 0.1163 0.0280
163 0.0213 0.3687 0.5713 0.0227 0.0143 0.0020
164 0.0727 0.6089 0.2007 0.0278 0.0325 0.0575
165 0.2096 0.2932 0.1509 0.0713 0.1697 0.1053
166 0.1857 0.3901 0.1481 0.1539 0.1075 0.0148
167 0.1611 0.3203 0.2656 0.2101 0.0305 0.0124
168 0.1299 0.4568 0.1268 0.2407 0.0358 0.0101
169 0.1058 0.1718 0.2832 0.2661 0.0934 0.0799
170 0.1442 0.1925 0.2822 0.1476 0.1954 0.0382
171 0.0912 0.2539 0.2206 0.2878 0.0372 0.1093
172 0.1389 0.1550 0.0185 0.0185 0.6523 0.0166
173 0.0775 0.1093 0.0594 0.0161 0.7358 0.0020
174 0.0192 0.0216 0.0186 0.0237 0.8970 0.0198
175 0.0285 0.0318 0.0201 0.0290 0.8804 0.0102
176 0.0545 0.0219 0.0062 0.0181 0.8804 0.0191
177 0.0517 0.0173 0.0050 0.0096 0.9092 0.0074
178 0.0302 0.1853 0.0748 0.0465 0.6367 0.0265
179 0.0659 0.2280 0.0988 0.0279 0.5469 0.0326
180 0.0536 0.2152 0.1316 0.0756 0.5083 0.0160
181 0.0584 0.1338 0.0371 0.0261 0.7285 0.0159
182 0.0731 0.1560 0.0374 0.1825 0.4446 0.1064
183 0.2369 0.2242 0.0242 0.0260 0.4824 0.0063
184 0.0457 0.1633 0.0784 0.2114 0.4839 0.0173
