time exciting_prob fearful_prob tense_prob sad_prob relaxing_prob neutral_prob
0 0.1136 0.1553 0.1349 0.1288 0.0181 0.4492
1 0.0539 0.2454 0.2491 0.2959 0.0611 0.0946
2 0.0922 0.1028 0.1694 0.3760 0.1832 0.0764
3 0.0982 0.1594 0.0615 0.1429 0.4834 0.0547
4 0.7612 0.0206 0.0351 0.0719 0.1047 0.0064
5 0.8994 0.0111 0.0170 0.0138 0.0571 0.0015
6 0.9229 0.0069 0.0125 0.0136 0.0418 0.0022
7 0.1123 0.1072 0.0797 0.3625 0.2378 0.1006
8 0.8911 0.0192 0.0020 0.0184 0.0682 0.0011
9 0.9072 0.0165 0.0015 0.0137 0.0603 0.0008
10 0.8677 0.0196 0.0016 0.0226 0.0873 0.0011
11 0.5146 0.0277 0.0279 0.2507 0.1779 0.0013
12 0.8945 0.0077 0.0076 0.0180 0.0723 0.0000
13 0.3860 0.0725 0.0417 0.0656 0.4241 0.0102
14 0.3828 0.1499 0.0606 0.0334 0.3711 0.0023
15 0.4268 0.1595 0.1620 0.1176 0.1282 0.0058
16 0.2754 0.0867 0.1406 0.3220 0.1203 0.0551
17 0.4329 0.1776 0.1832 0.0820 0.1183 0.0060
18 0.1517 0.0442 0.0541 0.6694 0.0323 0.0485
19 0.2136 0.0622 0.1689 0.4739 0.0622 0.0193
20 0.1084 0.3843 0.2520 0.1084 0.1101 0.0369
21 0.3738 0.1659 0.1698 0.2001 0.0840 0.0063
22 0.1192 0.2708 0.0813 0.3240 0.1394 0.0653
23 0.2734 0.1608 0.2032 0.2529 0.0784 0.0312
24 0.4419 0.2991 0.1600 0.0224 0.0694 0.0072
25 0.3193 0.3047 0.2300 0.0989 0.0396 0.0076
26 0.1666 0.3906 0.0825 0.0449 0.2542 0.0613
27 0.0853 0.2467 0.4006 0.1321 0.0966 0.0387
28 0.1267 0.3040 0.2900 0.0927 0.0421 0.1447
29 0.2861 0.2524 0.0664 0.0951 0.2466 0.0533
30 0.0493 0.2009 0.2462 0.2791 0.0172 0.2074
31 0.1639 0.3811 0.1218 0.0473 0.2788 0.0070
32 0.7207 0.0443 0.0239 0.1547 0.0522 0.0042
33 0.1097 0.3379 0.3274 0.1243 0.0834 0.0175
34 0.1333 0.1740 0.0931 0.3352 0.2048 0.0596
35 0.1116 0.0721 0.0333 0.5454 0.1188 0.1188
36 0.2133 0.1853 0.0511 0.2100 0.3008 0.0398
37 0.1348 0.3721 0.1306 0.1479 0.0756 0.1390
38 0.2708 0.2666 0.0794 0.2666 0.0474 0.0695
39 0.3101 0.3354 0.0917 0.0909 0.1488 0.0230
40 0.3577 0.2345 0.2070 0.0823 0.1091 0.0094
41 0.0919 0.5850 0.0732 0.1058 0.1161 0.0278
42 0.1087 0.3945 0.2129 0.0713 0.1938 0.0186
43 0.2720 0.3203 0.1226 0.1755 0.0947 0.0148
44 0.1487 0.5972 0.1633 0.0332 0.0556 0.0019
45 0.4333 0.2302 0.0271 0.0596 0.2451 0.0046
46 0.0983 0.3770 0.2286 0.1621 0.0506 0.0834
47 0.0814 0.0937 0.0573 0.4331 0.2710 0.0634
48 0.1803 0.2012 0.0943 0.1309 0.2666 0.1268
49 0.0445 0.0684 0.4600 0.2661 0.0094 0.1516
50 0.0425 0.1311 0.1750 0.3347 0.1750 0.1417
51 0.0420 0.1740 0.2822 0.3250 0.1214 0.0556
52 0.1011 0.1803 0.4604 0.0950 0.1340 0.0290
53 0.0463 0.2244 0.4326 0.1761 0.0112 0.1094
54 0.3833 0.2893 0.2325 0.0371 0.0499 0.0078
55 0.1978 0.2854 0.0553 0.0466 0.4121 0.0027
56 0.1957 0.3030 0.1443 0.1896 0.0999 0.0676
57 0.0762 0.1577 0.1787 0.4670 0.0452 0.0751
58 0.0546 0.0685 0.4099 0.2467 0.0353 0.1848
59 0.2637 0.2830 0.0850 0.1514 0.1855 0.0315
60 0.1315 0.4380 0.1198 0.1742 0.0656 0.0709
61 0.1191 0.2227 0.2059 0.2407 0.1437 0.0679
62 0.1641 0.1530 0.0562 0.3936 0.1934 0.0399
63 0.3359 0.2400 0.0779 0.0458 0.2720 0.0284
64 0.0307 0.3152 0.4731 0.1399 0.0302 0.0109
65 0.1135 0.2900 0.2367 0.1227 0.1801 0.0571
66 0.0461 0.3772 0.0815 0.2166 0.1366 0.1421
67 0.0564 0.1594 0.2820 0.3025 0.0364 0.1632
68 0.0320 0.1742 0.2742 0.2515 0.0225 0.2457
69 0.2108 0.3757 0.2625 0.0250 0.1155 0.0105
70 0.0922 0.1631 0.2109 0.1543 0.2263 0.1532
71 0.1733 0.1996 0.2244 0.1415 0.0537 0.2075
72 0.2367 0.1109 0.0603 0.1576 0.3311 0.1034
73 0.2363 0.2659 0.2537 0.1378 0.0904 0.0160
74 0.1373 0.1982 0.0290 0.1069 0.5264 0.0021
75 0.0923 0.0938 0.0423 0.0498 0.7202 0.0015
76 0.0793 0.1268 0.2426 0.1846 0.0220 0.3447
77 0.1423 0.2966 0.2537 0.1587 0.1236 0.0251
78 0.1282 0.1186 0.0591 0.2549 0.4270 0.0121
79 0.1080 0.3354 0.1355 0.0896 0.3225 0.0089
80 0.0804 0.0380 0.0709 0.4485 0.2805 0.0817
81 0.1274 0.0583 0.0523 0.5449 0.2004 0.0167
82 0.1627 0.1257 0.0892 0.2502 0.2664 0.1059
83 0.1475 0.1632 0.1711 0.1533 0.3538 0.0110
84 0.2217 0.1609 0.1726 0.2571 0.1647 0.0230
85 0.1801 0.1257 0.4670 0.1858 0.0268 0.0149
86 0.1475 0.4761 0.2432 0.0990 0.0319 0.0024
87 0.3726 0.1349 0.1530 0.2444 0.0769 0.0184
88 0.0300 0.5566 0.2842 0.0881 0.0157 0.0256
89 0.0959 0.2196 0.3455 0.1194 0.0944 0.1251
90 0.0776 0.3218 0.2839 0.1567 0.0664 0.0936
91 0.2263 0.2998 0.1967 0.1221 0.1508 0.0042
92 0.1882 0.1039 0.3862 0.1941 0.0797 0.0479
93 0.2329 0.1425 0.2944 0.2189 0.0750 0.0363
94 0.0879 0.1721 0.5303 0.1405 0.0633 0.0062
95 0.1382 0.1816 0.2140 0.3936 0.0508 0.0217
96 0.0381 0.0153 0.0781 0.8018 0.0141 0.0529
97 0.2294 0.3135 0.1947 0.1277 0.1277 0.0071
98 0.1625 0.1600 0.4382 0.1588 0.0338 0.0466
99 0.2759 0.0407 0.3303 0.2532 0.0626 0.0374
100 0.1819 0.0922 0.4646 0.1643 0.0460 0.0509
101 0.2035 0.1055 0.1957 0.3599 0.0868 0.0487
102 0.3242 0.1544 0.1967 0.1907 0.0959 0.0381
103 0.0574 0.0560 0.2473 0.5400 0.0039 0.0953
104 0.2213 0.1509 0.1322 0.1737 0.2430 0.0789
105 0.2064 0.1487 0.1698 0.0560 0.3484 0.0708
106 0.1354 0.0342 0.0297 0.4875 0.1365 0.1766
107 0.0829 0.2593 0.3081 0.1040 0.2253 0.0203
108 0.1298 0.0594 0.0864 0.2156 0.2683 0.2405
109 0.1071 0.1185 0.2690 0.1570 0.2629 0.0854
110 0.0528 0.0349 0.0837 0.6533 0.0466 0.1287
111 0.1259 0.1802 0.1948 0.3640 0.0913 0.0438
112 0.1591 0.0432 0.0299 0.3586 0.2644 0.1449
113 0.0521 0.3906 0.3264 0.0674 0.0336 0.1299
114 0.0489 0.1775 0.4097 0.2316 0.0425 0.0900
115 0.0853 0.0239 0.0316 0.1322 0.7202 0.0070
116 0.0178 0.2050 0.5190 0.0556 0.0145 0.1880
117 0.1725 0.2510 0.2250 0.1453 0.0490 0.1571
118 0.1670 0.1968 0.1968 0.1863 0.0795 0.1737
119 0.1170 0.0434 0.0756 0.3467 0.2169 0.2006
120 0.1045 0.0513 0.0747 0.6655 0.0901 0.0138
121 0.0947 0.3105 0.1073 0.1769 0.2783 0.0325
122 0.0592 0.1851 0.1851 0.2673 0.2268 0.0765
123 0.0892 0.3315 0.2141 0.2708 0.0770 0.0174
124 0.1232 0.3481 0.2213 0.0309 0.2488 0.0277
125 0.0612 0.1829 0.2139 0.1759 0.3210 0.0452
126 0.2378 0.2715 0.1674 0.1168 0.1971 0.0094
127 0.0776 0.2014 0.2212 0.1644 0.2646 0.0707
128 0.1104 0.3142 0.4036 0.0286 0.1342 0.0091
129 0.0684 0.3418 0.3696 0.1067 0.0864 0.0272
130 0.0732 0.2700 0.1716 0.1237 0.3335 0.0278
131 0.0319 0.0498 0.4302 0.3457 0.0724 0.0702
132 0.0194 0.0155 0.0598 0.0503 0.8511 0.0043
133 0.4026 0.2137 0.2329 0.0745 0.0396 0.0369
134 0.0616 0.1824 0.2217 0.1196 0.3655 0.0491
135 0.0529 0.1920 0.1329 0.0358 0.5303 0.0563
136 0.1498 0.0827 0.1908 0.0675 0.0587 0.4507
137 0.1035 0.1641 0.3445 0.1248 0.2278 0.0355
138 0.0738 0.2291 0.3232 0.1226 0.0963 0.1550
139 0.1221 0.2524 0.3242 0.1936 0.0853 0.0222
140 0.0511 0.0296 0.2435 0.6318 0.0130 0.0310
141 0.1119 0.1288 0.4028 0.2242 0.0254 0.1068
142 0.0669 0.0746 0.5142 0.2908 0.0193 0.0342
143 0.2908 0.1406 0.3320 0.1222 0.1021 0.0121
144 0.0721 0.0229 0.0804 0.7871 0.0208 0.0168
145 0.3162 0.0845 0.1482 0.3875 0.0435 0.0202
146 0.1060 0.0563 0.1165 0.5776 0.0628 0.0807
147 0.1240 0.0568 0.2524 0.4790 0.0306 0.0572
148 0.0886 0.0199 0.0858 0.7529 0.0190 0.0336
149 0.6235 0.0462 0.1704 0.1208 0.0371 0.0020
150 0.3279 0.0698 0.1989 0.3127 0.0671 0.0237
151 0.2051 0.2803 0.0539 0.0731 0.3328 0.0547
152 0.0989 0.2585 0.3320 0.2094 0.0685 0.0329
153 0.0839 0.1202 0.4431 0.1593 0.0922 0.1013
154 0.1852 0.0803 0.1809 0.4172 0.0309 0.1055
155 0.0439 0.3538 0.3679 0.1079 0.0284 0.0982
156 0.1647 0.0146 0.0616 0.7153 0.0203 0.0234
157 0.2573 0.0656 0.2218 0.3628 0.0693 0.0232
158 0.2075 0.0372 0.2793 0.3877 0.0260 0.0623
159 0.2156 0.0800 0.1219 0.3875 0.1003 0.0949
160 0.1937 0.1139 0.2144 0.3425 0.0674 0.0680
161 0.1498 0.3884 0.3245 0.0471 0.0624 0.0277
162 0.0999 0.3513 0.2778 0.0828 0.1522 0.0359
163 0.0997 0.3762 0.2429 0.2410 0.0244 0.0158
164 0.1022 0.2284 0.1292 0.0777 0.4436 0.0189
165 0.1174 0.0997 0.2372 0.3191 0.1749 0.0517
166 0.0852 0.1147 0.1630 0.2061 0.4099 0.0212
167 0.0578 0.3352 0.4441 0.1186 0.0300 0.0142
168 0.2328 0.0466 0.1227 0.4631 0.0756 0.0593
169 0.0568 0.3296 0.3245 0.1656 0.1104 0.0131
170 0.2556 0.1550 0.1930 0.2742 0.0836 0.0386
171 0.2325 0.0883 0.1512 0.2698 0.1714 0.0869
172 0.1333 0.1725 0.2415 0.3540 0.0754 0.0233
173 0.0857 0.1359 0.2441 0.3962 0.0567 0.0812
174 0.1080 0.2114 0.1334 0.1097 0.0692 0.3682
175 0.1247 0.0637 0.0566 0.6187 0.0193 0.1171
176 0.2646 0.3535 0.2144 0.0226 0.1373 0.0074
177 0.0893 0.0674 0.2544 0.3240 0.1555 0.1094
178 0.1339 0.2542 0.3394 0.1603 0.1011 0.0110
179 0.0349 0.1216 0.2135 0.3928 0.0993 0.1378
180 0.0644 0.1030 0.0573 0.6162 0.0959 0.0634
181 0.1895 0.0655 0.0909 0.4302 0.2048 0.0192
182 0.1505 0.2278 0.2140 0.2140 0.1068 0.0871
183 0.0588 0.3359 0.3254 0.1663 0.0523 0.0612
184 0.4590 0.1757 0.0144 0.1316 0.1990 0.0203
185 0.0248 0.1464 0.6660 0.1396 0.0145 0.0087
186 0.1192 0.1350 0.2465 0.2175 0.2603 0.0214
187 0.1065 0.2764 0.4148 0.1125 0.0726 0.0173
188 0.2183 0.2937 0.2654 0.1234 0.0651 0.0340
189 0.1550 0.1783 0.2656 0.3333 0.0420 0.0257
190 0.2527 0.1644 0.2798 0.1005 0.1544 0.0482
191 0.0659 0.1175 0.1175 0.1619 0.5186 0.0189
192 0.0827 0.0304 0.1863 0.6108 0.0471 0.0426
193 0.0848 0.1387 0.3828 0.2913 0.0560 0.0464
194 0.0780 0.1237 0.3750 0.3362 0.0380 0.0492
195 0.0900 0.0112 0.0505 0.7417 0.0107 0.0958
196 0.1411 0.0715 0.1899 0.4773 0.0575 0.0626
197 0.0851 0.0227 0.0965 0.6489 0.0126 0.1339
198 0.1948 0.0987 0.3755 0.2542 0.0336 0.0435
199 0.0360 0.0380 0.0333 0.8262 0.0072 0.0594
200 0.1103 0.0118 0.0288 0.6548 0.0093 0.1847
201 0.1251 0.0686 0.1953 0.4834 0.0659 0.0615
202 0.0768 0.0402 0.1218 0.6333 0.0956 0.0323
203 0.1548 0.0561 0.1254 0.4998 0.0803 0.0836
204 0.0549 0.1492 0.3870 0.3362 0.0318 0.0411
205 0.1201 0.0632 0.2314 0.3613 0.1460 0.0781
206 0.0958 0.1299 0.2881 0.3020 0.1155 0.0690
207 0.1710 0.0450 0.1053 0.5308 0.0908 0.0569
208 0.3552 0.1873 0.1947 0.2009 0.0392 0.0225
209 0.1186 0.1055 0.3652 0.2715 0.1302 0.0089
210 0.0761 0.0447 0.1943 0.2419 0.0184 0.4246
211 0.1146 0.0470 0.1137 0.6147 0.0363 0.0734
212 0.0560 0.1039 0.7153 0.0091 0.1063 0.0094
213 0.0724 0.0475 0.2471 0.5479 0.0204 0.0645
214 0.1511 0.0475 0.5317 0.2131 0.0417 0.0148
215 0.0256 0.0345 0.1442 0.4580 0.0327 0.3052
216 0.1377 0.2253 0.1024 0.0969 0.4209 0.0168
217 0.1434 0.0926 0.2421 0.3691 0.1170 0.0360
218 0.1925 0.0765 0.3406 0.2959 0.0332 0.0615
219 0.3171 0.1038 0.1558 0.2129 0.1632 0.0475
220 0.0741 0.3943 0.1683 0.1486 0.1473 0.0674
221 0.0726 0.2869 0.2759 0.1971 0.1410 0.0265
222 0.1066 0.4739 0.2852 0.0217 0.1099 0.0030
223 0.0958 0.2333 0.4639 0.1035 0.0928 0.0107
224 0.0967 0.1984 0.4333 0.1521 0.0982 0.0214
225 0.3113 0.3999 0.2208 0.0438 0.0204 0.0039
226 0.3232 0.3135 0.1786 0.1180 0.0608 0.0059
227 0.1155 0.4326 0.1036 0.1495 0.1951 0.0035
228 0.1920 0.5732 0.1694 0.0387 0.0250 0.0018
229 0.2081 0.3076 0.2472 0.1925 0.0385 0.0060
230 0.1242 0.0578 0.2629 0.4836 0.0479 0.0233
231 0.2358 0.0778 0.1014 0.2632 0.0708 0.2510
232 0.2358 0.0778 0.1014 0.2632 0.0708 0.2510
233 0.1136 0.1553 0.1349 0.1288 0.0181 0.4492
234 0.5952 0.0733 0.0756 0.1370 0.0554 0.0637
235 0.5605 0.0807 0.0859 0.1509 0.0609 0.0609
236 0.5635 0.0800 0.0864 0.1493 0.0585 0.0623
237 0.5640 0.0787 0.0878 0.1471 0.0594 0.0632
238 0.1136 0.1553 0.1349 0.1288 0.0181 0.4492
239 0.1136 0.1553 0.1349 0.1288 0.0181 0.4492
