time exciting_prob fearful_prob tense_prob sad_prob relaxing_prob neutral_prob
0 0.0908 0.1567 0.2883 0.1450 0.3022 0.0169
1 0.1227 0.0912 0.1704 0.3442 0.2639 0.0077
2 0.0782 0.4905 0.4004 0.0156 0.0153 0.0002
3 0.0977 0.2201 0.6172 0.0253 0.0197 0.0200
4 0.0426 0.6406 0.2588 0.0195 0.0379 0.0005
5 0.1622 0.3772 0.3228 0.0565 0.0803 0.0008
6 0.0317 0.4077 0.5400 0.0156 0.0046 0.0001
7 0.0239 0.3330 0.6318 0.0047 0.0067 0.0000
8 0.0671 0.2759 0.2473 0.0167 0.3892 0.0038
9 0.0847 0.1037 0.3455 0.0795 0.3794 0.0072
10 0.0280 0.4285 0.4153 0.0733 0.0549 0.0003
11 0.0672 0.2656 0.5449 0.0612 0.0607 0.0002
12 0.0580 0.1947 0.5635 0.1026 0.0806 0.0006
13 0.0753 0.4502 0.2952 0.0028 0.1763 0.0001
14 0.0849 0.2573 0.3687 0.1032 0.1854 0.0003
15 0.1203 0.4167 0.3508 0.0058 0.1061 0.0002
16 0.0605 0.3352 0.5522 0.0218 0.0300 0.0001
17 0.0555 0.1791 0.4033 0.2905 0.0529 0.0186
18 0.0071 0.4487 0.5327 0.0038 0.0073 0.0002
19 0.0829 0.3228 0.4844 0.0635 0.0461 0.0003
20 0.1470 0.1127 0.4387 0.0934 0.2073 0.0011
21 0.0836 0.2615 0.3745 0.0307 0.2494 0.0004
22 0.1244 0.1525 0.6777 0.0310 0.0142 0.0002
23 0.2003 0.4412 0.2100 0.0150 0.1334 0.0001
24 0.0397 0.1442 0.3005 0.4583 0.0291 0.0282
25 0.0375 0.5337 0.3137 0.0194 0.0942 0.0013
26 0.0831 0.3904 0.3667 0.0618 0.0972 0.0008
27 0.0917 0.3889 0.1956 0.0014 0.3225 0.0001
28 0.1740 0.3625 0.2098 0.0078 0.2454 0.0003
29 0.0620 0.2915 0.5444 0.0889 0.0094 0.0038
30 0.0630 0.3457 0.4509 0.0356 0.1038 0.0008
31 0.0116 0.1794 0.3352 0.4583 0.0147 0.0006
32 0.1917 0.3525 0.4026 0.0213 0.0318 0.0003
33 0.0717 0.1127 0.3213 0.4189 0.0585 0.0170
34 0.3098 0.1088 0.5479 0.0164 0.0152 0.0018
35 0.1131 0.2844 0.4761 0.0828 0.0419 0.0018
36 0.1403 0.2139 0.3933 0.1830 0.0492 0.0204
37 0.1154 0.4153 0.4421 0.0093 0.0174 0.0005
38 0.1057 0.2400 0.5161 0.0167 0.1188 0.0028
39 0.1580 0.1193 0.4944 0.1790 0.0288 0.0207
40 0.0801 0.3706 0.2886 0.0262 0.2319 0.0024
41 0.1304 0.0660 0.6777 0.0298 0.0939 0.0023
42 0.2749 0.2141 0.3115 0.0973 0.0287 0.0734
43 0.3513 0.1971 0.4304 0.0127 0.0082 0.0001
44 0.2759 0.2083 0.5073 0.0060 0.0026 0.0001
45 0.0506 0.4443 0.4109 0.0848 0.0089 0.0005
46 0.9556 0.0072 0.0232 0.0129 0.0012 0.0001
47 0.1976 0.1744 0.6182 0.0063 0.0033 0.0001
48 0.1058 0.2578 0.5723 0.0448 0.0184 0.0008
49 0.2196 0.2864 0.4834 0.0045 0.0061 0.0002
50 0.3174 0.2064 0.4106 0.0376 0.0250 0.0031
51 0.0775 0.3364 0.4597 0.0380 0.0878 0.0006
52 0.2996 0.0812 0.1460 0.3613 0.1119 0.0002
53 0.8340 0.0663 0.0619 0.0316 0.0060 0.0002
54 0.7827 0.0594 0.0858 0.0576 0.0134 0.0011
55 0.8491 0.0569 0.0625 0.0218 0.0096 0.0004
56 0.1758 0.2639 0.1338 0.0107 0.4153 0.0004
57 0.0443 0.1204 0.6714 0.0952 0.0109 0.0578
58 0.4424 0.2581 0.2642 0.0227 0.0124 0.0003
59 0.0314 0.0952 0.4685 0.0233 0.3765 0.0054
60 0.2264 0.1260 0.5967 0.0168 0.0273 0.0069
61 0.2100 0.2289 0.5488 0.0069 0.0050 0.0002
62 0.8579 0.0253 0.0792 0.0310 0.0050 0.0014
63 0.8911 0.0232 0.0588 0.0225 0.0038 0.0007
64 0.0245 0.2852 0.6035 0.0455 0.0070 0.0343
65 0.1570 0.4072 0.3650 0.0686 0.0017 0.0003
66 0.1067 0.0536 0.5503 0.2260 0.0208 0.0424
67 0.3101 0.1794 0.4802 0.0228 0.0071 0.0003
68 0.3208 0.1041 0.4968 0.0330 0.0448 0.0006
69 0.1769 0.2573 0.4446 0.0992 0.0211 0.0011
70 0.1702 0.1783 0.5000 0.0626 0.0755 0.0134
71 0.1807 0.1924 0.6113 0.0031 0.0123 0.0004
72 0.0248 0.0481 0.0711 0.2405 0.5859 0.0294
73 0.0609 0.3557 0.5259 0.0358 0.0205 0.0014
74 0.1385 0.0629 0.7729 0.0085 0.0077 0.0094
75 0.1003 0.4160 0.2949 0.0150 0.1735 0.0002
76 0.2554 0.0621 0.5361 0.0977 0.0345 0.0143
77 0.0905 0.2440 0.2153 0.0081 0.4419 0.0003
78 0.0950 0.4160 0.3342 0.0098 0.1449 0.0002
79 0.4199 0.1271 0.3650 0.0429 0.0450 0.0001
80 0.0815 0.2472 0.4619 0.0337 0.1753 0.0004
81 0.0782 0.2729 0.3450 0.2603 0.0112 0.0326
82 0.0350 0.4609 0.3120 0.1544 0.0353 0.0024
83 0.3501 0.2368 0.3967 0.0099 0.0065 0.0001
84 0.1451 0.3538 0.4541 0.0295 0.0155 0.0021
85 0.5464 0.2424 0.1774 0.0172 0.0160 0.0005
86 0.4226 0.1221 0.3093 0.1028 0.0399 0.0033
87 0.2632 0.1837 0.3276 0.1168 0.1063 0.0025
88 0.1078 0.1658 0.2908 0.1779 0.0128 0.2450
89 0.0622 0.4055 0.5210 0.0069 0.0031 0.0013
90 0.0264 0.1030 0.6714 0.1724 0.0219 0.0050
91 0.1711 0.1570 0.4990 0.1176 0.0506 0.0048
92 0.0885 0.4675 0.4324 0.0023 0.0094 0.0000
93 0.1040 0.1197 0.3518 0.3010 0.0346 0.0889
94 0.1333 0.3250 0.4172 0.0888 0.0192 0.0167
95 0.0459 0.0756 0.6636 0.1992 0.0112 0.0046
96 0.0923 0.2147 0.5483 0.0778 0.0655 0.0013
97 0.2537 0.2186 0.3867 0.1161 0.0227 0.0024
98 0.0534 0.5352 0.3738 0.0122 0.0252 0.0002
99 0.0347 0.2161 0.5518 0.1605 0.0358 0.0011
100 0.1614 0.0516 0.4187 0.3364 0.0202 0.0117
101 0.1588 0.2744 0.5371 0.0154 0.0143 0.0001
102 0.1467 0.1467 0.5894 0.0715 0.0454 0.0003
103 0.1060 0.0906 0.6392 0.0950 0.0690 0.0001
104 0.2430 0.1671 0.3171 0.2430 0.0271 0.0027
105 0.2520 0.0757 0.5591 0.0637 0.0384 0.0109
106 0.0986 0.1992 0.6533 0.0199 0.0283 0.0006
107 0.2273 0.0986 0.4116 0.2136 0.0458 0.0031
108 0.2556 0.2637 0.4626 0.0132 0.0048 0.0002
109 0.3459 0.1443 0.4443 0.0476 0.0174 0.0006
110 0.0691 0.1203 0.4612 0.1923 0.1384 0.0189
111 0.2465 0.0907 0.3940 0.1776 0.0907 0.0006
112 0.3215 0.3760 0.2544 0.0272 0.0204 0.0003
113 0.2290 0.1411 0.5078 0.0189 0.1024 0.0007
114 0.1716 0.1456 0.5986 0.0232 0.0570 0.0037
115 0.2225 0.2369 0.3447 0.1666 0.0209 0.0083
116 0.1763 0.1036 0.2605 0.4036 0.0254 0.0306
117 0.0759 0.5269 0.3508 0.0094 0.0370 0.0001
118 0.1232 0.2338 0.4951 0.0543 0.0916 0.0022
119 0.1047 0.3513 0.5190 0.0066 0.0172 0.0010
120 0.1578 0.1642 0.6440 0.0204 0.0131 0.0003
121 0.1461 0.0723 0.2729 0.4431 0.0542 0.0110
122 0.0820 0.4834 0.2179 0.0228 0.1923 0.0016
123 0.0469 0.1189 0.4282 0.3335 0.0667 0.0056
124 0.0406 0.5073 0.4270 0.0163 0.0086 0.0003
125 0.1296 0.3311 0.3259 0.0185 0.1946 0.0004
126 0.2478 0.1930 0.5083 0.0327 0.0178 0.0002
127 0.0945 0.4653 0.2778 0.0148 0.1476 0.0001
128 0.1038 0.3738 0.4873 0.0203 0.0146 0.0002
129 0.1691 0.4023 0.4150 0.0071 0.0063 0.0001
130 0.1852 0.1896 0.5356 0.0141 0.0754 0.0000
131 0.1522 0.0629 0.7319 0.0400 0.0123 0.0007
132 0.2727 0.1259 0.5684 0.0226 0.0098 0.0007
133 0.3950 0.1633 0.4043 0.0120 0.0251 0.0001
134 0.2271 0.3328 0.4016 0.0178 0.0206 0.0002
135 0.1421 0.1098 0.7104 0.0176 0.0159 0.0041
136 0.3032 0.1927 0.4448 0.0365 0.0220 0.0007
137 0.1597 0.2216 0.5933 0.0204 0.0049 0.0004
138 0.1466 0.1853 0.6270 0.0211 0.0197 0.0002
139 0.2847 0.1647 0.5151 0.0201 0.0145 0.0007
140 0.4624 0.1024 0.3203 0.0480 0.0666 0.0003
141 0.1364 0.1166 0.6982 0.0307 0.0175 0.0007
142 0.1666 0.2260 0.2482 0.3391 0.0105 0.0097
143 0.2191 0.1309 0.3787 0.2369 0.0336 0.0011
144 0.5532 0.1187 0.2673 0.0189 0.0420 0.0000
145 0.2061 0.1951 0.5732 0.0198 0.0058 0.0001
146 0.1556 0.3269 0.4907 0.0154 0.0112 0.0004
147 0.1980 0.1747 0.5820 0.0237 0.0212 0.0004
148 0.4028 0.1248 0.1577 0.2642 0.0497 0.0007
149 0.3169 0.0741 0.2318 0.0789 0.2976 0.0009
150 0.4136 0.2490 0.2163 0.0348 0.0861 0.0002
151 0.1654 0.1298 0.3669 0.0512 0.2856 0.0010
152 0.1218 0.1504 0.6533 0.0524 0.0194 0.0027
153 0.1510 0.2568 0.5698 0.0180 0.0041 0.0002
154 0.2186 0.1575 0.4216 0.0843 0.0508 0.0672
155 0.0313 0.4939 0.4639 0.0017 0.0086 0.0008
156 0.0491 0.3154 0.3987 0.1107 0.1179 0.0080
157 0.2651 0.2303 0.4727 0.0262 0.0054 0.0005
158 0.0937 0.3145 0.5107 0.0311 0.0498 0.0003
159 0.2108 0.1077 0.2209 0.4128 0.0147 0.0331
160 0.1569 0.1792 0.5737 0.0840 0.0055 0.0004
161 0.0837 0.1163 0.4746 0.2922 0.0161 0.0170
162 0.1046 0.2888 0.4543 0.0216 0.1302 0.0003
163 0.1099 0.4148 0.4556 0.0109 0.0088 0.0002
164 0.1096 0.0361 0.3594 0.2179 0.2712 0.0058
165 0.6118 0.1365 0.1781 0.0407 0.0329 0.0001
166 0.2405 0.3499 0.3965 0.0081 0.0043 0.0007
167 0.4426 0.2091 0.1681 0.1506 0.0252 0.0043
168 0.0963 0.1423 0.3665 0.3389 0.0473 0.0086
169 0.5640 0.1471 0.1506 0.1210 0.0156 0.0018
170 0.2651 0.3430 0.2778 0.0468 0.0670 0.0001
171 0.5024 0.0530 0.1176 0.2954 0.0254 0.0059
172 0.2329 0.3389 0.3496 0.0657 0.0119 0.0008
173 0.0723 0.0509 0.8535 0.0177 0.0037 0.0016
174 0.1520 0.3267 0.4363 0.0729 0.0114 0.0009
175 0.3276 0.1072 0.4919 0.0635 0.0088 0.0009
176 0.0363 0.3416 0.3931 0.1025 0.1256 0.0009
177 0.6650 0.0966 0.1735 0.0306 0.0341 0.0001
178 0.4993 0.1595 0.2472 0.0201 0.0737 0.0001
179 0.0240 0.2537 0.6479 0.0395 0.0323 0.0024
180 0.1913 0.3357 0.4309 0.0082 0.0330 0.0010
181 0.4521 0.1930 0.1799 0.0325 0.1423 0.0001
182 0.1584 0.2166 0.4307 0.1443 0.0479 0.0023
183 0.2247 0.1521 0.3823 0.1893 0.0316 0.0198
184 0.1295 0.1108 0.3577 0.3157 0.0584 0.0278
185 0.0283 0.3901 0.5498 0.0197 0.0116 0.0004
186 0.0507 0.0448 0.8057 0.0798 0.0064 0.0125
187 0.0951 0.5645 0.3118 0.0127 0.0150 0.0009
188 0.0457 0.0223 0.1150 0.1476 0.6616 0.0077
189 0.1981 0.0819 0.3530 0.3267 0.0252 0.0152
190 0.0910 0.1838 0.4209 0.2051 0.0910 0.0080
191 0.1523 0.0720 0.5234 0.0430 0.1957 0.0135
192 0.1672 0.3125 0.3125 0.0601 0.1431 0.0044
193 0.0787 0.1338 0.4597 0.1144 0.1858 0.0276
194 0.0829 0.0855 0.1388 0.0676 0.6221 0.0030
195 0.3491 0.1410 0.4771 0.0251 0.0070 0.0007
196 0.0568 0.0509 0.1362 0.0605 0.6919 0.0037
197 0.1122 0.1038 0.1582 0.0185 0.6064 0.0009
198 0.0673 0.1746 0.5464 0.1517 0.0396 0.0207
199 0.1259 0.1517 0.4324 0.0381 0.2463 0.0058
200 0.0627 0.2311 0.2422 0.0308 0.4316 0.0015
201 0.0726 0.0661 0.2037 0.1884 0.4519 0.0173
202 0.0797 0.1089 0.2343 0.2417 0.3103 0.0251
203 0.1003 0.0581 0.1995 0.1035 0.5259 0.0130
204 0.2087 0.2240 0.4456 0.0253 0.0963 0.0001
205 0.0902 0.0359 0.2064 0.0620 0.5879 0.0175
206 0.1018 0.0405 0.0898 0.0864 0.6797 0.0020
207 0.1035 0.2815 0.5684 0.0110 0.0339 0.0018
208 0.0869 0.6626 0.2400 0.0015 0.0085 0.0004
209 0.1508 0.1394 0.2998 0.1508 0.2563 0.0031
210 0.0699 0.3337 0.5249 0.0558 0.0141 0.0016
211 0.3374 0.4722 0.1440 0.0329 0.0132 0.0002
212 0.1874 0.0957 0.2482 0.0497 0.4155 0.0035
213 0.0764 0.3423 0.4065 0.0294 0.1449 0.0006
214 0.1462 0.3000 0.5435 0.0084 0.0017 0.0000
215 0.2062 0.2908 0.4719 0.0270 0.0035 0.0006
216 0.2717 0.0754 0.2847 0.3279 0.0343 0.0060
217 0.1863 0.3479 0.3535 0.0680 0.0422 0.0020
218 0.2158 0.4604 0.2666 0.0103 0.0467 0.0001
219 0.5859 0.1403 0.1858 0.0710 0.0168 0.0003
220 0.6328 0.0710 0.1285 0.1227 0.0441 0.0007
221 0.0715 0.5542 0.2346 0.0641 0.0750 0.0006
222 0.0575 0.1316 0.2239 0.0632 0.5127 0.0113
223 0.3271 0.2179 0.4009 0.0264 0.0275 0.0001
224 0.1400 0.2827 0.5537 0.0203 0.0032 0.0002
225 0.0994 0.4524 0.3469 0.0263 0.0739 0.0009
226 0.1057 0.4590 0.2739 0.1032 0.0561 0.0022
227 0.0990 0.4199 0.4470 0.0077 0.0258 0.0003
228 0.1205 0.3328 0.4998 0.0226 0.0228 0.0015
229 0.1192 0.4292 0.3789 0.0201 0.0521 0.0006
230 0.1095 0.2627 0.5562 0.0138 0.0577 0.0002
231 0.1602 0.3086 0.4026 0.0349 0.0934 0.0005
232 0.1136 0.1553 0.1349 0.1288 0.0181 0.4492
233 0.1136 0.1553 0.1349 0.1288 0.0181 0.4492
234 0.7002 0.2273 0.0448 0.0098 0.0170 0.0009
235 0.6763 0.2374 0.0547 0.0125 0.0179 0.0012
236 0.6792 0.2346 0.0549 0.0124 0.0178 0.0012
237 0.6626 0.2399 0.0626 0.0150 0.0185 0.0015
238 0.6626 0.2399 0.0626 0.0150 0.0185 0.0015
