time exciting_prob fearful_prob tense_prob sad_prob relaxing_prob neutral_prob
0 0.6240 0.0576 0.0594 0.1964 0.0381 0.0244
1 0.7285 0.0870 0.0768 0.0727 0.0238 0.0111
2 0.4106 0.3457 0.0304 0.1608 0.0327 0.0198
3 0.1781 0.1523 0.2183 0.3435 0.0910 0.0168
4 0.0085 0.1001 0.5986 0.1074 0.1226 0.0626
5 0.0091 0.0753 0.8750 0.0130 0.0123 0.0153
6 0.0854 0.0725 0.6875 0.0273 0.1006 0.0265
7 0.1008 0.0798 0.6035 0.0335 0.1305 0.0519
8 0.1971 0.0420 0.1660 0.4585 0.1007 0.0356
9 0.4128 0.0653 0.3423 0.1036 0.0409 0.0350
10 0.5229 0.0281 0.3796 0.0388 0.0185 0.0123
11 0.0733 0.0877 0.5723 0.0799 0.1083 0.0787
12 0.1327 0.0941 0.5498 0.0328 0.1161 0.0744
13 0.0768 0.0824 0.5586 0.0553 0.1901 0.0368
14 0.1093 0.0516 0.5376 0.0793 0.1577 0.0642
15 0.1444 0.0544 0.5894 0.0687 0.0667 0.0767
16 0.0850 0.1218 0.4854 0.1002 0.0830 0.1246
17 0.0461 0.1809 0.6118 0.0625 0.0543 0.0443
18 0.1216 0.1958 0.5713 0.0380 0.0389 0.0346
19 0.0156 0.1370 0.7881 0.0346 0.0144 0.0106
20 0.0782 0.0428 0.5918 0.0729 0.0131 0.2013
21 0.1053 0.0765 0.3481 0.1863 0.0271 0.2566
22 0.1265 0.1467 0.5669 0.0430 0.0220 0.0947
23 0.1486 0.1533 0.6016 0.0100 0.0436 0.0429
24 0.3274 0.1970 0.3567 0.0464 0.0353 0.0370
25 0.0517 0.2817 0.5649 0.0306 0.0390 0.0321
26 0.3108 0.1664 0.3208 0.0602 0.0327 0.1091
27 0.3276 0.0345 0.2634 0.2612 0.0376 0.0754
28 0.7290 0.1615 0.0435 0.0516 0.0074 0.0069
29 0.1764 0.1139 0.4871 0.0916 0.0079 0.1232
30 0.1200 0.1210 0.3210 0.1553 0.2424 0.0402
31 0.0743 0.1942 0.5405 0.0579 0.0465 0.0869
32 0.1155 0.3999 0.3474 0.0478 0.0341 0.0554
33 0.1079 0.0498 0.4041 0.1620 0.0235 0.2529
34 0.2438 0.0810 0.5845 0.0338 0.0401 0.0167
35 0.0757 0.1102 0.7705 0.0256 0.0137 0.0043
36 0.0235 0.2028 0.4097 0.2771 0.0140 0.0729
37 0.1093 0.0920 0.2683 0.3904 0.0190 0.1210
38 0.3396 0.0154 0.1735 0.3730 0.0746 0.0238
39 0.2285 0.1233 0.3796 0.1659 0.0601 0.0426
40 0.1393 0.0872 0.3474 0.1707 0.0169 0.2388
41 0.0808 0.3350 0.4951 0.0376 0.0146 0.0367
42 0.0871 0.0705 0.5132 0.0386 0.0328 0.2581
43 0.1854 0.0855 0.3545 0.1742 0.0616 0.1388
44 0.2783 0.1134 0.3777 0.0447 0.1501 0.0357
45 0.2058 0.1788 0.3640 0.1136 0.0572 0.0806
46 0.0649 0.0293 0.1203 0.7144 0.0316 0.0397
47 0.0833 0.0997 0.4756 0.2668 0.0262 0.0482
48 0.3098 0.0923 0.5029 0.0753 0.0133 0.0064
49 0.0705 0.2832 0.4285 0.0492 0.0048 0.1639
50 0.0963 0.0926 0.3931 0.2920 0.0135 0.1126
51 0.0932 0.0910 0.4768 0.1133 0.0315 0.1942
52 0.0490 0.0605 0.1487 0.6875 0.0388 0.0153
53 0.0951 0.1763 0.5962 0.0464 0.0130 0.0729
54 0.3518 0.2101 0.1636 0.0779 0.0476 0.1489
55 0.1437 0.2123 0.4287 0.0562 0.0323 0.1267
56 0.1058 0.2944 0.4890 0.0193 0.0392 0.0524
57 0.0371 0.2964 0.6323 0.0069 0.0066 0.0210
58 0.0990 0.2338 0.3428 0.0514 0.0319 0.2412
59 0.1349 0.1200 0.3965 0.2368 0.0627 0.0489
60 0.2532 0.0939 0.2781 0.2252 0.0487 0.1007
61 0.2581 0.1172 0.2993 0.1774 0.0431 0.1050
62 0.1350 0.1874 0.4822 0.0679 0.0037 0.1238
63 0.2468 0.0586 0.1953 0.3647 0.0771 0.0573
64 0.3315 0.1890 0.2427 0.1068 0.1035 0.0264
65 0.0883 0.0889 0.2893 0.1636 0.0156 0.3545
66 0.1896 0.0671 0.2472 0.2759 0.2050 0.0153
67 0.1407 0.0436 0.3123 0.3826 0.0777 0.0432
68 0.0341 0.0504 0.3066 0.1298 0.0042 0.4749
69 0.1460 0.0729 0.3240 0.3503 0.0482 0.0586
70 0.1212 0.1193 0.1593 0.1462 0.0035 0.4504
71 0.2272 0.1315 0.3777 0.1082 0.0593 0.0962
72 0.1531 0.4001 0.1981 0.1567 0.0372 0.0546
73 0.2211 0.0893 0.3589 0.2372 0.0428 0.0509
74 0.1318 0.0504 0.3188 0.3669 0.0375 0.0942
75 0.4387 0.0242 0.1564 0.3062 0.0540 0.0205
76 0.2284 0.0522 0.0895 0.5835 0.0114 0.0353
77 0.3523 0.1306 0.2384 0.2104 0.0612 0.0069
78 0.0916 0.2112 0.3735 0.1908 0.0137 0.1194
79 0.2235 0.1335 0.1882 0.3357 0.0206 0.0984
80 0.3489 0.1781 0.3435 0.0650 0.0547 0.0099
81 0.3621 0.1879 0.3220 0.0847 0.0145 0.0290
82 0.2644 0.1036 0.3291 0.2262 0.0701 0.0064
83 0.1129 0.3506 0.2666 0.2485 0.0068 0.0146
84 0.1511 0.2433 0.2268 0.1925 0.1633 0.0230
85 0.2310 0.2920 0.2328 0.1469 0.0110 0.0863
86 0.2166 0.1674 0.4111 0.1215 0.0822 0.0013
87 0.3613 0.1788 0.2242 0.2042 0.0181 0.0134
88 0.1505 0.0864 0.6050 0.1084 0.0138 0.0360
89 0.1127 0.3525 0.2443 0.1678 0.1181 0.0043
90 0.1953 0.2374 0.3374 0.1203 0.0209 0.0887
91 0.1503 0.0109 0.0553 0.5762 0.1870 0.0207
92 0.0833 0.0126 0.0292 0.7905 0.0701 0.0144
93 0.2869 0.0968 0.4878 0.0968 0.0280 0.0038
94 0.1185 0.2197 0.1272 0.4370 0.0582 0.0394
95 0.2766 0.1504 0.2991 0.1287 0.1412 0.0040
96 0.3113 0.4390 0.2278 0.0143 0.0069 0.0008
97 0.2250 0.2233 0.3171 0.1476 0.0539 0.0332
98 0.0956 0.2537 0.4890 0.0477 0.0031 0.1108
99 0.2135 0.2656 0.4053 0.0371 0.0232 0.0553
100 0.2556 0.1074 0.2478 0.1901 0.1901 0.0090
101 0.2278 0.2705 0.3936 0.0576 0.0341 0.0166
102 0.0815 0.1312 0.5977 0.0468 0.0052 0.1376
103 0.3250 0.1725 0.4583 0.0213 0.0209 0.0023
104 0.2020 0.3491 0.2202 0.0918 0.0162 0.1207
105 0.2308 0.2290 0.1702 0.3279 0.0325 0.0096
106 0.2498 0.1625 0.3838 0.1189 0.0779 0.0073
107 0.3647 0.1656 0.1722 0.0952 0.1968 0.0055
108 0.3452 0.1655 0.1342 0.1012 0.2448 0.0093
109 0.2289 0.1489 0.6030 0.0083 0.0102 0.0004
110 0.2311 0.4023 0.3159 0.0139 0.0354 0.0014
111 0.1350 0.1860 0.6196 0.0355 0.0161 0.0080
112 0.1559 0.1385 0.3623 0.2590 0.0243 0.0601
113 0.2766 0.0470 0.4089 0.2089 0.0336 0.0251
114 0.3127 0.2654 0.2783 0.1024 0.0335 0.0077
115 0.2323 0.2067 0.4585 0.0737 0.0221 0.0069
116 0.0705 0.4634 0.3901 0.0622 0.0095 0.0044
117 0.0652 0.2517 0.3335 0.1412 0.1991 0.0092
118 0.0833 0.0795 0.3616 0.3191 0.1052 0.0513
119 0.2411 0.2732 0.3733 0.0347 0.0770 0.0006
120 0.1415 0.2686 0.4861 0.0972 0.0049 0.0018
121 0.2268 0.3406 0.3799 0.0464 0.0059 0.0003
122 0.3381 0.2494 0.2289 0.0842 0.0703 0.0291
123 0.2262 0.1382 0.3877 0.1616 0.0240 0.0623
124 0.2103 0.5122 0.1379 0.1236 0.0126 0.0032
125 0.2148 0.2435 0.3625 0.1597 0.0168 0.0025
126 0.3564 0.1311 0.2469 0.2179 0.0406 0.0070
127 0.0394 0.0394 0.8169 0.0822 0.0112 0.0111
128 0.1620 0.1262 0.6211 0.0783 0.0081 0.0044
129 0.2964 0.1179 0.2742 0.2659 0.0341 0.0115
130 0.1870 0.1757 0.3440 0.2478 0.0383 0.0071
131 0.2629 0.1252 0.5522 0.0410 0.0140 0.0045
132 0.2220 0.1025 0.5581 0.0602 0.0548 0.0023
133 0.1345 0.1782 0.4480 0.2184 0.0145 0.0063
134 0.1689 0.0970 0.6577 0.0327 0.0234 0.0200
135 0.2126 0.1212 0.3645 0.2666 0.0101 0.0250
136 0.3389 0.2556 0.1576 0.1799 0.0662 0.0018
137 0.3862 0.1313 0.1294 0.2961 0.0447 0.0122
138 0.2247 0.1722 0.4067 0.1644 0.0288 0.0031
139 0.1541 0.1010 0.5420 0.1577 0.0349 0.0106
140 0.1234 0.1098 0.7563 0.0079 0.0017 0.0010
141 0.2241 0.3064 0.3843 0.0508 0.0325 0.0020
142 0.2316 0.2280 0.2793 0.2043 0.0525 0.0041
143 0.0750 0.2238 0.4663 0.0293 0.2037 0.0019
144 0.1020 0.4753 0.2927 0.0900 0.0347 0.0051
145 0.0636 0.1125 0.4885 0.0437 0.2827 0.0088
146 0.2786 0.4592 0.1265 0.0773 0.0544 0.0040
147 0.1057 0.1236 0.6787 0.0282 0.0536 0.0104
148 0.1808 0.2018 0.3799 0.1534 0.0719 0.0122
149 0.0462 0.0230 0.1914 0.7222 0.0115 0.0057
150 0.1870 0.0310 0.5581 0.1899 0.0310 0.0029
151 0.3613 0.1229 0.1309 0.3042 0.0793 0.0015
152 0.1053 0.1862 0.6348 0.0246 0.0288 0.0204
153 0.0712 0.0951 0.6650 0.1270 0.0336 0.0081
154 0.3140 0.3818 0.1616 0.1120 0.0285 0.0019
155 0.2156 0.1746 0.2812 0.1963 0.1042 0.0283
156 0.1821 0.2910 0.2842 0.2249 0.0062 0.0116
157 0.0875 0.3682 0.2825 0.1442 0.0491 0.0687
158 0.1157 0.1332 0.1737 0.4299 0.0783 0.0691
159 0.1685 0.1559 0.1105 0.0514 0.4270 0.0867
160 0.3792 0.1270 0.2373 0.1373 0.1138 0.0055
161 0.1254 0.0531 0.2234 0.4956 0.0216 0.0809
162 0.1956 0.1398 0.3125 0.1454 0.0784 0.1283
163 0.0986 0.1246 0.2054 0.4280 0.0667 0.0767
164 0.0773 0.1107 0.2456 0.4448 0.0354 0.0862
165 0.0772 0.0946 0.3152 0.4443 0.0359 0.0327
166 0.0850 0.2598 0.2639 0.1799 0.0343 0.1771
167 0.1236 0.0823 0.1975 0.4521 0.1009 0.0434
168 0.4055 0.2072 0.2172 0.0492 0.0963 0.0246
169 0.2385 0.1992 0.2854 0.1127 0.1237 0.0405
170 0.0616 0.4880 0.1635 0.2416 0.0200 0.0253
171 0.0318 0.1963 0.1993 0.3667 0.0942 0.1118
172 0.1562 0.3691 0.2722 0.0762 0.0667 0.0598
173 0.1384 0.3481 0.2507 0.1148 0.1428 0.0049
174 0.1398 0.0953 0.7100 0.0447 0.0097 0.0008
175 0.0714 0.1909 0.5884 0.0681 0.0697 0.0117
176 0.3196 0.0629 0.3401 0.1176 0.1510 0.0088
177 0.1149 0.0385 0.2357 0.5654 0.0319 0.0137
178 0.3552 0.1338 0.2598 0.1962 0.0469 0.0083
179 0.3647 0.2145 0.1820 0.1833 0.0517 0.0037
180 0.2825 0.1597 0.4805 0.0413 0.0351 0.0009
181 0.1865 0.1132 0.2250 0.3828 0.0841 0.0085
182 0.1394 0.0936 0.5098 0.2092 0.0281 0.0198
183 0.1544 0.1232 0.3374 0.3347 0.0309 0.0193
184 0.3118 0.0206 0.0144 0.6299 0.0202 0.0034
185 0.1501 0.1388 0.0726 0.6172 0.0195 0.0017
186 0.4639 0.1448 0.1774 0.1471 0.0572 0.0098
187 0.0698 0.1898 0.6323 0.0726 0.0134 0.0221
188 0.3640 0.0851 0.1101 0.3640 0.0652 0.0117
189 0.2180 0.2163 0.2147 0.2778 0.0660 0.0072
190 0.2693 0.0771 0.2866 0.3147 0.0483 0.0041
191 0.4014 0.1055 0.1536 0.2915 0.0314 0.0166
192 0.3569 0.0861 0.3274 0.1387 0.0778 0.0131
193 0.4519 0.1326 0.2515 0.0709 0.0862 0.0071
194 0.7305 0.0542 0.0339 0.1472 0.0311 0.0034
195 0.0889 0.2917 0.4377 0.1284 0.0507 0.0025
196 0.2637 0.2239 0.2920 0.0289 0.1033 0.0883
197 0.2028 0.1890 0.5176 0.0445 0.0361 0.0100
198 0.2700 0.1199 0.3838 0.1625 0.0580 0.0057
199 0.4309 0.0947 0.3572 0.0767 0.0388 0.0016
200 0.2490 0.1088 0.5522 0.0610 0.0204 0.0085
201 0.2258 0.1436 0.3638 0.1962 0.0187 0.0520
202 0.6313 0.1511 0.1398 0.0611 0.0135 0.0029
203 0.2673 0.1511 0.1409 0.4109 0.0223 0.0075
204 0.5488 0.0910 0.0407 0.3054 0.0137 0.0005
205 0.7871 0.0431 0.0160 0.1445 0.0091 0.0001
206 0.4663 0.1057 0.0110 0.4114 0.0047 0.0009
207 0.5674 0.0733 0.0496 0.2991 0.0097 0.0010
208 0.4915 0.0450 0.1711 0.2756 0.0150 0.0016
209 0.2815 0.0258 0.2333 0.4031 0.0449 0.0116
210 0.3015 0.3472 0.2189 0.0678 0.0571 0.0076
211 0.2494 0.0527 0.2615 0.3687 0.0661 0.0017
212 0.1996 0.1460 0.3669 0.2483 0.0166 0.0226
213 0.1456 0.2087 0.3928 0.1758 0.0113 0.0657
214 0.2223 0.0603 0.2137 0.4316 0.0405 0.0315
215 0.3804 0.1040 0.2917 0.1974 0.0188 0.0079
216 0.2522 0.2900 0.2622 0.1505 0.0262 0.0190
217 0.1365 0.4915 0.2250 0.0759 0.0026 0.0686
218 0.1588 0.2639 0.3311 0.1539 0.0366 0.0558
219 0.2426 0.1110 0.3018 0.2971 0.0387 0.0087
220 0.3911 0.1061 0.1617 0.2952 0.0432 0.0028
221 0.4082 0.1783 0.1501 0.2290 0.0325 0.0019
222 0.4126 0.1616 0.2705 0.1077 0.0463 0.0012
223 0.2194 0.0826 0.4194 0.2466 0.0285 0.0033
224 0.0983 0.3098 0.4761 0.0629 0.0067 0.0461
225 0.3230 0.2085 0.3804 0.0354 0.0491 0.0036
226 0.1016 0.0911 0.6997 0.0755 0.0205 0.0118
227 0.2144 0.0439 0.0989 0.5781 0.0643 0.0004
228 0.2979 0.0400 0.2319 0.3621 0.0595 0.0089
229 0.0682 0.1106 0.7739 0.0106 0.0332 0.0035
230 0.1927 0.0465 0.2289 0.4482 0.0519 0.0317
231 0.1184 0.1384 0.5435 0.1683 0.0204 0.0111
232 0.2172 0.1100 0.5947 0.0594 0.0035 0.0152
233 0.0621 0.4375 0.4309 0.0621 0.0039 0.0036
234 0.3464 0.0773 0.3896 0.1637 0.0163 0.0064
235 0.5425 0.0339 0.1693 0.2058 0.0474 0.0011
236 0.8872 0.0022 0.0194 0.0717 0.0183 0.0013
237 0.3665 0.0205 0.0257 0.5674 0.0128 0.0070
238 0.4578 0.0218 0.0356 0.4651 0.0152 0.0046
239 0.6196 0.0109 0.0277 0.3118 0.0229 0.0070
240 0.6035 0.0181 0.0404 0.3130 0.0210 0.0043
241 0.6143 0.0140 0.0390 0.3042 0.0231 0.0055
242 0.7759 0.0033 0.0131 0.1639 0.0411 0.0027
