time exciting_prob fearful_prob tense_prob sad_prob relaxing_prob neutral_prob
0 0.1002 0.1266 0.0870 0.2054 0.0249 0.4558
1 0.2163 0.5439 0.1158 0.0742 0.0446 0.0052
2 0.1625 0.5806 0.1306 0.0667 0.0548 0.0049
3 0.1995 0.5957 0.1219 0.0399 0.0390 0.0041
4 0.1526 0.6733 0.1001 0.0296 0.0392 0.0050
5 0.2085 0.4885 0.1143 0.1073 0.0698 0.0117
6 0.2198 0.5356 0.0895 0.0502 0.1006 0.0042
7 0.2269 0.5659 0.1080 0.0273 0.0692 0.0023
8 0.2129 0.5029 0.1322 0.0482 0.0990 0.0047
9 0.2693 0.4583 0.1272 0.0578 0.0828 0.0047
10 0.2676 0.3628 0.1284 0.0977 0.1345 0.0090
11 0.2676 0.4146 0.1169 0.0755 0.1207 0.0046
12 0.2715 0.5073 0.1214 0.0257 0.0714 0.0029
13 0.2585 0.4756 0.1270 0.0551 0.0795 0.0043
14 0.2380 0.5117 0.1188 0.0414 0.0876 0.0025
15 0.2212 0.2930 0.1373 0.2046 0.1290 0.0148
16 0.1722 0.3882 0.1417 0.0302 0.2627 0.0050
17 0.1637 0.4246 0.1974 0.0383 0.1663 0.0101
18 0.1975 0.3550 0.2070 0.0598 0.1771 0.0035
19 0.1655 0.3789 0.2996 0.0264 0.1249 0.0048
20 0.2605 0.1848 0.2688 0.0334 0.2487 0.0036
21 0.1169 0.4846 0.2020 0.0388 0.1466 0.0110
22 0.0263 0.0646 0.0588 0.3955 0.3833 0.0715
23 0.0286 0.1353 0.0464 0.0866 0.6865 0.0165
24 0.0881 0.0895 0.4204 0.3430 0.0188 0.0403
25 0.0614 0.0814 0.6108 0.1619 0.0126 0.0718
26 0.0260 0.3452 0.1473 0.1271 0.3245 0.0299
27 0.0394 0.1908 0.3374 0.2668 0.1395 0.0258
28 0.0827 0.3271 0.2588 0.1148 0.1820 0.0347
29 0.0710 0.5244 0.2273 0.0575 0.0890 0.0310
30 0.1473 0.3193 0.3193 0.0381 0.1669 0.0091
31 0.0483 0.0535 0.0305 0.7266 0.1080 0.0332
32 0.1566 0.1448 0.1995 0.2369 0.2026 0.0594
33 0.1515 0.2310 0.1991 0.1842 0.1842 0.0500
34 0.1602 0.2991 0.1871 0.1135 0.2366 0.0035
35 0.2458 0.1074 0.1295 0.1945 0.2830 0.0398
36 0.2568 0.2197 0.0983 0.1113 0.3003 0.0134
37 0.2817 0.1791 0.1270 0.0464 0.3562 0.0097
38 0.0301 0.4863 0.2524 0.1655 0.0618 0.0038
39 0.0956 0.1978 0.0496 0.1034 0.5503 0.0034
40 0.3545 0.2100 0.1225 0.1187 0.1882 0.0060
41 0.2842 0.2162 0.1619 0.0542 0.2798 0.0038
42 0.2654 0.4307 0.1809 0.0189 0.0969 0.0074
43 0.3206 0.3081 0.1649 0.0133 0.1826 0.0104
44 0.2429 0.3425 0.1520 0.0171 0.2391 0.0063
45 0.2700 0.3577 0.1161 0.0253 0.2239 0.0069
46 0.2598 0.2898 0.1758 0.0349 0.2347 0.0048
47 0.0724 0.4365 0.1606 0.2128 0.0937 0.0241
48 0.1855 0.4775 0.1492 0.0229 0.1600 0.0048
49 0.1241 0.2281 0.3022 0.1952 0.0513 0.0989
50 0.2539 0.1918 0.1349 0.0837 0.3186 0.0170
51 0.2128 0.1045 0.0859 0.1791 0.3914 0.0264
52 0.1730 0.4282 0.0744 0.2186 0.0955 0.0102
53 0.2474 0.0969 0.1500 0.4480 0.0286 0.0289
54 0.1416 0.0231 0.1052 0.5732 0.0344 0.1221
55 0.1979 0.2090 0.1760 0.1371 0.2642 0.0160
56 0.0552 0.2437 0.4482 0.2362 0.0083 0.0085
57 0.2820 0.3708 0.1851 0.0138 0.1407 0.0075
58 0.3027 0.3887 0.1779 0.0132 0.1079 0.0097
59 0.0642 0.1075 0.2207 0.4819 0.1059 0.0196
60 0.3577 0.3257 0.2220 0.0285 0.0528 0.0133
61 0.1182 0.3699 0.3264 0.1591 0.0172 0.0093
62 0.3030 0.1387 0.1334 0.0342 0.3711 0.0197
63 0.2925 0.1720 0.2261 0.0825 0.2157 0.0111
64 0.3557 0.1788 0.2727 0.1110 0.0723 0.0097
65 0.0559 0.1721 0.4260 0.2839 0.0192 0.0428
66 0.0916 0.1213 0.2957 0.4302 0.0342 0.0271
67 0.0908 0.0334 0.2213 0.5225 0.0518 0.0801
68 0.0478 0.1044 0.5474 0.1749 0.0764 0.0493
69 0.0829 0.6729 0.1526 0.0491 0.0267 0.0157
70 0.2169 0.4521 0.2007 0.0632 0.0626 0.0044
71 0.0660 0.1385 0.6211 0.1301 0.0314 0.0129
72 0.0551 0.1362 0.2505 0.3218 0.2144 0.0221
73 0.1227 0.1306 0.2725 0.4353 0.0200 0.0190
74 0.1255 0.4082 0.2151 0.0715 0.1663 0.0134
75 0.0979 0.0979 0.5088 0.2480 0.0389 0.0084
76 0.2925 0.5425 0.1288 0.0107 0.0227 0.0030
77 0.0885 0.3584 0.2463 0.2278 0.0723 0.0067
78 0.0718 0.1643 0.2585 0.4397 0.0390 0.0268
79 0.2502 0.3240 0.2644 0.0140 0.1415 0.0060
80 0.0756 0.1033 0.3604 0.4148 0.0223 0.0236
81 0.0786 0.1946 0.5205 0.1716 0.0282 0.0064
82 0.1371 0.1128 0.1578 0.1329 0.3474 0.1119
83 0.2036 0.1884 0.2720 0.2135 0.1107 0.0119
84 0.0960 0.2490 0.5029 0.1194 0.0241 0.0086
85 0.1592 0.4644 0.1643 0.0478 0.1605 0.0039
86 0.1403 0.0864 0.0949 0.5908 0.0549 0.0328
87 0.1322 0.2546 0.4265 0.1671 0.0129 0.0065
88 0.3784 0.2705 0.1076 0.0706 0.1615 0.0113
89 0.0710 0.2205 0.6582 0.0315 0.0156 0.0034
90 0.0953 0.2959 0.4443 0.0841 0.0737 0.0066
91 0.2258 0.1002 0.3337 0.1902 0.0110 0.1392
92 0.0410 0.2964 0.1008 0.0220 0.5366 0.0034
93 0.0313 0.1383 0.0478 0.0568 0.7134 0.0122
94 0.0201 0.2108 0.1404 0.4258 0.1720 0.0309
95 0.1598 0.2344 0.1179 0.1444 0.2101 0.1335
96 0.1196 0.2271 0.2003 0.0869 0.3516 0.0146
97 0.2477 0.5581 0.1008 0.0476 0.0320 0.0138
98 0.0590 0.0545 0.1964 0.6143 0.0236 0.0520
99 0.2979 0.2079 0.4133 0.0615 0.0157 0.0037
100 0.3433 0.1312 0.3540 0.1398 0.0225 0.0092
101 0.3235 0.1815 0.3235 0.1425 0.0144 0.0145
102 0.0426 0.2395 0.6211 0.0208 0.0119 0.0640
103 0.0839 0.1309 0.7241 0.0372 0.0161 0.0077
104 0.1500 0.0809 0.1334 0.1454 0.4080 0.0822
105 0.2448 0.1749 0.3218 0.0573 0.1722 0.0290
106 0.1838 0.1754 0.4241 0.0803 0.0809 0.0552
107 0.2079 0.2450 0.2690 0.0250 0.2249 0.0281
108 0.1768 0.0931 0.2913 0.3860 0.0101 0.0426
109 0.2761 0.2306 0.2781 0.1244 0.0511 0.0398
110 0.2340 0.3484 0.1865 0.0610 0.1243 0.0457
111 0.1272 0.0796 0.0587 0.0167 0.7148 0.0031
112 0.2371 0.1331 0.5098 0.1077 0.0049 0.0075
113 0.2712 0.1779 0.0930 0.1029 0.3401 0.0151
114 0.3003 0.2489 0.1054 0.0307 0.3049 0.0098
115 0.3286 0.0898 0.3186 0.2405 0.0122 0.0104
116 0.1703 0.1445 0.4451 0.2023 0.0242 0.0137
117 0.3630 0.3384 0.1514 0.0118 0.1274 0.0081
118 0.1338 0.0402 0.4321 0.2834 0.0378 0.0728
119 0.2554 0.1714 0.1958 0.0671 0.2849 0.0255
120 0.1699 0.3054 0.1754 0.0895 0.2532 0.0065
121 0.1919 0.4062 0.2333 0.0452 0.1119 0.0116
122 0.1270 0.3240 0.2012 0.1721 0.1721 0.0036
123 0.0530 0.5615 0.2651 0.0703 0.0490 0.0012
124 0.1054 0.1440 0.2568 0.4436 0.0193 0.0307
125 0.3101 0.3379 0.1243 0.0291 0.1794 0.0194
126 0.0679 0.6602 0.1722 0.0169 0.0826 0.0003
127 0.2220 0.1716 0.1663 0.0243 0.3958 0.0199
128 0.1378 0.2345 0.3896 0.0693 0.1335 0.0351
129 0.3884 0.2507 0.1139 0.0219 0.2162 0.0089
130 0.2168 0.3521 0.2102 0.1742 0.0317 0.0150
131 0.1448 0.5293 0.1553 0.1172 0.0474 0.0060
132 0.1588 0.3308 0.3721 0.0405 0.0811 0.0167
133 0.0616 0.2152 0.5537 0.0536 0.0437 0.0721
134 0.4585 0.0903 0.2673 0.1224 0.0340 0.0273
135 0.2610 0.1418 0.1158 0.2588 0.2113 0.0112
136 0.2715 0.2433 0.0802 0.0902 0.3052 0.0097
137 0.1764 0.1893 0.1364 0.0254 0.4648 0.0078
138 0.1893 0.1954 0.5439 0.0254 0.0406 0.0055
139 0.0887 0.2954 0.3855 0.0295 0.1938 0.0071
140 0.2961 0.1432 0.2474 0.0123 0.2893 0.0118
141 0.4626 0.0925 0.0715 0.0291 0.3359 0.0083
142 0.5293 0.1425 0.2705 0.0313 0.0224 0.0039
143 0.6445 0.2428 0.0654 0.0093 0.0347 0.0033
144 0.0849 0.6270 0.1274 0.0903 0.0693 0.0009
145 0.3879 0.2158 0.0653 0.1951 0.1279 0.0081
146 0.2056 0.2223 0.1731 0.0306 0.3638 0.0048
147 0.1515 0.3416 0.0850 0.1161 0.2991 0.0069
148 0.1283 0.1548 0.4143 0.2593 0.0120 0.0314
149 0.2435 0.3860 0.0896 0.0157 0.2612 0.0039
150 0.2325 0.1825 0.1107 0.0089 0.4553 0.0101
151 0.3301 0.1837 0.1132 0.0367 0.3250 0.0112
152 0.6021 0.1453 0.0450 0.0433 0.1571 0.0073
153 0.3494 0.3384 0.1854 0.0194 0.1057 0.0017
154 0.1003 0.1919 0.2426 0.2749 0.1803 0.0102
155 0.1025 0.4282 0.2007 0.0205 0.2365 0.0116
156 0.0248 0.1979 0.0272 0.0125 0.7349 0.0026
157 0.0310 0.2366 0.1287 0.4634 0.1237 0.0167
158 0.2124 0.1268 0.1077 0.0428 0.4863 0.0240
159 0.2979 0.4724 0.0569 0.0152 0.1533 0.0043
160 0.1532 0.2710 0.2336 0.1395 0.1937 0.0089
161 0.1020 0.0306 0.2563 0.2263 0.0056 0.3789
162 0.3167 0.1936 0.0746 0.1331 0.2773 0.0049
163 0.2057 0.0768 0.0668 0.0739 0.5508 0.0262
164 0.0583 0.0822 0.1794 0.6074 0.0457 0.0271
165 0.3394 0.1483 0.2815 0.0304 0.1788 0.0215
166 0.4404 0.1167 0.3540 0.0324 0.0443 0.0121
167 0.3394 0.0800 0.5093 0.0201 0.0418 0.0094
168 0.3252 0.0392 0.4243 0.1512 0.0114 0.0487
169 0.0294 0.5337 0.2124 0.0757 0.1393 0.0093
170 0.2017 0.1865 0.0938 0.0719 0.4270 0.0192
171 0.0251 0.0244 0.0408 0.6377 0.0549 0.2170
172 0.1224 0.3799 0.1726 0.1647 0.1344 0.0259
173 0.1002 0.0877 0.4153 0.0161 0.3723 0.0086
174 0.0873 0.1096 0.1750 0.0164 0.6016 0.0099
175 0.0862 0.1116 0.1207 0.0113 0.6675 0.0026
176 0.0798 0.1625 0.4021 0.0177 0.3335 0.0045
177 0.1051 0.2444 0.2993 0.0127 0.3340 0.0045
178 0.1556 0.2954 0.1231 0.0204 0.4036 0.0018
179 0.0978 0.5630 0.2421 0.0500 0.0441 0.0032
180 0.0813 0.3318 0.4395 0.1077 0.0083 0.0316
181 0.3257 0.1276 0.3806 0.0427 0.1152 0.0083
182 0.4170 0.0888 0.3918 0.0273 0.0714 0.0038
183 0.2058 0.0638 0.2157 0.2686 0.1173 0.1288
184 0.4736 0.0732 0.1855 0.1400 0.0544 0.0732
185 0.1051 0.1680 0.5771 0.0497 0.0769 0.0231
186 0.4924 0.1335 0.1411 0.0220 0.2052 0.0057
187 0.0315 0.0904 0.1689 0.5713 0.0515 0.0862
188 0.1910 0.0197 0.0945 0.5112 0.0660 0.1177
189 0.6792 0.1786 0.0448 0.0234 0.0705 0.0037
190 0.1870 0.4280 0.1899 0.0308 0.1575 0.0070
191 0.6040 0.1306 0.1436 0.0694 0.0344 0.0180
192 0.2192 0.3240 0.1495 0.0669 0.2299 0.0104
193 0.0952 0.2178 0.2842 0.2247 0.1497 0.0286
194 0.2515 0.1898 0.3081 0.0656 0.0303 0.1549
195 0.3438 0.1549 0.2986 0.0351 0.1197 0.0480
196 0.3962 0.1337 0.3086 0.0683 0.0287 0.0646
197 0.1522 0.2756 0.4407 0.0841 0.0152 0.0322
198 0.1180 0.2639 0.5010 0.0688 0.0251 0.0234
199 0.2795 0.0415 0.4397 0.1183 0.0235 0.0974
200 0.2139 0.1317 0.1858 0.2173 0.0306 0.2207
201 0.2913 0.1464 0.4727 0.0312 0.0084 0.0502
202 0.2812 0.0204 0.2058 0.2333 0.0689 0.1903
203 0.2341 0.2416 0.1713 0.0961 0.2341 0.0226
204 0.1179 0.0890 0.3689 0.3989 0.0068 0.0184
205 0.0688 0.4319 0.2073 0.1034 0.1772 0.0113
206 0.1503 0.0234 0.1065 0.4700 0.1065 0.1433
207 0.2300 0.0326 0.1683 0.1683 0.0446 0.3562
208 0.2898 0.1992 0.2257 0.1256 0.0733 0.0864
209 0.0540 0.2922 0.5459 0.0580 0.0220 0.0280
210 0.1163 0.0837 0.2922 0.2832 0.0500 0.1746
211 0.1868 0.2252 0.4768 0.0499 0.0223 0.0391
212 0.1998 0.0974 0.3850 0.1395 0.0250 0.1532
213 0.0463 0.1146 0.4534 0.0449 0.2141 0.1268
214 0.0588 0.1236 0.3989 0.0287 0.3206 0.0693
215 0.0384 0.0936 0.4326 0.0181 0.3423 0.0752
216 0.0492 0.1516 0.2206 0.0095 0.5127 0.0562
217 0.0936 0.1361 0.3345 0.0973 0.2194 0.1193
218 0.2849 0.4485 0.1357 0.0140 0.1008 0.0161
219 0.2761 0.3203 0.1410 0.0257 0.2307 0.0062
220 0.1644 0.0789 0.0464 0.2976 0.3823 0.0304
221 0.1903 0.2260 0.0800 0.2769 0.1746 0.0524
222 0.0490 0.1114 0.1262 0.1262 0.5483 0.0391
223 0.0358 0.0944 0.1631 0.3193 0.3618 0.0258
224 0.0341 0.0378 0.0459 0.1340 0.7241 0.0238
225 0.0278 0.0781 0.0745 0.1436 0.6538 0.0222
