time exciting_prob fearful_prob tense_prob sad_prob relaxing_prob neutral_prob
0 0.1136 0.1553 0.1349 0.1288 0.0181 0.4492
1 0.9282 0.0077 0.0052 0.0330 0.0236 0.0025
2 0.9331 0.0061 0.0047 0.0273 0.0265 0.0021
3 0.4668 0.1401 0.0141 0.0143 0.3635 0.0012
4 0.0834 0.2319 0.0649 0.0665 0.5435 0.0097
5 0.0254 0.0609 0.1201 0.1183 0.0052 0.6699
6 0.0267 0.2832 0.4121 0.0194 0.0164 0.2422
7 0.1089 0.3032 0.0503 0.0651 0.4587 0.0136
8 0.1226 0.3928 0.0667 0.1134 0.3010 0.0034
9 0.0538 0.2372 0.1373 0.0974 0.3022 0.1722
10 0.0696 0.3142 0.1749 0.0807 0.1461 0.2144
11 0.1837 0.2002 0.1365 0.2937 0.0737 0.1123
12 0.3330 0.2534 0.1356 0.2134 0.0570 0.0074
13 0.4373 0.3274 0.0592 0.1080 0.0440 0.0241
14 0.4722 0.1779 0.0443 0.1013 0.1185 0.0860
15 0.3311 0.3608 0.0774 0.1208 0.0603 0.0496
16 0.0360 0.2010 0.3262 0.4255 0.0020 0.0091
17 0.1799 0.0532 0.2832 0.3469 0.1208 0.0160
18 0.0240 0.3269 0.2976 0.2710 0.0290 0.0517
19 0.2145 0.1710 0.2095 0.2488 0.1096 0.0468
20 0.2332 0.1591 0.2561 0.2313 0.0580 0.0623
21 0.6714 0.0262 0.0070 0.2629 0.0182 0.0143
22 0.2593 0.1431 0.0882 0.1398 0.3406 0.0291
23 0.2065 0.4109 0.1956 0.1465 0.0172 0.0232
24 0.3772 0.2288 0.0977 0.1957 0.0862 0.0144
25 0.0306 0.2480 0.2856 0.3904 0.0147 0.0308
26 0.1705 0.1059 0.1019 0.4565 0.1414 0.0238
27 0.3567 0.0777 0.1054 0.2451 0.1909 0.0243
28 0.1652 0.3362 0.1901 0.2311 0.0584 0.0190
29 0.0143 0.1693 0.1919 0.4324 0.0202 0.1720
30 0.3401 0.2450 0.0582 0.1251 0.2284 0.0033
31 0.1521 0.0686 0.2196 0.3123 0.2302 0.0172
32 0.0604 0.3560 0.2280 0.0648 0.1279 0.1630
33 0.0231 0.2529 0.4302 0.1908 0.0624 0.0406
34 0.1479 0.0963 0.2556 0.2556 0.0242 0.2203
35 0.1868 0.0932 0.1989 0.4412 0.0640 0.0162
36 0.2482 0.1371 0.2812 0.2769 0.0191 0.0378
37 0.0961 0.1880 0.0961 0.3682 0.0737 0.1781
38 0.0557 0.0602 0.4214 0.2988 0.0584 0.1057
39 0.0412 0.1439 0.4832 0.0937 0.2111 0.0268
40 0.1782 0.1714 0.4209 0.1124 0.0896 0.0275
41 0.0739 0.0688 0.1915 0.4524 0.0064 0.2072
42 0.1412 0.0272 0.4629 0.3232 0.0190 0.0265
43 0.0791 0.0395 0.0548 0.7861 0.0100 0.0305
44 0.2603 0.0422 0.3091 0.2903 0.0521 0.0460
45 0.5752 0.0110 0.0703 0.3176 0.0164 0.0096
46 0.1782 0.1700 0.3774 0.1410 0.1169 0.0163
47 0.0993 0.2517 0.2852 0.3035 0.0437 0.0165
48 0.1375 0.2488 0.2507 0.2213 0.0538 0.0880
49 0.1434 0.1390 0.2422 0.3750 0.0934 0.0068
50 0.0617 0.1550 0.2576 0.4248 0.0089 0.0919
51 0.0237 0.4138 0.2147 0.3076 0.0213 0.0188
52 0.0213 0.1276 0.2499 0.0727 0.0159 0.5127
53 0.0457 0.0592 0.4478 0.1443 0.0140 0.2891
54 0.1014 0.3542 0.1837 0.2491 0.0312 0.0803
55 0.0737 0.0889 0.3176 0.4275 0.0855 0.0068
56 0.0379 0.0419 0.2231 0.6558 0.0309 0.0101
57 0.0914 0.1707 0.4094 0.1904 0.1164 0.0217
58 0.1619 0.1301 0.3000 0.3794 0.0262 0.0022
59 0.2581 0.2313 0.1127 0.3726 0.0246 0.0006
60 0.0117 0.7925 0.1584 0.0356 0.0014 0.0005
61 0.0870 0.0637 0.3135 0.4561 0.0291 0.0508
62 0.0573 0.2000 0.4102 0.2128 0.0246 0.0952
63 0.3740 0.3740 0.2233 0.0085 0.0201 0.0001
64 0.0418 0.2603 0.4160 0.2771 0.0015 0.0033
65 0.0126 0.7061 0.2328 0.0374 0.0003 0.0108
66 0.4016 0.2068 0.1089 0.2117 0.0377 0.0332
67 0.2612 0.1768 0.4238 0.1039 0.0269 0.0075
68 0.2769 0.1060 0.3501 0.1934 0.0449 0.0287
69 0.1051 0.2705 0.1136 0.2834 0.0892 0.1382
70 0.0123 0.1603 0.1102 0.1437 0.0988 0.4749
71 0.0356 0.2803 0.2217 0.1686 0.1956 0.0983
72 0.0128 0.0897 0.2399 0.3657 0.1345 0.1573
73 0.0614 0.1532 0.4297 0.2300 0.1121 0.0135
74 0.0700 0.1874 0.3557 0.3042 0.0652 0.0176
75 0.0205 0.1886 0.5903 0.1829 0.0052 0.0126
76 0.3958 0.1378 0.1107 0.2986 0.0462 0.0109
77 0.2937 0.1699 0.1597 0.1273 0.2305 0.0191
78 0.0602 0.1304 0.1313 0.3433 0.0611 0.2737
79 0.1836 0.0931 0.1122 0.4438 0.0625 0.1046
80 0.3140 0.1052 0.4639 0.0906 0.0070 0.0193
81 0.0623 0.1270 0.2729 0.3291 0.0058 0.2029
82 0.1091 0.1152 0.2006 0.4666 0.0817 0.0269
83 0.1204 0.1062 0.3003 0.3508 0.0967 0.0256
84 0.0668 0.1519 0.5913 0.1146 0.0199 0.0554
85 0.0483 0.3174 0.2981 0.2590 0.0522 0.0249
86 0.1033 0.1945 0.2617 0.2291 0.1689 0.0427
87 0.1019 0.2191 0.3289 0.1371 0.1666 0.0463
88 0.1017 0.3181 0.2186 0.2598 0.0421 0.0598
89 0.4836 0.2842 0.0564 0.0522 0.1079 0.0157
90 0.2034 0.2512 0.1609 0.2340 0.0583 0.0923
91 0.0844 0.2808 0.2023 0.0346 0.3838 0.0141
92 0.1417 0.1658 0.4436 0.2095 0.0206 0.0189
93 0.0751 0.0478 0.0717 0.0381 0.0143 0.7529
94 0.0035 0.4758 0.0126 0.5068 0.0011 0.0003
95 0.1200 0.1119 0.1328 0.5293 0.0283 0.0775
96 0.0338 0.7861 0.0698 0.0495 0.0075 0.0531
97 0.1475 0.4041 0.1895 0.1698 0.0345 0.0547
98 0.1035 0.0618 0.2295 0.4221 0.0301 0.1530
99 0.3118 0.0415 0.2927 0.3118 0.0064 0.0358
100 0.0889 0.6470 0.1549 0.0491 0.0483 0.0118
101 0.1227 0.5044 0.1117 0.0484 0.2086 0.0040
102 0.0259 0.0523 0.1754 0.2893 0.0021 0.4551
103 0.0221 0.1335 0.2101 0.1197 0.0025 0.5117
104 0.2493 0.1740 0.3569 0.1809 0.0063 0.0324
105 0.3479 0.0922 0.3218 0.1722 0.0314 0.0345
106 0.2018 0.1896 0.0436 0.4141 0.0676 0.0834
107 0.0828 0.1824 0.1313 0.4443 0.0150 0.1443
108 0.1689 0.3157 0.2678 0.1638 0.0360 0.0477
109 0.0065 0.0385 0.1848 0.0718 0.0009 0.6973
110 0.0124 0.2271 0.4805 0.0423 0.0035 0.2343
111 0.1600 0.2766 0.4150 0.1074 0.0366 0.0044
112 0.2039 0.4282 0.2478 0.0721 0.0392 0.0087
113 0.0340 0.3049 0.1176 0.1176 0.0522 0.3738
114 0.0671 0.3076 0.0423 0.1699 0.2632 0.1499
115 0.0844 0.1962 0.0424 0.5503 0.0745 0.0524
116 0.0514 0.6460 0.0491 0.0945 0.1097 0.0491
117 0.0215 0.1190 0.4153 0.2517 0.0054 0.1871
118 0.0529 0.3450 0.2729 0.2408 0.0058 0.0826
119 0.0194 0.0926 0.0985 0.4280 0.0067 0.3547
120 0.0363 0.3262 0.1145 0.2791 0.1447 0.0995
121 0.0212 0.1667 0.2333 0.0787 0.0061 0.4939
122 0.0918 0.5283 0.1898 0.1099 0.0631 0.0172
123 0.0690 0.1603 0.2091 0.4639 0.0899 0.0079
124 0.0484 0.6729 0.1455 0.1124 0.0191 0.0017
125 0.0963 0.0575 0.6177 0.1587 0.0434 0.0265
126 0.0743 0.1702 0.6943 0.0503 0.0099 0.0012
127 0.0324 0.1321 0.6401 0.1013 0.0577 0.0364
128 0.0588 0.5894 0.1152 0.0709 0.1188 0.0469
129 0.0562 0.6235 0.0912 0.0363 0.1493 0.0434
130 0.3455 0.2319 0.0209 0.1261 0.2301 0.0453
131 0.0300 0.0124 0.0564 0.2910 0.0036 0.6064
132 0.0107 0.0932 0.6782 0.1160 0.0013 0.1008
133 0.0347 0.1051 0.2388 0.1164 0.0151 0.4900
134 0.0163 0.0480 0.1356 0.1714 0.0016 0.6270
135 0.1459 0.4424 0.0851 0.0441 0.2769 0.0058
136 0.1332 0.1807 0.5610 0.0639 0.0482 0.0132
137 0.0338 0.0662 0.5088 0.2991 0.0086 0.0837
138 0.0620 0.1969 0.0930 0.5786 0.0082 0.0610
139 0.2340 0.4304 0.1595 0.1214 0.0457 0.0087
140 0.0652 0.6689 0.0431 0.2155 0.0052 0.0019
141 0.1575 0.5410 0.1074 0.1841 0.0040 0.0060
142 0.1328 0.2258 0.1349 0.2277 0.0106 0.2683
143 0.1026 0.2073 0.0333 0.5503 0.0063 0.1002
144 0.2301 0.1045 0.1569 0.4006 0.0659 0.0419
145 0.0468 0.2959 0.4373 0.1547 0.0319 0.0337
146 0.0220 0.1249 0.2191 0.1210 0.0035 0.5093
147 0.0222 0.0294 0.1775 0.0995 0.0015 0.6699
148 0.0995 0.1903 0.5337 0.1460 0.0074 0.0229
149 0.0776 0.2505 0.2505 0.1694 0.0169 0.2352
150 0.0453 0.4617 0.3430 0.1223 0.0188 0.0087
151 0.1879 0.2546 0.4612 0.0629 0.0089 0.0244
152 0.0332 0.1451 0.6260 0.1096 0.0176 0.0686
153 0.0900 0.2505 0.1951 0.4229 0.0096 0.0321
154 0.3760 0.1682 0.3044 0.1061 0.0270 0.0181
155 0.0673 0.5010 0.3040 0.0971 0.0132 0.0174
156 0.0549 0.2539 0.0380 0.1154 0.5293 0.0086
157 0.0268 0.0928 0.2445 0.2996 0.0019 0.3342
158 0.0745 0.3726 0.0865 0.2483 0.2058 0.0123
159 0.2981 0.3325 0.0265 0.0670 0.1534 0.1224
160 0.0909 0.0961 0.0087 0.0447 0.7383 0.0213
161 0.0084 0.6387 0.1542 0.0775 0.1027 0.0186
162 0.1492 0.0395 0.2103 0.3413 0.0138 0.2458
163 0.2830 0.0773 0.1143 0.4663 0.0291 0.0300
164 0.0547 0.1685 0.3325 0.1262 0.0106 0.3076
165 0.1688 0.0760 0.2456 0.3987 0.0070 0.1040
166 0.0570 0.1783 0.3494 0.3494 0.0240 0.0421
167 0.0303 0.3489 0.3330 0.2761 0.0054 0.0064
168 0.0884 0.2898 0.0864 0.0389 0.4419 0.0545
169 0.0646 0.1433 0.3333 0.3958 0.0273 0.0359
170 0.0107 0.6626 0.2554 0.0656 0.0012 0.0047
171 0.0478 0.2126 0.2195 0.2264 0.0030 0.2908
172 0.0543 0.0494 0.1431 0.5312 0.0138 0.2081
173 0.0502 0.0924 0.1064 0.3655 0.0257 0.3599
174 0.0423 0.1407 0.4993 0.0895 0.0101 0.2181
175 0.0434 0.0515 0.0824 0.6582 0.0056 0.1588
176 0.2734 0.3403 0.0815 0.1880 0.0522 0.0645
177 0.2617 0.4629 0.1189 0.0699 0.0421 0.0444
178 0.0225 0.0692 0.3008 0.4958 0.0476 0.0640
179 0.0370 0.0671 0.1355 0.6567 0.0498 0.0539
180 0.1281 0.0475 0.1281 0.6499 0.0055 0.0409
181 0.0363 0.0306 0.7520 0.0941 0.0039 0.0831
182 0.1876 0.0352 0.5513 0.1630 0.0092 0.0537
183 0.1940 0.2610 0.4170 0.1006 0.0110 0.0163
184 0.0156 0.0403 0.1794 0.5273 0.0067 0.2305
185 0.0633 0.5098 0.1416 0.2484 0.0228 0.0141
186 0.0350 0.3708 0.2510 0.2842 0.0221 0.0370
187 0.1501 0.1599 0.1295 0.0977 0.1216 0.3411
188 0.1096 0.3430 0.1672 0.0931 0.0790 0.2081
189 0.1081 0.1648 0.1525 0.5488 0.0166 0.0093
190 0.1203 0.6157 0.2030 0.0319 0.0286 0.0005
191 0.2778 0.4441 0.2198 0.0317 0.0251 0.0013
192 0.2104 0.4932 0.1227 0.0831 0.0774 0.0133
193 0.1537 0.1081 0.2019 0.4080 0.1064 0.0220
194 0.2756 0.1063 0.5073 0.0410 0.0592 0.0106
195 0.4275 0.2067 0.2306 0.1007 0.0322 0.0024
196 0.0579 0.2201 0.3687 0.1797 0.0087 0.1649
197 0.0075 0.0216 0.1071 0.4043 0.0015 0.4580
198 0.0460 0.1949 0.7075 0.0283 0.0010 0.0222
199 0.0317 0.1727 0.6724 0.0946 0.0026 0.0261
200 0.0964 0.2971 0.3999 0.1426 0.0064 0.0576
201 0.0883 0.1716 0.3257 0.1575 0.0074 0.2496
202 0.7407 0.0652 0.1577 0.0255 0.0015 0.0091
203 0.2194 0.1891 0.5103 0.0614 0.0029 0.0172
204 0.0246 0.0412 0.2042 0.1517 0.0056 0.5728
205 0.0376 0.0902 0.1925 0.0960 0.0045 0.5791
206 0.0762 0.0377 0.8120 0.0119 0.0028 0.0593
207 0.1298 0.1482 0.4219 0.2025 0.0184 0.0793
208 0.1227 0.2385 0.2944 0.1539 0.1470 0.0434
209 0.1254 0.0969 0.3743 0.3103 0.0479 0.0454
210 0.0148 0.0604 0.8408 0.0696 0.0022 0.0121
211 0.0674 0.0707 0.3218 0.4131 0.0209 0.1061
212 0.1825 0.0548 0.1196 0.3687 0.2612 0.0132
213 0.0609 0.1331 0.1331 0.6250 0.0419 0.0061
214 0.1096 0.1204 0.3564 0.2338 0.0300 0.1498
215 0.2250 0.0888 0.2017 0.3740 0.0167 0.0938
216 0.0970 0.1422 0.5713 0.1742 0.0091 0.0062
217 0.0913 0.0333 0.1248 0.6050 0.0246 0.1210
218 0.1539 0.0484 0.0617 0.5811 0.0948 0.0603
219 0.0639 0.1509 0.5186 0.1395 0.0060 0.1212
220 0.2317 0.1310 0.3242 0.2773 0.0342 0.0017
221 0.0980 0.0838 0.3843 0.2971 0.1288 0.0082
222 0.1533 0.1545 0.4104 0.0784 0.1185 0.0847
223 0.1620 0.1292 0.0967 0.5107 0.0654 0.0361
224 0.0762 0.0787 0.4285 0.2559 0.0054 0.1552
225 0.0281 0.1052 0.1361 0.1803 0.0035 0.5469
226 0.0439 0.0989 0.4365 0.1353 0.0367 0.2488
227 0.2064 0.1322 0.1354 0.3325 0.0967 0.0967
228 0.0880 0.1130 0.5830 0.2014 0.0066 0.0080
229 0.0076 0.1969 0.4104 0.3403 0.0008 0.0439
230 0.2172 0.0934 0.2461 0.4058 0.0301 0.0073
231 0.3071 0.2886 0.2430 0.1545 0.0062 0.0004
232 0.0347 0.2524 0.2974 0.1935 0.0361 0.1860
233 0.0825 0.1720 0.6694 0.0643 0.0093 0.0022
234 0.0906 0.1519 0.6494 0.0751 0.0107 0.0224
235 0.1121 0.2566 0.4719 0.0966 0.0393 0.0235
236 0.2228 0.2126 0.1682 0.3560 0.0384 0.0020
237 0.0779 0.4019 0.2476 0.1265 0.0053 0.1410
238 0.0150 0.1469 0.0398 0.0823 0.6895 0.0263
239 0.1780 0.1080 0.1895 0.0923 0.4270 0.0052
240 0.2042 0.2074 0.2174 0.2074 0.1517 0.0118
241 0.0032 0.0696 0.0260 0.8887 0.0022 0.0105
242 0.1055 0.1687 0.4805 0.1660 0.0671 0.0121
243 0.0558 0.2603 0.4497 0.1278 0.0558 0.0504
244 0.0591 0.2430 0.5391 0.1148 0.0250 0.0187
245 0.2013 0.2466 0.2544 0.2408 0.0425 0.0142
246 0.1174 0.6704 0.0789 0.0638 0.0361 0.0334
247 0.1599 0.5410 0.0312 0.0792 0.0484 0.1400
248 0.0259 0.2515 0.3384 0.2849 0.0855 0.0141
249 0.1514 0.1688 0.3057 0.3010 0.0253 0.0476
250 0.0734 0.0504 0.6543 0.1288 0.0567 0.0363
251 0.0254 0.0751 0.1578 0.1935 0.5342 0.0140
252 0.0461 0.0251 0.1420 0.2781 0.0053 0.5034
253 0.3428 0.1045 0.2507 0.2710 0.0222 0.0088
254 0.0377 0.1171 0.7061 0.0897 0.0243 0.0253
255 0.0575 0.1108 0.5718 0.2136 0.0060 0.0402
256 0.1396 0.0530 0.0916 0.4268 0.2374 0.0518
257 0.3108 0.1842 0.0727 0.3157 0.0598 0.0566
258 0.1575 0.0963 0.4453 0.2205 0.0683 0.0122
259 0.0701 0.2666 0.4128 0.1340 0.1094 0.0070
260 0.1099 0.0465 0.0856 0.5986 0.0195 0.1400
261 0.3389 0.1317 0.0870 0.2104 0.1931 0.0386
262 0.0519 0.1091 0.6279 0.0948 0.0139 0.1025
263 0.0467 0.0537 0.1693 0.2010 0.0470 0.4822
264 0.0390 0.0361 0.3167 0.2428 0.0281 0.3372
265 0.1671 0.3855 0.2471 0.1429 0.0560 0.0013
266 0.1691 0.2257 0.2072 0.0705 0.2966 0.0308
267 0.0141 0.0751 0.1541 0.0892 0.6587 0.0089
268 0.1595 0.3325 0.1925 0.1398 0.1621 0.0135
269 0.1104 0.3733 0.3506 0.0559 0.0559 0.0538
270 0.1801 0.2969 0.0668 0.1237 0.2600 0.0728
271 0.0525 0.0859 0.4067 0.1804 0.0118 0.2627
272 0.0158 0.3047 0.5430 0.0403 0.0063 0.0900
273 0.0394 0.0601 0.2268 0.6167 0.0056 0.0514
274 0.5527 0.2759 0.0443 0.0253 0.0671 0.0348
275 0.4636 0.2947 0.0442 0.0470 0.0673 0.0831
276 0.1266 0.1412 0.5498 0.1171 0.0500 0.0155
277 0.1392 0.5210 0.1127 0.0657 0.1577 0.0034
278 0.9077 0.0086 0.0054 0.0418 0.0346 0.0021
279 0.9121 0.0114 0.0053 0.0312 0.0374 0.0025
280 0.9312 0.0115 0.0038 0.0228 0.0284 0.0022
281 0.1136 0.1553 0.1349 0.1288 0.0181 0.4492
282 0.1136 0.1553 0.1349 0.1288 0.0181 0.4492
283 0.1136 0.1553 0.1349 0.1288 0.0181 0.4492
284 0.1136 0.1553 0.1349 0.1288 0.0181 0.4492
285 0.1136 0.1553 0.1349 0.1288 0.0181 0.4492
286 0.1136 0.1553 0.1349 0.1288 0.0181 0.4492
