time exciting_prob fearful_prob tense_prob sad_prob relaxing_prob neutral_prob
0 0.6548 0.0206 0.0302 0.2729 0.0055 0.0160
1 0.6548 0.0206 0.0302 0.2729 0.0055 0.0160
2 0.9033 0.0277 0.0490 0.0169 0.0025 0.0008
3 0.9019 0.0336 0.0497 0.0112 0.0028 0.0006
4 0.2883 0.0288 0.1791 0.4194 0.0043 0.0801
5 0.2681 0.0159 0.1577 0.3723 0.0073 0.1786
6 0.2751 0.1260 0.1818 0.3701 0.0065 0.0406
7 0.4226 0.1519 0.3191 0.0996 0.0046 0.0022
8 0.1696 0.0361 0.1270 0.6201 0.0055 0.0419
9 0.1240 0.0893 0.1279 0.6245 0.0062 0.0281
10 0.2876 0.0515 0.2347 0.3931 0.0124 0.0207
11 0.2964 0.1742 0.4553 0.0480 0.0253 0.0008
12 0.2720 0.3203 0.3081 0.0641 0.0335 0.0021
13 0.5947 0.0811 0.0750 0.2170 0.0292 0.0028
14 0.2632 0.0305 0.4270 0.2472 0.0273 0.0048
15 0.0767 0.0515 0.0552 0.7993 0.0027 0.0148
16 0.4722 0.0789 0.1938 0.2196 0.0334 0.0019
17 0.1617 0.1013 0.4983 0.2078 0.0288 0.0021
18 0.1581 0.0685 0.5967 0.1644 0.0065 0.0057
19 0.2114 0.2098 0.5615 0.0154 0.0015 0.0002
20 0.3562 0.1013 0.5225 0.0130 0.0069 0.0003
21 0.3127 0.3801 0.2847 0.0197 0.0024 0.0002
22 0.3628 0.1023 0.3801 0.1132 0.0407 0.0009
23 0.5229 0.1122 0.2712 0.0808 0.0111 0.0019
24 0.1603 0.2191 0.6147 0.0047 0.0012 0.0002
25 0.3557 0.4258 0.2042 0.0073 0.0068 0.0002
26 0.4622 0.0620 0.1159 0.3201 0.0166 0.0234
27 0.0565 0.1420 0.0551 0.7378 0.0017 0.0068
28 0.1312 0.5356 0.0861 0.2395 0.0060 0.0018
29 0.1539 0.5127 0.3259 0.0065 0.0011 0.0001
30 0.5137 0.1371 0.2010 0.1128 0.0326 0.0029
31 0.2734 0.3350 0.3457 0.0324 0.0107 0.0026
32 0.6777 0.1912 0.0698 0.0413 0.0201 0.0001
33 0.3635 0.2578 0.1199 0.2441 0.0116 0.0029
34 0.3350 0.0266 0.1440 0.4651 0.0122 0.0171
35 0.4648 0.3481 0.0916 0.0713 0.0203 0.0037
36 0.1981 0.0595 0.7134 0.0179 0.0102 0.0008
37 0.4365 0.0654 0.4795 0.0157 0.0028 0.0001
38 0.5083 0.2272 0.1090 0.1356 0.0111 0.0089
39 0.3267 0.1967 0.4363 0.0248 0.0147 0.0007
40 0.1199 0.2539 0.3901 0.2104 0.0190 0.0067
41 0.1538 0.4739 0.1743 0.1870 0.0106 0.0002
42 0.3789 0.2751 0.3291 0.0098 0.0068 0.0003
43 0.4414 0.1770 0.2344 0.0849 0.0503 0.0120
44 0.2898 0.3413 0.2576 0.1066 0.0031 0.0016
45 0.4131 0.1951 0.3372 0.0145 0.0399 0.0004
46 0.6172 0.0677 0.2325 0.0503 0.0317 0.0005
47 0.3000 0.2585 0.0713 0.3169 0.0436 0.0096
48 0.2615 0.3032 0.4146 0.0182 0.0024 0.0001
49 0.1821 0.2734 0.5273 0.0157 0.0015 0.0001
50 0.6650 0.0997 0.1951 0.0331 0.0057 0.0012
51 0.4023 0.1208 0.3550 0.0876 0.0335 0.0008
52 0.6738 0.0428 0.2137 0.0396 0.0296 0.0003
53 0.6929 0.1055 0.0895 0.0938 0.0178 0.0004
54 0.2366 0.0792 0.1390 0.5166 0.0238 0.0047
55 0.3394 0.1437 0.2333 0.2749 0.0065 0.0024
56 0.1808 0.1740 0.0665 0.5615 0.0098 0.0075
57 0.2681 0.0218 0.2257 0.4524 0.0204 0.0117
58 0.1768 0.3772 0.4207 0.0186 0.0065 0.0002
59 0.3196 0.3196 0.3223 0.0297 0.0083 0.0004
60 0.0861 0.3325 0.5571 0.0213 0.0028 0.0002
61 0.1484 0.2883 0.4905 0.0643 0.0067 0.0017
62 0.4688 0.1022 0.1698 0.1766 0.0134 0.0692
63 0.6211 0.1476 0.0874 0.1333 0.0037 0.0069
64 0.3777 0.3386 0.0947 0.1357 0.0495 0.0038
65 0.3230 0.0955 0.3547 0.2152 0.0098 0.0015
66 0.2815 0.0752 0.2192 0.3728 0.0478 0.0034
67 0.2457 0.1367 0.1501 0.4346 0.0282 0.0046
68 0.4973 0.2349 0.0728 0.1209 0.0684 0.0059
69 0.6543 0.0613 0.2042 0.0432 0.0369 0.0001
70 0.0939 0.2612 0.6416 0.0028 0.0004 0.0000
71 0.3938 0.0525 0.4094 0.1219 0.0184 0.0041
72 0.4946 0.1045 0.3000 0.0680 0.0324 0.0005
73 0.4346 0.1335 0.3660 0.0444 0.0200 0.0014
74 0.4626 0.3438 0.1884 0.0019 0.0031 0.0000
75 0.4272 0.3005 0.2651 0.0025 0.0044 0.0001
76 0.3228 0.2849 0.1512 0.2362 0.0029 0.0020
77 0.2117 0.3657 0.3716 0.0484 0.0022 0.0004
78 0.1680 0.0585 0.0712 0.5957 0.0254 0.0812
79 0.2900 0.2991 0.0688 0.2578 0.0306 0.0536
80 0.2927 0.1542 0.4463 0.1011 0.0030 0.0029
81 0.5547 0.1718 0.2104 0.0566 0.0031 0.0035
82 0.1057 0.2152 0.6733 0.0049 0.0004 0.0001
83 0.2991 0.2422 0.4456 0.0086 0.0041 0.0004
84 0.2512 0.2715 0.2822 0.1047 0.0307 0.0596
85 0.1481 0.4089 0.3608 0.0662 0.0153 0.0006
86 0.3035 0.2554 0.1411 0.2678 0.0315 0.0009
87 0.3445 0.2900 0.3237 0.0381 0.0028 0.0008
88 0.1874 0.1874 0.5337 0.0769 0.0136 0.0008
89 0.2554 0.1304 0.1489 0.4146 0.0237 0.0271
90 0.0922 0.3818 0.5142 0.0093 0.0025 0.0002
91 0.1606 0.0460 0.3853 0.1631 0.0482 0.1968
92 0.2100 0.2783 0.2004 0.1882 0.0098 0.1133
93 0.1940 0.3738 0.2866 0.0960 0.0483 0.0014
94 0.2112 0.4832 0.2062 0.0321 0.0654 0.0018
95 0.4473 0.1594 0.3298 0.0453 0.0171 0.0013
96 0.3569 0.1609 0.4585 0.0171 0.0065 0.0001
97 0.5298 0.0700 0.0303 0.3474 0.0058 0.0169
98 0.0864 0.3232 0.1266 0.4285 0.0112 0.0242
99 0.0772 0.1234 0.2305 0.4512 0.0440 0.0737
100 0.1975 0.1514 0.5986 0.0325 0.0195 0.0002
101 0.2983 0.1674 0.4409 0.0630 0.0255 0.0049
102 0.1602 0.5903 0.2385 0.0050 0.0056 0.0002
103 0.6094 0.0632 0.1772 0.0987 0.0438 0.0079
104 0.3828 0.3027 0.1608 0.1223 0.0293 0.0020
105 0.2444 0.0533 0.4221 0.1210 0.1328 0.0264
106 0.2399 0.2893 0.2986 0.1598 0.0108 0.0016
107 0.5605 0.1545 0.1395 0.0860 0.0391 0.0201
108 0.2493 0.4619 0.2200 0.0616 0.0069 0.0004
109 0.3667 0.2661 0.2620 0.0567 0.0381 0.0106
110 0.5708 0.1768 0.2288 0.0086 0.0150 0.0002
111 0.5835 0.1343 0.1487 0.0629 0.0697 0.0010
112 0.3364 0.2900 0.3086 0.0323 0.0224 0.0104
113 0.2491 0.0822 0.3625 0.2822 0.0218 0.0023
114 0.3606 0.2598 0.3083 0.0626 0.0088 0.0001
115 0.1743 0.0346 0.6084 0.1689 0.0076 0.0062
116 0.2791 0.0613 0.0964 0.5464 0.0087 0.0085
117 0.1240 0.0075 0.0172 0.8345 0.0120 0.0050
118 0.2769 0.0328 0.0648 0.5957 0.0155 0.0145
119 0.3665 0.1652 0.1902 0.2122 0.0562 0.0098
120 0.2062 0.2161 0.3320 0.2300 0.0124 0.0032
121 0.2124 0.1788 0.2406 0.3394 0.0181 0.0107
122 0.3794 0.0610 0.4104 0.1311 0.0145 0.0036
123 0.4614 0.1054 0.3887 0.0391 0.0048 0.0007
124 0.2822 0.1713 0.5317 0.0076 0.0073 0.0001
125 0.1161 0.3359 0.5366 0.0082 0.0030 0.0001
126 0.3079 0.2571 0.4272 0.0046 0.0030 0.0002
127 0.2200 0.2360 0.5400 0.0025 0.0012 0.0003
128 0.3843 0.1414 0.1993 0.1719 0.0481 0.0549
129 0.6289 0.0695 0.0872 0.0673 0.0700 0.0769
130 0.2216 0.1852 0.4207 0.1571 0.0123 0.0032
131 0.3103 0.2324 0.3657 0.0715 0.0126 0.0075
132 0.3689 0.2786 0.2457 0.0688 0.0338 0.0042
133 0.3936 0.2642 0.2993 0.0272 0.0150 0.0006
134 0.1541 0.1238 0.2561 0.2878 0.0154 0.1627
135 0.1114 0.1453 0.3379 0.2671 0.0091 0.1293
136 0.0758 0.0605 0.4363 0.3142 0.0088 0.1044
137 0.1252 0.4509 0.3567 0.0605 0.0030 0.0035
138 0.2605 0.1241 0.5103 0.0997 0.0034 0.0019
139 0.0928 0.1221 0.1875 0.3118 0.0193 0.2666
140 0.1316 0.3467 0.2637 0.1826 0.0236 0.0519
141 0.1037 0.4683 0.2411 0.1104 0.0193 0.0573
142 0.5425 0.0412 0.1268 0.2686 0.0128 0.0080
143 0.1815 0.1719 0.6387 0.0051 0.0027 0.0002
144 0.2006 0.1179 0.6680 0.0098 0.0033 0.0003
145 0.2759 0.2034 0.4692 0.0413 0.0095 0.0007
146 0.2432 0.3855 0.2649 0.0498 0.0061 0.0506
147 0.4553 0.0985 0.2515 0.1367 0.0424 0.0155
148 0.1523 0.3101 0.5317 0.0043 0.0018 0.0000
149 0.2460 0.2499 0.3811 0.0473 0.0508 0.0249
150 0.4082 0.1869 0.3896 0.0110 0.0038 0.0004
151 0.3018 0.2971 0.3816 0.0145 0.0051 0.0002
152 0.2294 0.2294 0.5249 0.0111 0.0048 0.0004
153 0.4390 0.0711 0.2278 0.2208 0.0384 0.0028
154 0.0849 0.0798 0.1914 0.6177 0.0216 0.0045
155 0.0633 0.1102 0.1980 0.5381 0.0746 0.0159
156 0.0991 0.0655 0.2360 0.5317 0.0175 0.0502
157 0.0628 0.0287 0.0900 0.8018 0.0121 0.0046
158 0.1428 0.1791 0.1362 0.5063 0.0295 0.0063
159 0.3904 0.1172 0.2878 0.1190 0.0316 0.0541
160 0.1888 0.1903 0.1448 0.3289 0.0173 0.1298
161 0.3293 0.0701 0.4573 0.0795 0.0195 0.0442
162 0.2249 0.1558 0.2374 0.2213 0.0345 0.1261
163 0.3484 0.2001 0.1851 0.1223 0.0765 0.0676
164 0.3564 0.1475 0.2146 0.1510 0.0923 0.0382
165 0.2031 0.2145 0.4470 0.1185 0.0057 0.0111
166 0.0483 0.1686 0.7437 0.0239 0.0040 0.0117
167 0.3684 0.0579 0.4241 0.1263 0.0152 0.0079
168 0.2817 0.3096 0.3911 0.0133 0.0033 0.0010
169 0.4963 0.2363 0.1841 0.0101 0.0380 0.0351
170 0.5527 0.2396 0.1852 0.0052 0.0128 0.0047
171 0.0857 0.2722 0.6333 0.0029 0.0027 0.0033
172 0.3472 0.3755 0.2520 0.0140 0.0067 0.0048
173 0.4146 0.2827 0.1989 0.0338 0.0519 0.0184
174 0.0518 0.5483 0.3889 0.0059 0.0028 0.0023
175 0.0609 0.3267 0.6104 0.0012 0.0003 0.0007
176 0.0927 0.5811 0.3208 0.0026 0.0020 0.0009
177 0.1626 0.1947 0.1744 0.3752 0.0236 0.0694
178 0.1042 0.0825 0.0717 0.7012 0.0052 0.0352
179 0.1065 0.1389 0.0925 0.6226 0.0284 0.0111
180 0.4458 0.0549 0.3210 0.1050 0.0428 0.0306
181 0.3386 0.1099 0.2086 0.2988 0.0050 0.0389
182 0.2725 0.2008 0.4285 0.0647 0.0278 0.0057
183 0.3313 0.2424 0.3726 0.0281 0.0202 0.0056
184 0.2969 0.1718 0.1691 0.3015 0.0090 0.0520
185 0.1379 0.2120 0.6426 0.0057 0.0009 0.0007
186 0.3171 0.1418 0.4543 0.0526 0.0316 0.0025
187 0.2125 0.0958 0.2059 0.3240 0.0158 0.1460
188 0.3079 0.1124 0.2634 0.2474 0.0168 0.0519
189 0.2479 0.1246 0.3662 0.2222 0.0368 0.0021
190 0.0970 0.4316 0.1885 0.2576 0.0082 0.0170
191 0.2913 0.1132 0.4690 0.1014 0.0099 0.0153
192 0.2327 0.2515 0.4626 0.0296 0.0043 0.0192
193 0.1082 0.0985 0.4082 0.3491 0.0172 0.0186
194 0.4019 0.2037 0.3660 0.0134 0.0084 0.0065
195 0.4519 0.0523 0.2476 0.2135 0.0162 0.0185
196 0.1151 0.0855 0.4209 0.3228 0.0444 0.0112
197 0.5356 0.1322 0.1242 0.1865 0.0094 0.0123
198 0.2218 0.4209 0.3435 0.0094 0.0044 0.0003
199 0.2352 0.1230 0.1004 0.4980 0.0190 0.0242
200 0.5913 0.1028 0.1708 0.1299 0.0029 0.0023
201 0.1235 0.0750 0.6177 0.1389 0.0417 0.0032
202 0.5137 0.1832 0.1260 0.1604 0.0154 0.0011
203 0.2334 0.1230 0.4641 0.1555 0.0212 0.0028
204 0.3271 0.2015 0.2488 0.1619 0.0216 0.0391
205 0.3657 0.1443 0.1622 0.1489 0.0392 0.1399
206 0.0945 0.7910 0.0821 0.0293 0.0029 0.0003
207 0.1927 0.3630 0.4343 0.0079 0.0018 0.0001
208 0.1733 0.3906 0.4290 0.0046 0.0023 0.0001
209 0.1252 0.4993 0.2017 0.1323 0.0117 0.0298
210 0.0959 0.2112 0.6509 0.0397 0.0022 0.0003
211 0.2759 0.1754 0.5317 0.0119 0.0045 0.0003
212 0.5171 0.1504 0.3062 0.0121 0.0141 0.0004
213 0.1364 0.0895 0.0909 0.3220 0.0340 0.3271
214 0.9028 0.0103 0.0055 0.0702 0.0104 0.0007
215 0.8491 0.0092 0.0071 0.1223 0.0106 0.0017
216 0.8359 0.0097 0.0074 0.1344 0.0106 0.0019
217 0.8066 0.0124 0.0095 0.1576 0.0112 0.0025
218 0.8066 0.0124 0.0095 0.1576 0.0112 0.0025
219 0.8013 0.0124 0.0096 0.1628 0.0111 0.0026
220 0.8013 0.0124 0.0096 0.1628 0.0111 0.0026
221 0.8730 0.0122 0.0080 0.0934 0.0121 0.0013
222 0.1118 0.1553 0.1370 0.1287 0.0181 0.4492
223 0.7500 0.2183 0.0146 0.0018 0.0154 0.0001
224 0.7378 0.2251 0.0162 0.0016 0.0192 0.0001
225 0.7378 0.2250 0.0162 0.0016 0.0193 0.0001
226 0.7407 0.2224 0.0160 0.0016 0.0193 0.0001
227 0.6240 0.2368 0.0411 0.0466 0.0445 0.0071
