time exciting_prob fearful_prob tense_prob sad_prob relaxing_prob neutral_prob
0 0.1112 0.1260 0.0839 0.2318 0.0273 0.4197
1 0.0208 0.5981 0.3462 0.0156 0.0043 0.0153
2 0.0251 0.7163 0.2307 0.0184 0.0019 0.0078
3 0.0136 0.7388 0.2117 0.0324 0.0008 0.0029
4 0.0481 0.6909 0.2010 0.0567 0.0018 0.0014
5 0.0427 0.4180 0.3518 0.1688 0.0027 0.0159
6 0.0502 0.4800 0.2866 0.1738 0.0027 0.0065
7 0.1390 0.1034 0.1600 0.4705 0.0169 0.1100
8 0.3135 0.5249 0.0912 0.0191 0.0116 0.0399
9 0.3506 0.4717 0.1174 0.0193 0.0165 0.0246
10 0.3848 0.3848 0.1077 0.0352 0.0142 0.0734
11 0.4229 0.3267 0.0852 0.0456 0.0192 0.1004
12 0.0292 0.1034 0.2330 0.4153 0.0166 0.2024
13 0.3831 0.2183 0.2590 0.0939 0.0188 0.0271
14 0.0233 0.5142 0.4067 0.0331 0.0011 0.0212
15 0.1315 0.5239 0.0970 0.1082 0.0137 0.1255
16 0.1227 0.2205 0.0165 0.2366 0.3811 0.0227
17 0.1410 0.3516 0.0280 0.2051 0.2532 0.0210
18 0.0788 0.5776 0.0679 0.0819 0.1862 0.0075
19 0.2429 0.3914 0.1166 0.1833 0.0367 0.0290
20 0.0695 0.0470 0.8735 0.0073 0.0010 0.0017
21 0.1251 0.4873 0.3511 0.0297 0.0047 0.0021
22 0.0377 0.6030 0.3127 0.0145 0.0083 0.0239
23 0.1461 0.6196 0.1920 0.0219 0.0134 0.0069
24 0.1069 0.4065 0.0482 0.1165 0.3093 0.0126
25 0.0786 0.4185 0.0338 0.2329 0.2292 0.0070
26 0.2045 0.5303 0.0729 0.0486 0.1310 0.0126
27 0.4121 0.2073 0.2766 0.0979 0.0041 0.0018
28 0.0354 0.1842 0.7520 0.0178 0.0062 0.0044
29 0.0296 0.1963 0.6958 0.0695 0.0036 0.0052
30 0.0682 0.6270 0.2573 0.0128 0.0245 0.0100
31 0.0691 0.4758 0.2469 0.0084 0.1923 0.0073
32 0.2520 0.4026 0.2258 0.0496 0.0369 0.0333
33 0.2708 0.3999 0.1288 0.0525 0.0222 0.1259
34 0.3369 0.2390 0.0764 0.0432 0.1310 0.1735
35 0.1890 0.3613 0.1027 0.0449 0.2026 0.0995
36 0.0034 0.0571 0.0129 0.9219 0.0002 0.0045
37 0.1573 0.4480 0.1755 0.0646 0.0447 0.1098
38 0.4387 0.2072 0.1481 0.0964 0.0170 0.0927
39 0.1188 0.5122 0.2202 0.1305 0.0041 0.0142
40 0.0984 0.4243 0.3464 0.0962 0.0065 0.0282
41 0.0731 0.6567 0.1699 0.0491 0.0329 0.0185
42 0.1504 0.5498 0.2155 0.0504 0.0283 0.0056
43 0.4226 0.1426 0.0504 0.1996 0.1003 0.0845
44 0.0305 0.5981 0.3252 0.0370 0.0022 0.0072
45 0.2551 0.2435 0.3713 0.1015 0.0026 0.0259
46 0.1241 0.4265 0.2864 0.1395 0.0037 0.0196
47 0.1057 0.2477 0.4663 0.1161 0.0223 0.0420
48 0.0751 0.7236 0.0745 0.0812 0.0040 0.0418
49 0.6694 0.1530 0.0689 0.0292 0.0504 0.0290
50 0.0771 0.6982 0.1940 0.0129 0.0126 0.0050
51 0.0598 0.6851 0.2330 0.0129 0.0028 0.0063
52 0.0409 0.6924 0.2355 0.0186 0.0041 0.0086
53 0.0556 0.4585 0.3982 0.0748 0.0081 0.0048
54 0.1539 0.4387 0.3110 0.0705 0.0222 0.0037
55 0.0515 0.6846 0.1799 0.0584 0.0138 0.0119
56 0.3181 0.3779 0.1083 0.0395 0.0082 0.1479
57 0.0469 0.5674 0.2598 0.1009 0.0023 0.0230
58 0.0563 0.6094 0.1774 0.1035 0.0028 0.0504
59 0.0734 0.3640 0.5132 0.0331 0.0076 0.0088
60 0.1192 0.4360 0.1259 0.2484 0.0237 0.0467
61 0.0683 0.0301 0.4597 0.3635 0.0234 0.0549
62 0.2096 0.2568 0.4299 0.0522 0.0055 0.0460
63 0.1377 0.2252 0.5752 0.0324 0.0089 0.0206
64 0.1987 0.4514 0.2166 0.0939 0.0118 0.0275
65 0.0670 0.0426 0.3679 0.4724 0.0150 0.0350
66 0.0927 0.0396 0.2683 0.2443 0.0051 0.3499
67 0.0795 0.0482 0.1709 0.5693 0.0053 0.1270
68 0.1965 0.3267 0.3115 0.0886 0.0321 0.0446
69 0.0922 0.3196 0.5435 0.0281 0.0107 0.0060
70 0.1192 0.1192 0.1329 0.5020 0.0114 0.1155
71 0.0257 0.5537 0.3206 0.0269 0.0293 0.0437
72 0.0450 0.4648 0.3401 0.0212 0.0286 0.1005
73 0.0583 0.3406 0.2341 0.0498 0.0302 0.2869
74 0.1567 0.3616 0.2175 0.1020 0.0228 0.1394
75 0.0766 0.3079 0.2695 0.1852 0.0221 0.1387
76 0.0789 0.1203 0.3220 0.1619 0.0237 0.2932
77 0.1930 0.5898 0.1492 0.0294 0.0325 0.0060
78 0.1797 0.5000 0.1245 0.0507 0.0688 0.0761
79 0.1599 0.6426 0.1757 0.0076 0.0119 0.0027
80 0.1154 0.6963 0.1554 0.0224 0.0053 0.0054
81 0.1005 0.2467 0.3269 0.1260 0.0776 0.1221
82 0.2612 0.4241 0.1987 0.0499 0.0174 0.0487
83 0.0848 0.5234 0.2216 0.0720 0.0440 0.0543
84 0.0525 0.3972 0.3193 0.0974 0.0577 0.0758
85 0.0997 0.3169 0.3914 0.0206 0.1121 0.0595
86 0.2091 0.2791 0.2561 0.0438 0.2042 0.0076
87 0.0229 0.2205 0.2039 0.5288 0.0042 0.0199
88 0.0693 0.4377 0.2961 0.1797 0.0118 0.0053
89 0.0785 0.1797 0.4114 0.0810 0.0458 0.2036
90 0.0875 0.2915 0.0184 0.5488 0.0185 0.0351
91 0.0440 0.3513 0.4583 0.1097 0.0103 0.0267
92 0.0690 0.1605 0.3792 0.3506 0.0224 0.0183
93 0.0420 0.6367 0.3103 0.0028 0.0047 0.0031
94 0.0915 0.2773 0.0951 0.0396 0.3853 0.1112
95 0.1376 0.2098 0.0498 0.0539 0.4653 0.0834
96 0.2959 0.4656 0.0803 0.0457 0.0059 0.1064
97 0.1057 0.3010 0.3896 0.0977 0.0068 0.0992
98 0.0842 0.3154 0.2344 0.2783 0.0280 0.0597
99 0.0563 0.0807 0.0222 0.0311 0.7363 0.0735
100 0.1937 0.1777 0.2144 0.1036 0.1921 0.1184
101 0.3311 0.2898 0.2222 0.0458 0.0249 0.0863
102 0.0538 0.4609 0.2281 0.1373 0.0102 0.1095
103 0.0611 0.4175 0.1853 0.0635 0.0345 0.2379
104 0.0627 0.5254 0.3726 0.0048 0.0015 0.0331
105 0.1713 0.3569 0.2378 0.1055 0.0031 0.1254
106 0.0515 0.3748 0.2576 0.2203 0.0178 0.0779
107 0.1740 0.4548 0.2632 0.0547 0.0423 0.0108
108 0.3716 0.2515 0.1688 0.0211 0.1356 0.0515
109 0.4546 0.3328 0.1302 0.0400 0.0135 0.0288
110 0.1057 0.1716 0.3181 0.0354 0.2722 0.0970
111 0.1421 0.3921 0.2493 0.1023 0.0019 0.1124
112 0.1665 0.3110 0.0504 0.2876 0.0762 0.1083
113 0.3147 0.4202 0.1006 0.0582 0.0329 0.0735
114 0.5615 0.2529 0.0539 0.0457 0.0397 0.0464
115 0.0858 0.4822 0.1747 0.1948 0.0113 0.0512
116 0.2844 0.3459 0.0356 0.2358 0.0483 0.0498
117 0.0947 0.3254 0.0427 0.4663 0.0174 0.0536
118 0.0286 0.2180 0.1204 0.5654 0.0088 0.0587
119 0.1333 0.1686 0.1123 0.2097 0.1895 0.1865
120 0.1010 0.3872 0.2241 0.1298 0.0074 0.1505
121 0.2671 0.3857 0.0991 0.0759 0.0152 0.1570
122 0.1256 0.6230 0.1731 0.0646 0.0045 0.0090
123 0.0856 0.0767 0.0255 0.0368 0.7168 0.0588
124 0.0427 0.0476 0.1797 0.3008 0.0115 0.4177
125 0.0282 0.0620 0.0670 0.6768 0.0241 0.1418
126 0.0188 0.8652 0.0589 0.0227 0.0318 0.0028
127 0.0431 0.4355 0.0858 0.1257 0.2993 0.0105
128 0.0925 0.3604 0.1929 0.0856 0.2363 0.0322
129 0.0282 0.3486 0.1523 0.1986 0.2216 0.0506
130 0.0408 0.1075 0.0217 0.6387 0.0920 0.0995
131 0.0797 0.6367 0.0992 0.1283 0.0457 0.0105
132 0.1166 0.5312 0.0634 0.0814 0.1864 0.0211
133 0.1007 0.4446 0.3354 0.0784 0.0183 0.0225
134 0.1082 0.5200 0.1943 0.0954 0.0068 0.0755
135 0.3418 0.2747 0.2969 0.0438 0.0097 0.0331
136 0.1022 0.4619 0.2198 0.1262 0.0601 0.0298
137 0.0712 0.4941 0.3450 0.0369 0.0428 0.0102
138 0.1523 0.5620 0.0535 0.0468 0.1824 0.0031
139 0.0898 0.6904 0.1018 0.0197 0.0964 0.0018
140 0.5049 0.0851 0.0642 0.1238 0.0488 0.1732
141 0.4182 0.0804 0.0837 0.0905 0.0211 0.3059
142 0.0255 0.7456 0.1915 0.0315 0.0025 0.0035
143 0.1472 0.4641 0.1164 0.0825 0.1860 0.0038
144 0.0798 0.5806 0.1083 0.1703 0.0496 0.0112
145 0.1279 0.6396 0.0833 0.0119 0.1362 0.0011
146 0.0888 0.5928 0.1685 0.0703 0.0731 0.0068
147 0.1174 0.5430 0.2209 0.0369 0.0623 0.0196
148 0.0457 0.2773 0.3733 0.2607 0.0295 0.0134
149 0.0603 0.1858 0.6484 0.0705 0.0187 0.0164
150 0.0604 0.5776 0.2625 0.0776 0.0187 0.0035
151 0.1153 0.0857 0.0352 0.0608 0.6279 0.0750
152 0.0951 0.4397 0.3818 0.0707 0.0014 0.0114
153 0.0795 0.5024 0.2861 0.1212 0.0018 0.0089
154 0.2155 0.1947 0.0898 0.2404 0.0492 0.2104
155 0.1667 0.1027 0.2351 0.2316 0.0674 0.1965
156 0.1142 0.3228 0.4922 0.0593 0.0039 0.0074
157 0.0897 0.5166 0.2988 0.0850 0.0026 0.0075
158 0.0765 0.5923 0.2047 0.0250 0.0406 0.0605
159 0.0620 0.6260 0.2690 0.0180 0.0029 0.0221
160 0.1331 0.1655 0.4194 0.1862 0.0058 0.0900
161 0.2496 0.2006 0.3059 0.1975 0.0095 0.0368
162 0.1958 0.0743 0.1501 0.3657 0.0330 0.1810
163 0.1729 0.3254 0.2021 0.1663 0.0232 0.1099
164 0.1378 0.0451 0.0557 0.1008 0.0380 0.6226
165 0.2761 0.1990 0.4553 0.0437 0.0072 0.0185
166 0.1202 0.6504 0.0908 0.0974 0.0361 0.0053
167 0.0953 0.0737 0.0443 0.0861 0.5884 0.1123
168 0.1340 0.0706 0.0331 0.0497 0.5869 0.1259
169 0.1140 0.1409 0.6260 0.0875 0.0033 0.0282
170 0.1461 0.1580 0.5264 0.1044 0.0071 0.0581
171 0.1372 0.2211 0.3293 0.2861 0.0048 0.0215
172 0.0294 0.7764 0.1349 0.0470 0.0039 0.0082
173 0.0746 0.4609 0.0795 0.1321 0.1362 0.1166
174 0.1460 0.7593 0.0604 0.0184 0.0107 0.0051
175 0.1735 0.1174 0.3909 0.1604 0.0590 0.0988
176 0.1597 0.4998 0.2717 0.0354 0.0271 0.0063
177 0.3457 0.3511 0.1969 0.0367 0.0645 0.0052
178 0.4231 0.0880 0.2128 0.1605 0.0270 0.0887
179 0.2749 0.2793 0.3503 0.0456 0.0415 0.0086
180 0.0676 0.0582 0.1322 0.0660 0.0147 0.6611
181 0.2383 0.0905 0.2478 0.0704 0.0448 0.3083
182 0.2003 0.4548 0.1597 0.0359 0.1234 0.0259
183 0.0204 0.3694 0.1267 0.3416 0.0028 0.1392
184 0.0907 0.5469 0.1949 0.0643 0.0050 0.0981
185 0.3904 0.2073 0.3445 0.0421 0.0064 0.0093
186 0.2917 0.1490 0.4626 0.0579 0.0081 0.0307
187 0.1361 0.4126 0.0740 0.1495 0.1554 0.0723
188 0.1227 0.2329 0.0452 0.2991 0.0811 0.2189
189 0.0897 0.6631 0.0431 0.0532 0.1456 0.0053
190 0.0393 0.5015 0.3186 0.0576 0.0122 0.0711
191 0.1163 0.2010 0.5215 0.0684 0.0270 0.0658
192 0.2063 0.3098 0.0555 0.1185 0.2357 0.0742
193 0.3699 0.4978 0.0313 0.0648 0.0220 0.0141
194 0.0110 0.8672 0.0233 0.0973 0.0002 0.0010
195 0.3923 0.2739 0.0200 0.0476 0.2379 0.0282
196 0.1953 0.3269 0.0409 0.2319 0.1908 0.0141
197 0.2289 0.2893 0.0377 0.1000 0.3228 0.0216
198 0.1111 0.1906 0.1935 0.0292 0.2028 0.2729
199 0.2932 0.3145 0.1046 0.1013 0.0219 0.1644
200 0.2874 0.2920 0.1135 0.1161 0.0181 0.1730
201 0.1412 0.0986 0.1190 0.3442 0.0451 0.2517
