time exciting_prob fearful_prob tense_prob sad_prob relaxing_prob neutral_prob
0 0.3411 0.3806 0.0823 0.1074 0.0343 0.0544
1 0.1705 0.0316 0.1067 0.0270 0.0207 0.6436
2 0.2180 0.0436 0.2671 0.0367 0.0457 0.3887
3 0.2031 0.0284 0.2064 0.0230 0.0203 0.5190
4 0.0115 0.0027 0.0202 0.0046 0.0006 0.9604
5 0.7134 0.0996 0.0435 0.0277 0.0442 0.0717
6 0.5977 0.1215 0.0630 0.0518 0.0698 0.0961
7 0.2678 0.0869 0.0970 0.2939 0.0253 0.2290
8 0.6748 0.0957 0.0658 0.0899 0.0091 0.0648
9 0.4092 0.1035 0.1172 0.1307 0.0170 0.2224
10 0.2184 0.0032 0.0140 0.0269 0.0213 0.7163
11 0.5474 0.0248 0.0486 0.0664 0.0199 0.2930
12 0.1097 0.1572 0.1366 0.1304 0.0183 0.4478
13 0.2078 0.1221 0.2161 0.3145 0.0551 0.0846
14 0.6509 0.1453 0.0784 0.0131 0.1030 0.0095
15 0.1484 0.0244 0.0281 0.5020 0.0974 0.1997
16 0.1346 0.0579 0.2805 0.3035 0.0151 0.2085
17 0.1917 0.1257 0.1481 0.2073 0.2661 0.0612
18 0.0710 0.2328 0.2556 0.3335 0.0780 0.0289
19 0.1749 0.0577 0.0336 0.4609 0.1112 0.1617
20 0.2756 0.0991 0.2181 0.1621 0.0697 0.1753
21 0.0773 0.1039 0.3862 0.3303 0.0307 0.0715
22 0.1024 0.1869 0.5200 0.1326 0.0472 0.0110
23 0.3652 0.1925 0.2693 0.0606 0.1014 0.0107
24 0.2466 0.1543 0.4941 0.0206 0.0114 0.0729
25 0.2520 0.1565 0.2581 0.0594 0.2294 0.0448
26 0.1661 0.0773 0.3203 0.3057 0.0388 0.0918
27 0.1462 0.0396 0.5264 0.1907 0.0659 0.0311
28 0.1136 0.1553 0.1349 0.1288 0.0181 0.4492
29 0.7354 0.0899 0.0537 0.0064 0.1093 0.0054
30 0.2251 0.0924 0.2632 0.3125 0.0494 0.0574
31 0.3452 0.0746 0.2229 0.1439 0.0167 0.1967
32 0.4016 0.1115 0.3713 0.0461 0.0635 0.0060
33 0.3557 0.1339 0.3669 0.0764 0.0572 0.0098
34 0.3572 0.2532 0.1263 0.2084 0.0338 0.0211
35 0.3035 0.1189 0.0817 0.3181 0.0836 0.0941
36 0.3257 0.1306 0.1208 0.2402 0.0817 0.1009
37 0.3040 0.1002 0.1602 0.2600 0.0898 0.0858
38 0.2355 0.2488 0.3706 0.0482 0.0833 0.0137
39 0.3608 0.2170 0.2788 0.0536 0.0683 0.0215
40 0.3491 0.4734 0.1421 0.0026 0.0239 0.0090
41 0.1123 0.1177 0.5273 0.1713 0.0362 0.0353
42 0.1967 0.4434 0.2030 0.0378 0.1147 0.0045
43 0.0622 0.2500 0.5132 0.0711 0.1002 0.0034
44 0.0474 0.0352 0.1681 0.4226 0.1174 0.2092
45 0.1174 0.0914 0.2465 0.2012 0.2666 0.0770
46 0.1605 0.4792 0.1473 0.0045 0.1998 0.0085
47 0.2861 0.1967 0.2817 0.0464 0.0334 0.1556
48 0.4280 0.3494 0.1703 0.0059 0.0346 0.0118
49 0.3748 0.3748 0.1715 0.0026 0.0593 0.0173
50 0.2629 0.1062 0.0518 0.0038 0.5742 0.0013
51 0.3572 0.1056 0.1838 0.1853 0.0556 0.1124
52 0.3867 0.1550 0.3232 0.0374 0.0911 0.0065
53 0.5044 0.2039 0.1469 0.0580 0.0637 0.0231
54 0.5034 0.2343 0.1047 0.0113 0.1234 0.0227
55 0.5044 0.1400 0.2021 0.0507 0.0955 0.0073
56 0.1761 0.0581 0.1580 0.4097 0.0845 0.1137
57 0.3357 0.2308 0.2576 0.0607 0.0392 0.0761
58 0.2306 0.2166 0.4375 0.0302 0.0626 0.0225
59 0.0941 0.4182 0.4182 0.0333 0.0327 0.0035
60 0.2739 0.1560 0.0803 0.1868 0.2271 0.0760
61 0.4734 0.1399 0.1160 0.0261 0.2201 0.0245
62 0.2588 0.0771 0.2357 0.3594 0.0314 0.0376
63 0.0864 0.1348 0.0217 0.0051 0.7520 0.0003
64 0.0931 0.2269 0.1132 0.0044 0.5620 0.0004
65 0.1215 0.3030 0.2473 0.1674 0.1512 0.0095
66 0.1803 0.2625 0.4192 0.0906 0.0435 0.0040
67 0.2661 0.0474 0.2925 0.3018 0.0663 0.0262
68 0.4351 0.1492 0.3665 0.0263 0.0173 0.0056
69 0.4153 0.2703 0.2944 0.0025 0.0151 0.0022
70 0.0779 0.3896 0.3958 0.1125 0.0181 0.0059
71 0.1078 0.0385 0.1428 0.2585 0.0390 0.4133
72 0.2646 0.4756 0.1231 0.0807 0.0370 0.0190
73 0.1487 0.1312 0.2778 0.1880 0.1252 0.1292
74 0.1176 0.1385 0.0193 0.0050 0.7148 0.0044
75 0.0788 0.0852 0.0355 0.0199 0.7715 0.0093
76 0.0734 0.1036 0.0412 0.0029 0.7773 0.0015
77 0.0593 0.0362 0.2634 0.4697 0.1388 0.0325
78 0.0659 0.0331 0.0432 0.0735 0.7783 0.0056
79 0.5684 0.2208 0.1102 0.0220 0.0292 0.0493
80 0.6548 0.0839 0.1605 0.0262 0.0654 0.0091
81 0.1241 0.2954 0.4265 0.0729 0.0450 0.0361
82 0.3313 0.0872 0.1482 0.3042 0.0466 0.0825
83 0.0762 0.0541 0.1978 0.5049 0.0056 0.1614
84 0.4949 0.2776 0.0908 0.0304 0.0513 0.0551
85 0.1423 0.0343 0.0575 0.4817 0.2499 0.0343
86 0.1532 0.5518 0.0981 0.0096 0.1862 0.0015
87 0.0378 0.1722 0.0356 0.0047 0.7480 0.0015
88 0.2576 0.1637 0.3181 0.1514 0.0532 0.0561
89 0.3872 0.1979 0.2661 0.0528 0.0520 0.0438
90 0.2344 0.5493 0.1467 0.0118 0.0444 0.0135
91 0.3240 0.3188 0.1846 0.0187 0.1361 0.0177
92 0.4133 0.2030 0.2817 0.0299 0.0471 0.0250
93 0.4700 0.0890 0.2830 0.1057 0.0156 0.0368
94 0.4912 0.1343 0.1938 0.0730 0.0522 0.0555
95 0.6753 0.1642 0.1279 0.0099 0.0164 0.0063
96 0.1041 0.3896 0.4314 0.0455 0.0161 0.0134
97 0.1221 0.0674 0.2751 0.3645 0.0283 0.1427
98 0.0648 0.0320 0.2296 0.4495 0.0278 0.1963
99 0.2686 0.1904 0.1904 0.1494 0.0122 0.1890
100 0.1089 0.0271 0.4514 0.1355 0.0976 0.1796
101 0.1196 0.0351 0.2416 0.2532 0.0356 0.3149
102 0.2451 0.0759 0.1780 0.3247 0.0479 0.1282
103 0.1335 0.4482 0.4019 0.0084 0.0068 0.0013
104 0.2507 0.2079 0.4988 0.0140 0.0148 0.0137
105 0.5991 0.1799 0.1237 0.0131 0.0774 0.0065
106 0.1639 0.0485 0.2312 0.4597 0.0060 0.0905
107 0.4055 0.2920 0.0970 0.1316 0.0377 0.0360
108 0.2783 0.3203 0.3228 0.0185 0.0276 0.0325
109 0.2664 0.2522 0.2208 0.0250 0.2279 0.0077
110 0.2081 0.0975 0.1080 0.3596 0.0342 0.1925
111 0.0986 0.0617 0.6235 0.1227 0.0180 0.0756
112 0.1156 0.0367 0.1936 0.4363 0.0273 0.1906
113 0.4636 0.1692 0.2224 0.0384 0.0806 0.0260
114 0.1052 0.0943 0.2729 0.3730 0.0131 0.1416
115 0.0942 0.0934 0.7827 0.0147 0.0065 0.0086
116 0.7271 0.1420 0.0472 0.0450 0.0307 0.0081
117 0.5933 0.2081 0.0754 0.0487 0.0382 0.0365
118 0.6519 0.1926 0.0535 0.0351 0.0302 0.0368
119 0.4175 0.4514 0.0835 0.0025 0.0211 0.0237
120 0.1978 0.3552 0.4058 0.0155 0.0224 0.0032
121 0.5464 0.2683 0.0864 0.0102 0.0818 0.0070
122 0.4900 0.2351 0.1996 0.0181 0.0406 0.0165
123 0.4915 0.2065 0.2340 0.0436 0.0211 0.0033
124 0.7549 0.1241 0.0783 0.0054 0.0356 0.0018
125 0.4678 0.2316 0.1876 0.0674 0.0326 0.0130
126 0.2030 0.1037 0.2690 0.3508 0.0479 0.0256
127 0.1943 0.6626 0.1356 0.0027 0.0044 0.0004
128 0.3018 0.3315 0.1802 0.0384 0.1459 0.0023
129 0.4792 0.3618 0.1428 0.0079 0.0074 0.0008
130 0.3179 0.0635 0.2515 0.3130 0.0136 0.0407
131 0.1401 0.4890 0.3523 0.0064 0.0111 0.0013
132 0.3027 0.0514 0.2113 0.3708 0.0483 0.0155
133 0.0741 0.1183 0.5024 0.1569 0.1053 0.0432
134 0.0880 0.2979 0.6060 0.0029 0.0050 0.0003
135 0.4668 0.1246 0.1479 0.1515 0.0455 0.0637
136 0.5757 0.2118 0.1285 0.0317 0.0417 0.0104
137 0.3135 0.1993 0.2725 0.1190 0.0336 0.0622
138 0.7612 0.0888 0.0364 0.0168 0.0875 0.0091
139 0.5645 0.1405 0.1428 0.1028 0.0229 0.0262
140 0.1213 0.0990 0.7607 0.0080 0.0059 0.0049
141 0.1926 0.0437 0.1572 0.4272 0.0910 0.0882
142 0.1406 0.4832 0.3071 0.0367 0.0203 0.0120
143 0.6318 0.1989 0.1024 0.0097 0.0556 0.0017
144 0.3408 0.3152 0.1825 0.0325 0.1039 0.0249
145 0.4990 0.2284 0.1407 0.0248 0.0909 0.0162
146 0.3091 0.4534 0.0966 0.0226 0.1028 0.0155
147 0.4526 0.1705 0.2207 0.0528 0.0972 0.0061
148 0.4780 0.2944 0.1758 0.0150 0.0333 0.0034
149 0.4314 0.0519 0.1599 0.2556 0.0238 0.0773
150 0.1338 0.3994 0.2744 0.1425 0.0445 0.0055
151 0.5342 0.1183 0.2029 0.1165 0.0142 0.0137
152 0.5132 0.1318 0.2561 0.0545 0.0402 0.0041
153 0.0765 0.3171 0.3430 0.1954 0.0157 0.0522
154 0.5107 0.2047 0.1418 0.0119 0.1251 0.0057
155 0.3665 0.1962 0.1588 0.0850 0.1801 0.0135
156 0.1978 0.3418 0.3694 0.0558 0.0303 0.0050
157 0.2104 0.0642 0.1470 0.3389 0.1947 0.0448
158 0.5151 0.1168 0.1925 0.0983 0.0640 0.0130
159 0.3081 0.0641 0.3032 0.2615 0.0317 0.0315
160 0.4646 0.2195 0.1820 0.0464 0.0765 0.0110
161 0.1293 0.1740 0.2866 0.0888 0.1880 0.1333
162 0.3884 0.3884 0.1807 0.0063 0.0321 0.0039
163 0.1503 0.1538 0.2310 0.3013 0.1143 0.0496
164 0.2537 0.5498 0.1562 0.0179 0.0101 0.0124
165 0.5010 0.2441 0.1092 0.0870 0.0392 0.0194
166 0.4126 0.1720 0.0679 0.1119 0.1426 0.0928
167 0.4121 0.3286 0.1732 0.0138 0.0459 0.0264
168 0.5278 0.0671 0.0835 0.0640 0.0461 0.2115
169 0.1735 0.5020 0.2729 0.0355 0.0084 0.0080
170 0.2888 0.0615 0.3594 0.2231 0.0254 0.0416
171 0.5444 0.1741 0.0766 0.0754 0.0698 0.0597
172 0.3208 0.3779 0.2136 0.0128 0.0699 0.0050
173 0.3674 0.2410 0.3142 0.0221 0.0270 0.0283
174 0.6836 0.1514 0.0362 0.0143 0.1016 0.0130
175 0.2861 0.4983 0.1877 0.0073 0.0196 0.0009
176 0.5356 0.1511 0.1334 0.0681 0.0903 0.0213
177 0.1692 0.0706 0.3640 0.3262 0.0224 0.0477
178 0.3901 0.1962 0.0934 0.0536 0.2404 0.0266
179 0.3406 0.1647 0.2959 0.1039 0.0660 0.0288
180 0.2136 0.4595 0.2007 0.1066 0.0056 0.0141
181 0.6470 0.2289 0.0606 0.0118 0.0437 0.0082
182 0.1602 0.0474 0.1705 0.4934 0.0878 0.0408
183 0.5864 0.1788 0.0751 0.0757 0.0567 0.0272
184 0.2749 0.0537 0.2157 0.3164 0.0906 0.0489
185 0.6465 0.2847 0.0340 0.0137 0.0188 0.0027
186 0.5630 0.2120 0.1857 0.0193 0.0164 0.0035
187 0.3843 0.0717 0.0793 0.3813 0.0392 0.0441
188 0.2233 0.1038 0.1608 0.2844 0.0681 0.1595
189 0.2375 0.1385 0.2032 0.1924 0.0759 0.1522
190 0.3867 0.0417 0.1945 0.1217 0.0351 0.2203
191 0.0629 0.4070 0.3853 0.0901 0.0173 0.0376
192 0.3333 0.3574 0.1611 0.0261 0.0792 0.0430
193 0.6348 0.1484 0.1095 0.0614 0.0326 0.0130
194 0.2942 0.2659 0.3232 0.0672 0.0291 0.0203
195 0.6099 0.1239 0.0449 0.1437 0.0489 0.0290
196 0.5801 0.1927 0.0451 0.0149 0.1561 0.0110
197 0.6353 0.1353 0.1061 0.0464 0.0670 0.0100
198 0.1576 0.0199 0.0756 0.6846 0.0360 0.0265
199 0.1483 0.0228 0.0623 0.5776 0.0559 0.1329
200 0.0707 0.2281 0.5142 0.0449 0.0256 0.1165
201 0.1231 0.0370 0.2062 0.3398 0.0453 0.2487
202 0.4873 0.2844 0.1223 0.0182 0.0821 0.0057
203 0.5894 0.2595 0.1161 0.0047 0.0261 0.0040
204 0.0829 0.0388 0.2803 0.5239 0.0216 0.0527
205 0.0726 0.0704 0.5117 0.1399 0.0797 0.1255
206 0.1982 0.1406 0.1395 0.1450 0.2886 0.0880
207 0.2771 0.0567 0.1708 0.3818 0.0304 0.0832
208 0.3066 0.1164 0.0958 0.2141 0.0375 0.2296
209 0.7314 0.1533 0.0610 0.0159 0.0345 0.0040
210 0.8145 0.0604 0.0341 0.0402 0.0390 0.0120
211 0.1448 0.0360 0.2074 0.4600 0.1257 0.0260
212 0.6387 0.1844 0.1191 0.0141 0.0396 0.0043
213 0.2859 0.0425 0.2686 0.2603 0.1020 0.0406
214 0.3450 0.2666 0.2317 0.0309 0.0654 0.0604
215 0.5166 0.1049 0.1237 0.2119 0.0207 0.0223
216 0.2056 0.0377 0.3335 0.2329 0.0768 0.1135
217 0.4084 0.1885 0.2556 0.0496 0.0774 0.0203
218 0.1898 0.3660 0.2720 0.0823 0.0761 0.0138
219 0.1729 0.0583 0.2289 0.3228 0.0804 0.1367
220 0.2708 0.2666 0.2335 0.1472 0.0316 0.0501
221 0.4607 0.3396 0.1630 0.0062 0.0166 0.0138
222 0.2585 0.4263 0.1819 0.0446 0.0752 0.0137
223 0.2917 0.0876 0.0667 0.4146 0.1065 0.0330
224 0.6606 0.2062 0.0471 0.0241 0.0453 0.0169
225 0.6177 0.0421 0.0190 0.0963 0.2006 0.0243
226 0.1720 0.0838 0.3367 0.3528 0.0349 0.0197
227 0.2479 0.1266 0.4932 0.0652 0.0428 0.0244
228 0.1254 0.1254 0.0601 0.0097 0.6772 0.0022
229 0.0475 0.0669 0.0156 0.0021 0.8677 0.0003
230 0.1674 0.4478 0.3276 0.0109 0.0335 0.0130
231 0.3960 0.1108 0.2556 0.1960 0.0352 0.0064
232 0.3538 0.0670 0.1054 0.3003 0.1451 0.0284
233 0.4568 0.1289 0.2664 0.0375 0.0734 0.0369
234 0.1115 0.7100 0.1488 0.0111 0.0168 0.0016
235 0.5493 0.1702 0.1512 0.0278 0.0641 0.0377
236 0.1549 0.1367 0.3601 0.1455 0.0903 0.1124
237 0.2299 0.0922 0.3267 0.2544 0.0493 0.0474
238 0.0967 0.0748 0.0514 0.0036 0.7729 0.0008
239 0.1227 0.0792 0.0532 0.0037 0.7402 0.0009
240 0.2646 0.1406 0.3000 0.1656 0.0513 0.0776
241 0.5625 0.1514 0.1411 0.0925 0.0414 0.0111
242 0.6587 0.0979 0.0864 0.0598 0.0775 0.0199
243 0.4883 0.3103 0.1624 0.0056 0.0273 0.0060
244 0.4697 0.1284 0.1649 0.0985 0.1073 0.0310
245 0.2532 0.2377 0.3513 0.0888 0.0388 0.0302
246 0.4561 0.2170 0.1799 0.0414 0.0622 0.0434
247 0.2649 0.0639 0.0591 0.3735 0.0050 0.2338
248 0.1136 0.1553 0.1349 0.1288 0.0181 0.4492
249 0.1136 0.1553 0.1349 0.1288 0.0181 0.4492
250 0.1136 0.1553 0.1349 0.1288 0.0181 0.4492
251 0.1136 0.1553 0.1349 0.1288 0.0181 0.4492
252 0.6519 0.2324 0.0547 0.0237 0.0338 0.0037
253 0.6719 0.2322 0.0483 0.0153 0.0305 0.0020
254 0.6777 0.2235 0.0458 0.0178 0.0327 0.0024
255 0.6748 0.2261 0.0459 0.0179 0.0328 0.0024
256 0.6748 0.2261 0.0459 0.0179 0.0328 0.0024
257 0.6895 0.2238 0.0424 0.0134 0.0296 0.0016
258 0.6895 0.2238 0.0424 0.0134 0.0296 0.0016
259 0.6895 0.2238 0.0424 0.0134 0.0296 0.0016
260 0.6895 0.2239 0.0421 0.0132 0.0296 0.0016
