time exciting_prob fearful_prob tense_prob sad_prob relaxing_prob neutral_prob
0 0.1136 0.1553 0.1349 0.1288 0.0181 0.4492
1 0.3726 0.2296 0.2747 0.0220 0.0995 0.0015
2 0.2086 0.3181 0.2119 0.2478 0.0118 0.0017
3 0.3193 0.3347 0.3245 0.0057 0.0134 0.0023
4 0.3440 0.3335 0.3062 0.0052 0.0090 0.0021
5 0.4434 0.2546 0.2605 0.0167 0.0216 0.0033
6 0.4473 0.2375 0.2981 0.0027 0.0126 0.0017
7 0.2817 0.1891 0.5142 0.0032 0.0107 0.0012
8 0.4333 0.2063 0.1724 0.0937 0.0840 0.0105
9 0.2072 0.3184 0.4250 0.0145 0.0310 0.0036
10 0.4033 0.2773 0.2142 0.0090 0.0900 0.0061
11 0.1680 0.2561 0.5376 0.0137 0.0160 0.0086
12 0.1296 0.5762 0.2808 0.0093 0.0032 0.0008
13 0.2192 0.2974 0.3818 0.0059 0.0648 0.0311
14 0.1171 0.1718 0.6333 0.0303 0.0459 0.0016
15 0.5664 0.1853 0.2288 0.0028 0.0163 0.0007
16 0.2201 0.2573 0.5039 0.0051 0.0128 0.0009
17 0.3376 0.2032 0.4404 0.0011 0.0152 0.0022
18 0.4167 0.1724 0.3735 0.0029 0.0329 0.0015
19 0.5786 0.2128 0.1835 0.0041 0.0182 0.0029
20 0.1978 0.4121 0.3608 0.0040 0.0204 0.0047
21 0.2048 0.3916 0.3887 0.0014 0.0066 0.0070
22 0.2512 0.4177 0.2781 0.0070 0.0232 0.0227
23 0.1212 0.5142 0.3318 0.0050 0.0180 0.0101
24 0.0155 0.3296 0.6455 0.0037 0.0018 0.0037
25 0.1498 0.3147 0.3767 0.0724 0.0394 0.0471
26 0.4631 0.2274 0.2681 0.0047 0.0310 0.0059
27 0.1543 0.2976 0.4036 0.0313 0.0764 0.0370
28 0.1403 0.4707 0.3752 0.0067 0.0061 0.0008
29 0.2793 0.3789 0.3240 0.0030 0.0134 0.0014
30 0.2854 0.3750 0.3159 0.0059 0.0150 0.0029
31 0.4077 0.1881 0.3008 0.0681 0.0298 0.0055
32 0.1809 0.2131 0.4878 0.0413 0.0596 0.0172
33 0.4724 0.2432 0.2321 0.0075 0.0410 0.0038
34 0.2612 0.3713 0.3303 0.0063 0.0273 0.0032
35 0.3828 0.3379 0.2472 0.0053 0.0239 0.0029
36 0.0573 0.1953 0.6870 0.0311 0.0203 0.0089
37 0.4041 0.2935 0.2800 0.0066 0.0144 0.0016
38 0.3599 0.2825 0.3354 0.0074 0.0117 0.0034
39 0.2046 0.4197 0.3506 0.0055 0.0164 0.0032
40 0.3469 0.3259 0.2810 0.0032 0.0398 0.0034
41 0.5034 0.2803 0.1687 0.0057 0.0407 0.0011
42 0.4783 0.1666 0.3088 0.0162 0.0248 0.0051
43 0.3862 0.2252 0.3684 0.0094 0.0079 0.0028
44 0.1569 0.3735 0.3735 0.0128 0.0614 0.0219
45 0.1859 0.5176 0.2727 0.0154 0.0077 0.0008
46 0.1879 0.6406 0.1558 0.0038 0.0116 0.0005
47 0.0095 0.6577 0.3257 0.0058 0.0005 0.0005
48 0.1136 0.6191 0.2561 0.0031 0.0053 0.0030
49 0.1696 0.4573 0.3589 0.0077 0.0062 0.0004
50 0.3914 0.4504 0.1300 0.0158 0.0104 0.0019
51 0.1772 0.4058 0.3311 0.0073 0.0496 0.0289
52 0.4084 0.3386 0.2310 0.0035 0.0182 0.0001
53 0.1192 0.4260 0.4292 0.0067 0.0131 0.0058
54 0.1748 0.5220 0.2708 0.0047 0.0274 0.0007
55 0.2710 0.2607 0.4070 0.0078 0.0529 0.0007
56 0.2764 0.3547 0.2308 0.0126 0.1216 0.0037
57 0.3860 0.2915 0.1741 0.0150 0.1313 0.0022
58 0.3650 0.3074 0.2844 0.0055 0.0340 0.0037
59 0.2184 0.4048 0.3384 0.0136 0.0216 0.0032
60 0.1372 0.4863 0.3616 0.0030 0.0074 0.0045
61 0.2273 0.3662 0.3577 0.0078 0.0404 0.0007
62 0.3936 0.2406 0.2350 0.1068 0.0156 0.0086
63 0.5903 0.1843 0.1199 0.0392 0.0545 0.0117
64 0.0718 0.3374 0.5522 0.0094 0.0237 0.0056
65 0.3235 0.3872 0.2620 0.0033 0.0194 0.0048
66 0.1262 0.3301 0.5190 0.0031 0.0144 0.0071
67 0.6401 0.1656 0.1362 0.0147 0.0429 0.0006
68 0.4451 0.1703 0.2942 0.0349 0.0540 0.0015
69 0.4221 0.2073 0.3262 0.0185 0.0236 0.0025
70 0.1201 0.5176 0.3474 0.0080 0.0057 0.0011
71 0.5098 0.1472 0.2605 0.0542 0.0180 0.0103
72 0.2971 0.2600 0.3528 0.0079 0.0554 0.0268
73 0.3010 0.4517 0.1812 0.0179 0.0437 0.0046
74 0.3633 0.3308 0.1730 0.0145 0.0850 0.0335
75 0.2900 0.3472 0.3472 0.0060 0.0089 0.0006
76 0.2932 0.3123 0.2910 0.0212 0.0724 0.0098
77 0.0455 0.3633 0.5625 0.0131 0.0099 0.0056
78 0.3879 0.1044 0.2751 0.1804 0.0302 0.0219
79 0.1697 0.3823 0.4231 0.0107 0.0135 0.0008
80 0.5527 0.2163 0.1272 0.0573 0.0316 0.0150
81 0.5742 0.1545 0.2163 0.0144 0.0370 0.0036
82 0.2708 0.1530 0.2971 0.1259 0.0995 0.0537
83 0.2939 0.3628 0.2343 0.0110 0.0842 0.0139
84 0.3716 0.2134 0.3105 0.0791 0.0146 0.0109
85 0.1664 0.6680 0.1337 0.0084 0.0222 0.0012
86 0.0659 0.4534 0.4641 0.0048 0.0047 0.0071
87 0.1310 0.3589 0.4790 0.0088 0.0169 0.0056
88 0.5498 0.2479 0.0870 0.0125 0.1002 0.0024
89 0.3564 0.1061 0.1632 0.3049 0.0279 0.0416
90 0.0473 0.6279 0.2898 0.0073 0.0088 0.0191
91 0.4265 0.0944 0.2488 0.1779 0.0475 0.0048
92 0.1935 0.2194 0.5059 0.0638 0.0139 0.0035
93 0.2365 0.3870 0.3606 0.0081 0.0041 0.0039
94 0.5918 0.1045 0.2507 0.0266 0.0186 0.0077
95 0.4343 0.2656 0.2595 0.0239 0.0146 0.0020
96 0.3394 0.1309 0.4602 0.0262 0.0396 0.0040
97 0.1432 0.3152 0.5034 0.0289 0.0057 0.0034
98 0.5820 0.1138 0.2280 0.0161 0.0550 0.0049
99 0.3618 0.0746 0.4609 0.0638 0.0367 0.0021
100 0.2161 0.4756 0.2861 0.0045 0.0172 0.0005
101 0.2722 0.3362 0.3606 0.0090 0.0178 0.0043
102 0.6187 0.1718 0.1412 0.0377 0.0242 0.0066
103 0.7549 0.1167 0.1038 0.0116 0.0110 0.0018
104 0.3896 0.3411 0.2382 0.0066 0.0236 0.0010
105 0.2208 0.3447 0.3728 0.0049 0.0405 0.0163
106 0.4138 0.2339 0.2957 0.0079 0.0457 0.0032
107 0.2003 0.4207 0.3599 0.0061 0.0126 0.0004
108 0.4675 0.0521 0.4604 0.0064 0.0125 0.0012
109 0.1935 0.2466 0.4902 0.0425 0.0238 0.0033
110 0.3115 0.3447 0.2996 0.0165 0.0260 0.0015
111 0.1116 0.5366 0.3230 0.0216 0.0067 0.0004
112 0.3308 0.2119 0.4053 0.0271 0.0238 0.0012
113 0.2297 0.2012 0.5469 0.0086 0.0132 0.0007
114 0.6260 0.0578 0.2756 0.0197 0.0178 0.0032
115 0.1085 0.4785 0.3999 0.0084 0.0032 0.0015
116 0.3328 0.5400 0.1097 0.0041 0.0124 0.0008
117 0.3184 0.2639 0.3752 0.0059 0.0338 0.0025
118 0.0566 0.2072 0.7231 0.0094 0.0020 0.0017
119 0.8931 0.0799 0.0168 0.0068 0.0031 0.0002
120 0.0941 0.4744 0.4219 0.0066 0.0023 0.0007
121 0.5234 0.0578 0.3406 0.0322 0.0385 0.0078
122 0.1760 0.1680 0.6099 0.0250 0.0187 0.0026
123 0.1125 0.7227 0.1469 0.0108 0.0070 0.0002
124 0.4177 0.0749 0.3833 0.0903 0.0251 0.0084
125 0.8716 0.0850 0.0152 0.0181 0.0095 0.0006
126 0.3035 0.6084 0.0677 0.0044 0.0158 0.0003
127 0.6631 0.0571 0.1813 0.0305 0.0657 0.0022
128 0.2388 0.5425 0.1615 0.0242 0.0292 0.0041
129 0.4753 0.2228 0.2352 0.0309 0.0316 0.0043
130 0.2417 0.2417 0.4768 0.0195 0.0172 0.0031
131 0.2817 0.3733 0.3269 0.0021 0.0161 0.0001
132 0.3408 0.3801 0.1926 0.0251 0.0578 0.0035
133 0.0446 0.4946 0.4331 0.0101 0.0149 0.0026
134 0.3491 0.2255 0.3438 0.0197 0.0536 0.0083
135 0.1047 0.0815 0.7983 0.0086 0.0025 0.0041
136 0.2822 0.0565 0.4763 0.1409 0.0407 0.0033
137 0.3633 0.0883 0.5005 0.0178 0.0269 0.0034
138 0.4663 0.1729 0.2219 0.0132 0.1152 0.0105
139 0.3242 0.0497 0.1682 0.3562 0.0669 0.0347
140 0.4146 0.2534 0.2761 0.0033 0.0499 0.0025
141 0.4536 0.1862 0.3215 0.0122 0.0189 0.0077
142 0.1761 0.5820 0.2175 0.0065 0.0166 0.0010
143 0.2202 0.0612 0.6523 0.0202 0.0343 0.0119
144 0.1841 0.2273 0.5625 0.0115 0.0130 0.0013
145 0.5737 0.1619 0.1833 0.0482 0.0306 0.0022
146 0.6553 0.1736 0.1095 0.0370 0.0229 0.0019
147 0.6011 0.2212 0.1373 0.0171 0.0216 0.0017
148 0.4021 0.0883 0.3838 0.1057 0.0163 0.0038
149 0.3596 0.1283 0.3918 0.0107 0.1071 0.0024
150 0.4707 0.2385 0.2277 0.0283 0.0338 0.0010
151 0.0887 0.4988 0.3647 0.0342 0.0104 0.0032
152 0.0130 0.7964 0.1892 0.0010 0.0002 0.0001
153 0.3472 0.2386 0.3696 0.0294 0.0086 0.0067
154 0.1514 0.5713 0.2380 0.0123 0.0261 0.0012
155 0.2834 0.5420 0.1414 0.0120 0.0207 0.0006
156 0.3923 0.2849 0.2739 0.0127 0.0330 0.0031
157 0.1948 0.2190 0.2295 0.3445 0.0052 0.0069
158 0.2810 0.2639 0.3962 0.0441 0.0120 0.0026
159 0.2913 0.5791 0.0530 0.0362 0.0376 0.0030
160 0.1998 0.4612 0.3169 0.0021 0.0179 0.0021
161 0.3301 0.3328 0.3174 0.0040 0.0121 0.0036
162 0.2566 0.5352 0.1406 0.0072 0.0509 0.0095
163 0.0362 0.5405 0.4143 0.0047 0.0023 0.0022
164 0.4329 0.1497 0.2391 0.0563 0.0894 0.0326
165 0.4019 0.3894 0.1335 0.0544 0.0194 0.0013
166 0.3015 0.4119 0.1317 0.0584 0.0884 0.0082
167 0.2117 0.6318 0.1466 0.0022 0.0072 0.0002
168 0.3706 0.3977 0.2079 0.0056 0.0182 0.0001
169 0.4302 0.4651 0.0959 0.0031 0.0056 0.0001
170 0.0413 0.0916 0.8042 0.0091 0.0526 0.0013
171 0.0380 0.3416 0.3931 0.2072 0.0097 0.0104
172 0.2219 0.1346 0.5713 0.0197 0.0469 0.0058
173 0.0660 0.8428 0.0766 0.0055 0.0038 0.0052
174 0.0388 0.4580 0.4839 0.0071 0.0093 0.0029
175 0.2839 0.1078 0.5518 0.0068 0.0446 0.0049
176 0.3916 0.0591 0.4438 0.0400 0.0506 0.0147
177 0.3428 0.5146 0.1222 0.0058 0.0140 0.0006
178 0.0754 0.1823 0.7383 0.0008 0.0027 0.0008
179 0.3215 0.1604 0.3643 0.0900 0.0609 0.0030
180 0.2023 0.3440 0.4382 0.0054 0.0060 0.0042
181 0.1891 0.2125 0.4607 0.1183 0.0159 0.0034
182 0.2764 0.2070 0.4521 0.0338 0.0257 0.0049
183 0.0723 0.2010 0.6699 0.0215 0.0334 0.0020
184 0.6006 0.2371 0.1531 0.0023 0.0069 0.0001
185 0.3667 0.3235 0.2559 0.0261 0.0253 0.0025
186 0.0962 0.6128 0.2739 0.0065 0.0064 0.0042
187 0.2620 0.4121 0.2385 0.0562 0.0234 0.0079
188 0.6104 0.1165 0.2177 0.0091 0.0432 0.0032
189 0.4043 0.2339 0.2734 0.0446 0.0340 0.0097
190 0.2321 0.6357 0.1185 0.0032 0.0097 0.0007
191 0.1876 0.1103 0.6250 0.0648 0.0107 0.0015
192 0.3599 0.0531 0.4768 0.0113 0.0875 0.0116
193 0.1345 0.0354 0.3545 0.3657 0.0856 0.0241
194 0.2374 0.2629 0.4368 0.0230 0.0381 0.0018
195 0.2097 0.1088 0.5112 0.0226 0.1365 0.0113
196 0.1901 0.2810 0.5088 0.0137 0.0061 0.0007
197 0.1785 0.3989 0.3928 0.0116 0.0166 0.0017
198 0.6343 0.1846 0.1506 0.0037 0.0262 0.0009
199 0.1094 0.6548 0.2045 0.0222 0.0080 0.0010
200 0.1044 0.0695 0.5684 0.0529 0.1816 0.0231
201 0.0519 0.0891 0.6084 0.2169 0.0022 0.0315
202 0.3862 0.4807 0.1056 0.0127 0.0139 0.0008
203 0.2023 0.4778 0.2639 0.0055 0.0504 0.0002
204 0.1604 0.3970 0.3848 0.0056 0.0501 0.0024
205 0.6953 0.1588 0.0477 0.0086 0.0857 0.0038
206 0.3723 0.1042 0.4319 0.0144 0.0576 0.0194
207 0.4922 0.3330 0.1598 0.0032 0.0114 0.0004
208 0.3333 0.4849 0.1702 0.0038 0.0080 0.0001
209 0.1611 0.1099 0.6626 0.0444 0.0185 0.0037
210 0.0972 0.6143 0.2642 0.0078 0.0131 0.0032
211 0.3069 0.5264 0.1520 0.0032 0.0113 0.0006
212 0.3220 0.4167 0.2469 0.0036 0.0100 0.0005
213 0.2401 0.3577 0.2102 0.1716 0.0103 0.0101
214 0.0756 0.5366 0.3577 0.0087 0.0052 0.0162
215 0.3186 0.5093 0.1371 0.0070 0.0278 0.0003
216 0.2314 0.4460 0.2834 0.0046 0.0318 0.0027
217 0.4995 0.2781 0.1941 0.0034 0.0226 0.0022
218 0.2213 0.0675 0.1261 0.3169 0.0789 0.1893
219 0.1136 0.1553 0.1349 0.1288 0.0181 0.4492
