time exciting_prob fearful_prob tense_prob sad_prob relaxing_prob neutral_prob
0 0.1136 0.1553 0.1349 0.1288 0.0181 0.4492
1 0.2637 0.1198 0.3281 0.1143 0.1478 0.0265
2 0.2783 0.1024 0.3804 0.1455 0.0737 0.0200
3 0.1356 0.3865 0.1455 0.0607 0.0862 0.1854
4 0.3921 0.3276 0.0772 0.1243 0.0430 0.0359
5 0.3574 0.4624 0.0876 0.0401 0.0458 0.0066
6 0.7720 0.0770 0.0387 0.0981 0.0031 0.0111
7 0.7744 0.0889 0.0433 0.0810 0.0040 0.0086
8 0.1901 0.0721 0.0912 0.0608 0.0528 0.5332
9 0.3369 0.3423 0.1044 0.0576 0.0432 0.1155
10 0.1018 0.2832 0.2747 0.0255 0.2683 0.0466
11 0.1187 0.1782 0.2961 0.0354 0.3279 0.0437
12 0.3887 0.0983 0.2510 0.1030 0.0867 0.0724
13 0.3228 0.3489 0.0726 0.2361 0.0110 0.0087
14 0.1932 0.2330 0.4026 0.0884 0.0496 0.0331
15 0.4177 0.1466 0.2720 0.0583 0.0816 0.0238
16 0.1022 0.2693 0.5566 0.0176 0.0446 0.0097
17 0.0852 0.1818 0.6152 0.0258 0.0776 0.0146
18 0.1613 0.3311 0.4087 0.0182 0.0694 0.0114
19 0.4592 0.0940 0.2382 0.0368 0.1041 0.0677
20 0.1317 0.3110 0.2240 0.2240 0.0296 0.0798
21 0.1560 0.0748 0.2133 0.0760 0.1056 0.3743
22 0.3049 0.5269 0.0742 0.0475 0.0122 0.0345
23 0.4268 0.2844 0.0620 0.0471 0.0164 0.1633
24 0.0759 0.3247 0.5190 0.0120 0.0634 0.0051
25 0.2013 0.2861 0.4097 0.0179 0.0764 0.0087
26 0.2798 0.0696 0.1375 0.2549 0.0403 0.2179
27 0.6177 0.0357 0.0480 0.2419 0.0142 0.0424
28 0.1299 0.2484 0.5176 0.0238 0.0706 0.0095
29 0.4700 0.0767 0.2220 0.1757 0.0519 0.0035
30 0.1599 0.2896 0.4214 0.0462 0.0404 0.0424
31 0.4717 0.1077 0.1951 0.1763 0.0387 0.0106
32 0.5005 0.1161 0.1974 0.1152 0.0631 0.0080
33 0.3789 0.1310 0.2484 0.1394 0.0782 0.0242
34 0.4238 0.1823 0.3005 0.0535 0.0322 0.0078
35 0.2791 0.1172 0.2106 0.2878 0.0567 0.0489
36 0.3428 0.2527 0.3428 0.0356 0.0204 0.0058
37 0.2551 0.1635 0.3921 0.0203 0.1187 0.0502
38 0.1825 0.2893 0.4482 0.0269 0.0257 0.0273
39 0.3765 0.1864 0.3650 0.0498 0.0203 0.0022
40 0.5474 0.2029 0.1351 0.0776 0.0347 0.0025
41 0.2419 0.1663 0.4116 0.0911 0.0732 0.0158
42 0.2434 0.3225 0.2844 0.1063 0.0309 0.0124
43 0.3987 0.1335 0.1974 0.2068 0.0307 0.0330
44 0.2500 0.1666 0.3813 0.1381 0.0613 0.0027
45 0.1967 0.1981 0.4570 0.0229 0.0907 0.0344
46 0.3259 0.2832 0.2294 0.0341 0.0155 0.1118
47 0.2866 0.2610 0.1659 0.1088 0.0115 0.1659
48 0.5464 0.3640 0.0537 0.0126 0.0174 0.0061
49 0.7900 0.1694 0.0199 0.0078 0.0104 0.0026
50 0.6182 0.1266 0.0519 0.1266 0.0278 0.0492
51 0.4680 0.1748 0.1847 0.0643 0.0981 0.0101
52 0.2983 0.1477 0.3079 0.0407 0.0790 0.1263
53 0.5088 0.1901 0.1153 0.1033 0.0229 0.0598
54 0.5986 0.0984 0.0671 0.1284 0.0106 0.0969
55 0.5322 0.2068 0.1549 0.0346 0.0322 0.0392
56 0.6509 0.1925 0.0686 0.0569 0.0228 0.0082
57 0.1137 0.2244 0.2834 0.3557 0.0076 0.0151
58 0.3767 0.0998 0.2529 0.2302 0.0359 0.0047
59 0.2917 0.1389 0.2272 0.3206 0.0100 0.0117
60 0.3469 0.4668 0.0870 0.0699 0.0259 0.0034
61 0.6470 0.1840 0.0414 0.0661 0.0343 0.0271
62 0.6543 0.1555 0.0268 0.0886 0.0668 0.0078
63 0.6074 0.2235 0.0645 0.0709 0.0271 0.0063
64 0.2522 0.4495 0.1350 0.1318 0.0113 0.0202
65 0.4456 0.3159 0.1639 0.0580 0.0126 0.0038
66 0.3169 0.2527 0.3193 0.0486 0.0262 0.0361
67 0.3606 0.2786 0.3037 0.0167 0.0310 0.0094
68 0.2400 0.2917 0.3748 0.0325 0.0417 0.0192
69 0.4211 0.1411 0.1501 0.1769 0.0947 0.0161
70 0.2834 0.2090 0.2705 0.1482 0.0806 0.0082
71 0.2498 0.2830 0.4417 0.0154 0.0096 0.0005
72 0.2482 0.2993 0.3967 0.0172 0.0278 0.0107
73 0.4861 0.1859 0.2522 0.0299 0.0428 0.0031
74 0.1466 0.3892 0.3743 0.0427 0.0345 0.0127
75 0.2544 0.3911 0.2625 0.0538 0.0137 0.0244
76 0.3967 0.0638 0.3726 0.0858 0.0580 0.0231
77 0.0812 0.3499 0.4285 0.0296 0.0328 0.0781
78 0.4395 0.2771 0.1655 0.0352 0.0497 0.0331
79 0.4360 0.0794 0.2061 0.1735 0.0943 0.0107
80 0.2323 0.1635 0.5361 0.0382 0.0171 0.0129
81 0.3745 0.2615 0.3081 0.0221 0.0280 0.0060
82 0.1699 0.3052 0.3459 0.0472 0.0416 0.0902
83 0.2598 0.0850 0.2188 0.3389 0.0496 0.0481
84 0.3657 0.2455 0.3381 0.0208 0.0257 0.0042
85 0.1299 0.0865 0.2280 0.4827 0.0306 0.0422
86 0.4539 0.1251 0.1095 0.2128 0.0235 0.0753
87 0.2776 0.1937 0.2430 0.0741 0.1353 0.0765
88 0.0722 0.2791 0.6045 0.0141 0.0042 0.0258
89 0.2822 0.1753 0.4915 0.0141 0.0260 0.0108
90 0.2944 0.1481 0.3843 0.0941 0.0278 0.0512
91 0.4529 0.0920 0.2727 0.0769 0.0292 0.0763
92 0.2617 0.0704 0.3577 0.2382 0.0621 0.0100
93 0.4258 0.0613 0.0950 0.3938 0.0184 0.0057
94 0.3311 0.1564 0.3110 0.0994 0.0349 0.0673
95 0.3799 0.2130 0.2673 0.0329 0.0420 0.0650
96 0.3535 0.0644 0.0937 0.3943 0.0358 0.0582
97 0.8516 0.0462 0.0050 0.0837 0.0133 0.0001
98 0.8853 0.0441 0.0135 0.0365 0.0207 0.0000
99 0.3948 0.2756 0.2113 0.0419 0.0587 0.0175
100 0.4746 0.1145 0.0864 0.2971 0.0250 0.0025
101 0.2646 0.0344 0.1735 0.4717 0.0501 0.0057
102 0.3589 0.1998 0.1473 0.2646 0.0217 0.0075
103 0.0843 0.0570 0.7397 0.1001 0.0068 0.0122
104 0.4353 0.1527 0.2311 0.0678 0.0710 0.0421
105 0.3232 0.1100 0.4487 0.0285 0.0699 0.0197
106 0.3813 0.0299 0.0920 0.3813 0.1127 0.0027
107 0.3997 0.1666 0.1119 0.2581 0.0508 0.0128
108 0.5615 0.1971 0.0968 0.1234 0.0154 0.0059
109 0.3210 0.1154 0.0949 0.4319 0.0068 0.0301
110 0.6182 0.0948 0.1456 0.0970 0.0424 0.0023
111 0.5420 0.1084 0.1067 0.2025 0.0296 0.0108
112 0.2202 0.0977 0.1663 0.4485 0.0548 0.0124
113 0.7163 0.0389 0.0454 0.1099 0.0269 0.0626
114 0.3774 0.0444 0.1882 0.2849 0.0359 0.0693
115 0.7910 0.0256 0.0397 0.0923 0.0324 0.0190
116 0.0994 0.5205 0.2365 0.0166 0.0161 0.1108
117 0.7695 0.1083 0.0395 0.0481 0.0234 0.0111
118 0.8008 0.0210 0.0402 0.0941 0.0218 0.0222
119 0.3975 0.0981 0.2229 0.2448 0.0202 0.0165
120 0.6304 0.0468 0.1148 0.0901 0.1113 0.0068
121 0.7188 0.0825 0.0695 0.0628 0.0581 0.0085
122 0.5005 0.0566 0.0641 0.2786 0.0261 0.0739
123 0.7710 0.0648 0.0425 0.0449 0.0679 0.0093
124 0.7549 0.0736 0.0724 0.0353 0.0506 0.0130
125 0.6777 0.0414 0.1160 0.0626 0.0284 0.0737
126 0.4211 0.0785 0.1455 0.2761 0.0310 0.0476
127 0.6914 0.1240 0.0643 0.1012 0.0069 0.0123
128 0.4265 0.0747 0.1998 0.1792 0.0644 0.0555
129 0.5454 0.1218 0.2103 0.0933 0.0152 0.0137
130 0.1967 0.0334 0.1340 0.5220 0.0313 0.0826
131 0.6377 0.0540 0.1285 0.1171 0.0346 0.0280
132 0.2231 0.1204 0.3298 0.2957 0.0111 0.0201
133 0.3320 0.1696 0.2212 0.2373 0.0281 0.0119
134 0.3301 0.2323 0.3201 0.0382 0.0772 0.0021
135 0.3127 0.2133 0.3801 0.0749 0.0152 0.0038
136 0.2280 0.2749 0.3616 0.1138 0.0032 0.0186
137 0.4607 0.2371 0.1655 0.0794 0.0415 0.0159
138 0.2318 0.2318 0.1670 0.1203 0.0226 0.2264
139 0.3328 0.1465 0.2200 0.2148 0.0709 0.0151
140 0.3564 0.1385 0.1620 0.2957 0.0436 0.0039
141 0.2019 0.0430 0.1674 0.5488 0.0327 0.0064
142 0.5762 0.0934 0.1842 0.0919 0.0473 0.0068
143 0.5845 0.0698 0.1675 0.1178 0.0579 0.0026
144 0.4155 0.1505 0.1328 0.0745 0.2224 0.0044
145 0.0781 0.1017 0.1626 0.5854 0.0662 0.0057
146 0.4338 0.1115 0.0367 0.0417 0.3740 0.0021
147 0.2295 0.1163 0.4563 0.1059 0.0898 0.0023
148 0.4302 0.1213 0.2610 0.0573 0.1292 0.0011
149 0.2441 0.3311 0.2441 0.1434 0.0263 0.0110
150 0.4004 0.2546 0.1709 0.1362 0.0304 0.0075
151 0.3855 0.2214 0.1510 0.1698 0.0634 0.0088
152 0.4314 0.1025 0.0738 0.1841 0.1689 0.0392
153 0.2285 0.3486 0.3352 0.0719 0.0135 0.0023
154 0.3894 0.1797 0.3130 0.0661 0.0495 0.0023
155 0.1047 0.7217 0.1399 0.0159 0.0069 0.0110
156 0.0798 0.7231 0.0798 0.1135 0.0031 0.0007
157 0.4539 0.2710 0.1791 0.0859 0.0061 0.0039
158 0.3640 0.2683 0.2522 0.0711 0.0408 0.0036
159 0.0549 0.5630 0.3015 0.0739 0.0021 0.0045
160 0.5200 0.2271 0.0954 0.0527 0.1008 0.0042
161 0.1838 0.1283 0.2397 0.3435 0.0273 0.0772
162 0.1057 0.3989 0.2678 0.1798 0.0207 0.0269
163 0.3020 0.1438 0.3069 0.1721 0.0422 0.0331
164 0.2737 0.2083 0.2983 0.1609 0.0468 0.0121
165 0.1975 0.3059 0.3928 0.0496 0.0437 0.0106
166 0.2388 0.4189 0.1747 0.1542 0.0088 0.0045
167 0.2944 0.5947 0.0683 0.0285 0.0061 0.0080
168 0.3357 0.1016 0.1973 0.3127 0.0257 0.0269
169 0.2566 0.2283 0.1984 0.2283 0.0214 0.0670
170 0.5005 0.2346 0.2153 0.0150 0.0247 0.0095
171 0.7598 0.0490 0.0214 0.1320 0.0056 0.0323
172 0.3799 0.1940 0.1608 0.2322 0.0298 0.0035
173 0.4680 0.2505 0.0826 0.1372 0.0542 0.0075
174 0.6318 0.1636 0.0579 0.1216 0.0194 0.0057
175 0.2666 0.1592 0.3818 0.0663 0.1012 0.0248
176 0.2378 0.1660 0.4241 0.1007 0.0327 0.0388
177 0.1582 0.1632 0.5830 0.0639 0.0124 0.0190
178 0.1177 0.2869 0.2632 0.2781 0.0170 0.0370
179 0.5225 0.1279 0.1450 0.1406 0.0453 0.0189
180 0.6313 0.1323 0.0472 0.1547 0.0139 0.0208
181 0.2546 0.2690 0.3374 0.0922 0.0353 0.0114
182 0.4075 0.3198 0.1302 0.1123 0.0148 0.0153
183 0.2452 0.1808 0.1698 0.3596 0.0245 0.0201
184 0.3936 0.1995 0.3391 0.0372 0.0196 0.0112
185 0.3442 0.1652 0.3840 0.0627 0.0374 0.0062
186 0.3125 0.1313 0.2695 0.2673 0.0121 0.0073
187 0.4055 0.2039 0.3157 0.0589 0.0106 0.0054
188 0.2966 0.1664 0.3157 0.1899 0.0137 0.0177
189 0.3699 0.2622 0.2444 0.0627 0.0283 0.0326
190 0.3682 0.0665 0.1167 0.2913 0.1006 0.0569
191 0.5469 0.0679 0.1519 0.1299 0.0474 0.0563
192 0.2932 0.1877 0.1096 0.3706 0.0321 0.0069
193 0.2627 0.3120 0.3481 0.0319 0.0446 0.0005
194 0.2260 0.1084 0.2683 0.3040 0.0627 0.0306
195 0.2135 0.1285 0.2220 0.3660 0.0469 0.0230
196 0.1892 0.0605 0.3762 0.1670 0.0551 0.1520
197 0.1653 0.0851 0.4746 0.2041 0.0435 0.0274
198 0.4163 0.1028 0.2644 0.1617 0.0428 0.0120
199 0.4177 0.1622 0.1989 0.1315 0.0749 0.0150
200 0.5537 0.1346 0.1870 0.0715 0.0351 0.0178
201 0.4807 0.1142 0.1868 0.0779 0.0583 0.0822
202 0.5137 0.1519 0.2028 0.0599 0.0396 0.0321
203 0.5249 0.1857 0.1189 0.0762 0.0414 0.0532
204 0.4141 0.1648 0.2305 0.0991 0.0280 0.0635
205 0.1136 0.1553 0.1349 0.1288 0.0181 0.4492
