time exciting_prob fearful_prob tense_prob sad_prob relaxing_prob neutral_prob
0 0.3818 0.3020 0.0684 0.1427 0.0409 0.0643
1 0.0860 0.3594 0.0587 0.4578 0.0316 0.0067
2 0.8374 0.0548 0.0168 0.0635 0.0271 0.0003
3 0.9009 0.0303 0.0156 0.0375 0.0157 0.0001
4 0.9014 0.0504 0.0160 0.0177 0.0130 0.0015
5 0.2054 0.3635 0.3159 0.0837 0.0174 0.0141
6 0.3884 0.1121 0.3374 0.1175 0.0403 0.0043
7 0.3760 0.0746 0.2228 0.2563 0.0638 0.0065
8 0.0826 0.1965 0.0988 0.5596 0.0358 0.0266
9 0.0518 0.1796 0.0611 0.6465 0.0345 0.0263
10 0.3804 0.1742 0.0171 0.3862 0.0382 0.0038
11 0.7617 0.0569 0.0074 0.1334 0.0379 0.0024
12 0.7988 0.0732 0.0119 0.0737 0.0392 0.0031
13 0.5830 0.0880 0.1321 0.1722 0.0179 0.0070
14 0.4216 0.1744 0.1469 0.2346 0.0193 0.0032
15 0.3406 0.1660 0.1115 0.3655 0.0125 0.0041
16 0.2247 0.1683 0.4612 0.1384 0.0059 0.0016
17 0.3755 0.1360 0.4460 0.0415 0.0007 0.0001
18 0.2732 0.1231 0.4756 0.1069 0.0147 0.0066
19 0.1107 0.1661 0.4111 0.1741 0.1324 0.0057
20 0.0939 0.1958 0.3894 0.2939 0.0192 0.0075
21 0.0753 0.2031 0.5967 0.1078 0.0072 0.0097
22 0.0768 0.2661 0.4673 0.1719 0.0073 0.0106
23 0.1139 0.1231 0.3320 0.3704 0.0172 0.0432
24 0.0643 0.2751 0.4868 0.1078 0.0283 0.0375
25 0.0547 0.1499 0.5229 0.2214 0.0164 0.0345
26 0.0279 0.1128 0.5464 0.2542 0.0236 0.0349
27 0.0204 0.3372 0.1279 0.4753 0.0058 0.0334
28 0.0229 0.2446 0.1340 0.5776 0.0118 0.0090
29 0.0269 0.3711 0.2759 0.2981 0.0055 0.0226
30 0.0331 0.4321 0.0913 0.4321 0.0039 0.0076
31 0.0724 0.4758 0.1998 0.2212 0.0083 0.0224
32 0.0550 0.4229 0.2194 0.2751 0.0099 0.0179
33 0.1059 0.2856 0.1425 0.3445 0.0979 0.0236
34 0.1418 0.3621 0.1545 0.2549 0.0502 0.0364
35 0.2378 0.4141 0.1409 0.1398 0.0625 0.0049
36 0.0561 0.5449 0.1356 0.2150 0.0115 0.0371
37 0.0895 0.2756 0.2249 0.3884 0.0085 0.0131
38 0.0690 0.3293 0.4431 0.1427 0.0062 0.0096
39 0.0447 0.1141 0.4656 0.3459 0.0164 0.0131
40 0.0967 0.2507 0.3245 0.3096 0.0078 0.0105
41 0.0742 0.2888 0.1054 0.4302 0.0555 0.0461
42 0.0793 0.3582 0.2139 0.2642 0.0571 0.0274
43 0.0561 0.2006 0.2135 0.4382 0.0417 0.0499
44 0.1393 0.2708 0.1860 0.3140 0.0563 0.0336
45 0.1449 0.4158 0.0980 0.2603 0.0504 0.0306
46 0.0910 0.2869 0.1648 0.4375 0.0063 0.0136
47 0.0884 0.4216 0.1401 0.2966 0.0133 0.0401
48 0.1183 0.3911 0.1461 0.2952 0.0233 0.0260
49 0.0525 0.0943 0.0958 0.6245 0.0794 0.0537
50 0.1703 0.2102 0.1255 0.4053 0.0553 0.0335
51 0.1569 0.3733 0.1593 0.2411 0.0464 0.0229
52 0.1392 0.1772 0.3110 0.1815 0.0178 0.1732
53 0.1144 0.2136 0.2205 0.3579 0.0175 0.0762
54 0.5903 0.1447 0.1296 0.0647 0.0594 0.0115
55 0.5967 0.2230 0.1290 0.0230 0.0223 0.0058
56 0.0900 0.2793 0.1818 0.3264 0.0149 0.1077
57 0.0764 0.2881 0.1299 0.4900 0.0049 0.0107
58 0.6567 0.1345 0.1168 0.0286 0.0483 0.0150
59 0.3945 0.1184 0.2732 0.0685 0.1096 0.0358
60 0.0735 0.2710 0.2566 0.2585 0.0212 0.1193
61 0.4504 0.1764 0.2162 0.0610 0.0915 0.0045
62 0.5972 0.1545 0.1166 0.0649 0.0564 0.0104
63 0.0623 0.2159 0.1847 0.4431 0.0217 0.0723
64 0.0747 0.3977 0.4402 0.0551 0.0183 0.0138
65 0.0608 0.4255 0.4126 0.0652 0.0076 0.0283
66 0.3342 0.2522 0.2426 0.0663 0.0740 0.0306
67 0.1505 0.1932 0.2025 0.4424 0.0093 0.0021
68 0.5010 0.1871 0.1492 0.1412 0.0169 0.0048
69 0.0320 0.2827 0.3252 0.3152 0.0060 0.0388
70 0.0650 0.4373 0.1970 0.2651 0.0147 0.0208
71 0.3284 0.1515 0.1842 0.2898 0.0434 0.0028
72 0.3992 0.2346 0.1423 0.2054 0.0171 0.0015
73 0.0901 0.2129 0.1364 0.1807 0.0147 0.3650
74 0.0574 0.0909 0.0931 0.6411 0.0182 0.0991
75 0.0607 0.3867 0.1729 0.1346 0.0070 0.2382
76 0.1862 0.5474 0.1708 0.0696 0.0258 0.0005
77 0.1676 0.4736 0.1033 0.2152 0.0265 0.0138
78 0.0768 0.1802 0.6001 0.0871 0.0355 0.0205
79 0.0721 0.2788 0.2120 0.3208 0.0298 0.0864
80 0.0898 0.4026 0.3782 0.1050 0.0137 0.0110
81 0.2502 0.3394 0.1802 0.1934 0.0274 0.0096
82 0.0571 0.3723 0.2073 0.3186 0.0405 0.0043
83 0.0964 0.3499 0.0657 0.4424 0.0326 0.0129
84 0.1353 0.0930 0.0125 0.5264 0.1952 0.0376
85 0.3254 0.0890 0.0407 0.4114 0.0890 0.0444
86 0.1389 0.5669 0.1389 0.1357 0.0166 0.0026
87 0.2484 0.3557 0.0648 0.3164 0.0082 0.0065
88 0.2274 0.0798 0.0617 0.4216 0.1550 0.0544
89 0.3655 0.2378 0.1150 0.0895 0.1672 0.0251
90 0.1193 0.4753 0.2839 0.1012 0.0156 0.0046
91 0.0799 0.5542 0.2766 0.0799 0.0055 0.0037
92 0.3213 0.3213 0.0864 0.2242 0.0064 0.0405
93 0.1804 0.1249 0.0690 0.6011 0.0048 0.0199
94 0.3608 0.0558 0.2460 0.1327 0.1171 0.0877
95 0.2544 0.2859 0.0467 0.1906 0.1997 0.0228
96 0.3408 0.1853 0.1432 0.1853 0.1196 0.0257
97 0.0559 0.3706 0.2976 0.2690 0.0048 0.0021
98 0.0531 0.4622 0.2893 0.1824 0.0122 0.0008
99 0.0486 0.1906 0.1086 0.6445 0.0044 0.0034
100 0.1299 0.3940 0.0586 0.4097 0.0057 0.0023
101 0.2971 0.1616 0.1471 0.1707 0.1591 0.0643
102 0.4524 0.2257 0.0857 0.1109 0.1126 0.0126
103 0.2659 0.1625 0.2310 0.0424 0.2852 0.0130
104 0.4441 0.1711 0.2415 0.0329 0.0676 0.0429
105 0.1493 0.2405 0.0851 0.5049 0.0178 0.0024
106 0.1992 0.2258 0.1962 0.3416 0.0366 0.0007
107 0.1302 0.3796 0.1396 0.3403 0.0097 0.0003
108 0.2467 0.4983 0.1383 0.1020 0.0128 0.0020
109 0.3433 0.3486 0.0461 0.1633 0.0803 0.0186
110 0.0534 0.0502 0.1149 0.2250 0.5229 0.0334
111 0.1710 0.0983 0.1821 0.1938 0.3049 0.0498
112 0.1877 0.4365 0.1593 0.1764 0.0364 0.0038
113 0.2128 0.3096 0.2247 0.1486 0.1029 0.0015
114 0.0022 0.1318 0.0432 0.8203 0.0016 0.0008
115 0.0059 0.1450 0.1078 0.7251 0.0135 0.0028
116 0.0105 0.1337 0.1125 0.7114 0.0234 0.0087
117 0.1660 0.1572 0.0293 0.4045 0.1548 0.0882
118 0.2625 0.1567 0.0154 0.3142 0.2177 0.0336
119 0.1129 0.0807 0.1077 0.5732 0.0369 0.0886
120 0.2092 0.0943 0.2317 0.2839 0.0996 0.0813
121 0.0545 0.3416 0.3579 0.2072 0.0017 0.0371
122 0.0454 0.2532 0.3918 0.2491 0.0004 0.0601
123 0.0311 0.2092 0.6348 0.1103 0.0007 0.0141
124 0.3752 0.2258 0.1066 0.1978 0.0716 0.0231
125 0.1514 0.4963 0.1335 0.1335 0.0693 0.0157
126 0.3401 0.2507 0.1879 0.1429 0.0601 0.0182
127 0.0444 0.2135 0.1884 0.5449 0.0030 0.0056
128 0.0696 0.1953 0.4265 0.2886 0.0043 0.0155
129 0.2275 0.1492 0.4705 0.0536 0.0756 0.0236
130 0.3828 0.1047 0.2305 0.1088 0.1355 0.0376
131 0.2949 0.0384 0.0313 0.4861 0.1471 0.0023
132 0.0429 0.1669 0.0564 0.7085 0.0138 0.0117
133 0.1098 0.3279 0.0371 0.4771 0.0440 0.0043
134 0.1108 0.2103 0.3809 0.1915 0.0070 0.0994
135 0.4175 0.0656 0.3303 0.1699 0.0028 0.0141
136 0.0411 0.1445 0.4248 0.3633 0.0013 0.0251
137 0.0626 0.2534 0.1869 0.4849 0.0011 0.0111
138 0.0206 0.1232 0.1998 0.6450 0.0025 0.0086
139 0.0201 0.1085 0.1437 0.6963 0.0033 0.0279
140 0.1516 0.0905 0.0775 0.3469 0.2172 0.1162
141 0.0841 0.3682 0.2610 0.2415 0.0440 0.0012
142 0.3416 0.1946 0.1871 0.2384 0.0374 0.0008
143 0.3257 0.1285 0.3257 0.0715 0.0523 0.0963
144 0.2405 0.1844 0.2683 0.1145 0.0585 0.1339
145 0.1628 0.0872 0.2227 0.4497 0.0590 0.0186
146 0.0230 0.0655 0.7261 0.1752 0.0079 0.0023
147 0.0130 0.2554 0.4844 0.2435 0.0012 0.0026
148 0.1044 0.0409 0.0685 0.6104 0.1005 0.0753
149 0.4165 0.0345 0.0186 0.2487 0.2449 0.0370
150 0.0303 0.4424 0.3845 0.1339 0.0068 0.0021
151 0.1523 0.4512 0.2781 0.0815 0.0332 0.0036
152 0.3218 0.2144 0.0801 0.2505 0.0936 0.0396
153 0.1139 0.1462 0.2264 0.4946 0.0169 0.0019
154 0.0386 0.3752 0.4250 0.1516 0.0060 0.0036
155 0.2292 0.1976 0.1091 0.1401 0.3083 0.0155
156 0.1366 0.0583 0.1727 0.3462 0.1674 0.1187
157 0.2083 0.0953 0.2083 0.2454 0.1926 0.0502
158 0.0900 0.0147 0.0323 0.5342 0.1630 0.1655
159 0.2220 0.0495 0.0092 0.5005 0.1742 0.0447
160 0.4338 0.1647 0.1453 0.1659 0.0596 0.0307
161 0.3728 0.1615 0.0545 0.2444 0.1278 0.0390
162 0.3259 0.1199 0.0462 0.3337 0.1267 0.0473
163 0.1534 0.1194 0.5791 0.0615 0.0625 0.0243
164 0.0697 0.0753 0.1738 0.1608 0.2734 0.2471
165 0.1519 0.2837 0.2793 0.1460 0.0775 0.0618
166 0.3086 0.3752 0.0496 0.1256 0.0986 0.0424
167 0.3064 0.2258 0.0512 0.0492 0.3391 0.0283
168 0.2450 0.3245 0.1968 0.1807 0.0203 0.0329
169 0.1761 0.2316 0.3215 0.1616 0.0409 0.0684
170 0.0724 0.2754 0.4473 0.1498 0.0379 0.0172
171 0.2576 0.2421 0.0688 0.2169 0.2086 0.0058
172 0.3196 0.0410 0.1836 0.3027 0.1176 0.0356
173 0.0295 0.1364 0.6113 0.1893 0.0058 0.0277
174 0.3286 0.2405 0.0728 0.3262 0.0242 0.0080
175 0.1516 0.1978 0.5249 0.0589 0.0428 0.0240
176 0.0245 0.3979 0.5107 0.0416 0.0016 0.0235
177 0.3103 0.0924 0.1572 0.2571 0.1273 0.0556
178 0.4319 0.1296 0.0812 0.1627 0.1392 0.0554
179 0.2998 0.1331 0.0685 0.2126 0.2410 0.0449
180 0.2209 0.1891 0.0604 0.2485 0.2505 0.0306
181 0.0263 0.2384 0.6792 0.0481 0.0036 0.0042
182 0.2371 0.3877 0.1655 0.1846 0.0190 0.0061
183 0.1154 0.0745 0.3391 0.3135 0.1190 0.0386
184 0.3040 0.1787 0.0396 0.2480 0.1801 0.0496
185 0.2703 0.4221 0.0346 0.1172 0.1459 0.0098
186 0.4199 0.2355 0.1104 0.2178 0.0118 0.0047
187 0.0432 0.2046 0.6504 0.0776 0.0050 0.0192
188 0.0205 0.3083 0.5498 0.0948 0.0011 0.0257
189 0.2688 0.1373 0.0795 0.3821 0.0814 0.0509
190 0.3867 0.0662 0.1017 0.2256 0.1180 0.1017
191 0.6113 0.1213 0.0753 0.0959 0.0534 0.0426
192 0.5630 0.2008 0.1338 0.0750 0.0185 0.0088
193 0.3896 0.2086 0.1689 0.1813 0.0218 0.0296
194 0.3472 0.1888 0.0242 0.0728 0.3391 0.0278
195 0.3289 0.2242 0.0390 0.2581 0.1382 0.0119
196 0.0930 0.1353 0.5024 0.2338 0.0295 0.0060
197 0.1086 0.0820 0.0776 0.2076 0.3911 0.1331
198 0.1602 0.1639 0.0733 0.1564 0.3135 0.1327
199 0.1500 0.0720 0.5571 0.0910 0.1150 0.0147
200 0.0624 0.2264 0.1395 0.4946 0.0479 0.0290
201 0.2267 0.1738 0.2377 0.1985 0.1333 0.0300
202 0.5713 0.1179 0.0360 0.0948 0.1637 0.0161
203 0.0512 0.1602 0.5679 0.1576 0.0536 0.0097
204 0.1406 0.0281 0.0268 0.5742 0.1290 0.1013
205 0.2859 0.0648 0.0599 0.3367 0.1904 0.0623
206 0.1979 0.2834 0.1200 0.2705 0.1219 0.0064
207 0.2178 0.0753 0.5146 0.0937 0.0894 0.0093
208 0.2013 0.1383 0.5137 0.0505 0.0922 0.0039
209 0.2216 0.0719 0.4546 0.1243 0.1132 0.0145
210 0.0817 0.0970 0.1901 0.5415 0.0301 0.0598
211 0.1182 0.7017 0.0751 0.0375 0.0567 0.0112
212 0.1946 0.6040 0.0657 0.0792 0.0341 0.0224
213 0.2146 0.1281 0.0670 0.5146 0.0610 0.0147
