time exciting_prob fearful_prob tense_prob sad_prob relaxing_prob neutral_prob
0 0.1100 0.1527 0.1348 0.1348 0.0187 0.4490
1 0.1100 0.1527 0.1348 0.1348 0.0187 0.4490
2 0.4407 0.1476 0.0822 0.1214 0.1837 0.0247
3 0.5283 0.1335 0.1008 0.0849 0.1367 0.0157
4 0.5674 0.1731 0.1042 0.0318 0.1042 0.0193
5 0.2681 0.2153 0.2070 0.1117 0.1539 0.0441
6 0.3208 0.1799 0.1492 0.1379 0.1814 0.0305
7 0.3022 0.2795 0.2354 0.0147 0.1669 0.0015
8 0.2023 0.3132 0.0553 0.0933 0.2742 0.0617
9 0.2610 0.4236 0.2913 0.0085 0.0153 0.0004
10 0.2048 0.3979 0.0895 0.1223 0.1158 0.0697
11 0.0967 0.0494 0.6929 0.1149 0.0248 0.0213
12 0.2344 0.1179 0.5366 0.1024 0.0058 0.0030
13 0.2311 0.2347 0.3635 0.1638 0.0033 0.0035
14 0.4702 0.1771 0.1552 0.0704 0.1144 0.0126
15 0.1255 0.0773 0.2617 0.4966 0.0143 0.0247
16 0.4878 0.2673 0.1442 0.0309 0.0552 0.0144
17 0.1032 0.0792 0.2102 0.4849 0.0715 0.0511
18 0.1609 0.1559 0.5273 0.0565 0.0778 0.0214
19 0.1857 0.1227 0.3284 0.2170 0.1390 0.0069
20 0.0699 0.0575 0.2854 0.4216 0.1401 0.0255
21 0.3987 0.1160 0.2004 0.1688 0.0646 0.0515
22 0.1738 0.1711 0.4578 0.1711 0.0036 0.0226
23 0.1490 0.3521 0.2346 0.2203 0.0056 0.0383
24 0.2932 0.2266 0.2283 0.0853 0.1619 0.0048
25 0.3777 0.1538 0.2496 0.0978 0.0970 0.0241
26 0.3662 0.1170 0.2023 0.2637 0.0032 0.0477
27 0.3752 0.0756 0.2832 0.1946 0.0051 0.0662
28 0.2411 0.0605 0.5518 0.0649 0.0062 0.0753
29 0.3069 0.0735 0.4329 0.0974 0.0142 0.0752
30 0.5073 0.1796 0.1523 0.0835 0.0565 0.0205
31 0.1433 0.1197 0.4697 0.1561 0.1064 0.0046
32 0.4885 0.2477 0.1783 0.0362 0.0291 0.0200
33 0.6582 0.1091 0.1100 0.0544 0.0466 0.0220
34 0.0522 0.3000 0.2449 0.3914 0.0047 0.0068
35 0.3179 0.0593 0.1116 0.4148 0.0476 0.0488
36 0.3708 0.0518 0.0790 0.4473 0.0307 0.0204
37 0.4441 0.2715 0.1177 0.0665 0.0931 0.0070
38 0.0846 0.2014 0.5874 0.0853 0.0081 0.0334
39 0.2197 0.2756 0.3430 0.0771 0.0615 0.0230
40 0.5708 0.1265 0.1810 0.0693 0.0374 0.0149
41 0.5503 0.1307 0.1163 0.1058 0.0617 0.0352
42 0.3765 0.0388 0.0691 0.3621 0.0908 0.0629
43 0.1890 0.0198 0.1060 0.5342 0.0839 0.0674
44 0.1445 0.1915 0.4851 0.1285 0.0148 0.0354
45 0.0909 0.3174 0.4011 0.1647 0.0158 0.0100
46 0.2457 0.2700 0.3257 0.1049 0.0240 0.0298
47 0.1505 0.2225 0.4636 0.0942 0.0477 0.0213
48 0.1666 0.2664 0.2140 0.0193 0.3264 0.0073
49 0.3979 0.1522 0.1322 0.1453 0.1213 0.0510
50 0.2131 0.1214 0.4954 0.1272 0.0232 0.0197
51 0.2053 0.4280 0.1990 0.1161 0.0291 0.0227
52 0.0732 0.1943 0.1367 0.5537 0.0282 0.0136
53 0.3743 0.2847 0.1838 0.0483 0.0917 0.0174
54 0.0879 0.3423 0.2974 0.2583 0.0080 0.0063
55 0.2375 0.1558 0.3376 0.2064 0.0337 0.0290
56 0.3589 0.3452 0.1777 0.0429 0.0609 0.0144
57 0.4417 0.1625 0.2238 0.0417 0.1188 0.0116
58 0.5317 0.1064 0.1500 0.0896 0.0848 0.0374
59 0.4524 0.1100 0.1814 0.1962 0.0386 0.0215
60 0.2213 0.0300 0.0821 0.6016 0.0175 0.0475
61 0.2896 0.0662 0.0804 0.5083 0.0291 0.0267
62 0.1483 0.0258 0.0628 0.7417 0.0161 0.0053
63 0.4495 0.1051 0.0920 0.1995 0.0537 0.1003
64 0.3965 0.2500 0.2462 0.0642 0.0316 0.0113
65 0.4519 0.0918 0.1116 0.2761 0.0548 0.0139
66 0.2976 0.0873 0.1791 0.2795 0.1428 0.0137
67 0.4163 0.0936 0.1520 0.1763 0.1532 0.0087
68 0.5693 0.0482 0.1005 0.1631 0.1061 0.0126
69 0.2070 0.0622 0.1144 0.5630 0.0462 0.0073
70 0.2800 0.0475 0.0605 0.5610 0.0373 0.0133
71 0.7358 0.1289 0.0505 0.0505 0.0173 0.0168
72 0.4375 0.0954 0.2252 0.1727 0.0487 0.0203
73 0.4128 0.0706 0.0723 0.3848 0.0403 0.0192
74 0.3606 0.0170 0.1379 0.4150 0.0515 0.0181
75 0.2563 0.2751 0.2795 0.1260 0.0442 0.0189
76 0.2332 0.4189 0.2156 0.0623 0.0632 0.0069
77 0.4343 0.2167 0.1782 0.1142 0.0491 0.0075
78 0.3882 0.0573 0.2247 0.2411 0.0753 0.0134
79 0.2279 0.0858 0.2369 0.3877 0.0378 0.0238
80 0.1969 0.1879 0.4912 0.0945 0.0197 0.0100
81 0.5874 0.1619 0.0997 0.1232 0.0180 0.0095
82 0.2223 0.1447 0.5049 0.0667 0.0553 0.0062
83 0.5513 0.0638 0.2485 0.0475 0.0807 0.0080
84 0.5034 0.1215 0.2083 0.0861 0.0592 0.0214
85 0.1428 0.2627 0.5063 0.0542 0.0284 0.0052
86 0.1128 0.1219 0.3699 0.2971 0.0623 0.0360
87 0.1957 0.1700 0.3833 0.1727 0.0476 0.0307
88 0.1755 0.1245 0.4346 0.1898 0.0208 0.0548
89 0.5312 0.1168 0.1282 0.1940 0.0158 0.0137
90 0.3486 0.2472 0.1910 0.1031 0.0650 0.0450
91 0.0442 0.1438 0.7593 0.0304 0.0077 0.0149
92 0.2800 0.2610 0.3247 0.0916 0.0138 0.0288
93 0.2732 0.3733 0.2468 0.0789 0.0127 0.0151
94 0.1682 0.3398 0.2974 0.1405 0.0297 0.0244
95 0.5044 0.2256 0.1945 0.0278 0.0368 0.0108
96 0.0836 0.2185 0.6323 0.0444 0.0149 0.0062
97 0.2517 0.3689 0.3333 0.0199 0.0207 0.0056
98 0.0646 0.2827 0.3777 0.2419 0.0118 0.0213
99 0.2102 0.2102 0.3438 0.0646 0.1346 0.0365
100 0.1632 0.0353 0.1710 0.4834 0.0923 0.0547
101 0.2081 0.1302 0.4075 0.1713 0.0665 0.0163
102 0.2253 0.1366 0.3572 0.1133 0.1548 0.0127
103 0.2905 0.1111 0.3848 0.1085 0.0943 0.0107
104 0.2355 0.2144 0.3047 0.1332 0.1013 0.0110
105 0.4658 0.2983 0.1572 0.0263 0.0430 0.0092
106 0.3782 0.0627 0.3901 0.0877 0.0352 0.0462
107 0.0776 0.0981 0.3943 0.3762 0.0356 0.0182
108 0.1760 0.1482 0.3445 0.2561 0.0252 0.0500
109 0.0825 0.0445 0.4189 0.4060 0.0153 0.0328
110 0.1523 0.0635 0.2632 0.4695 0.0185 0.0330
111 0.1368 0.0441 0.4021 0.3660 0.0343 0.0167
112 0.3489 0.3743 0.0910 0.0312 0.1388 0.0157
113 0.0934 0.0919 0.7007 0.0994 0.0054 0.0091
114 0.0845 0.1309 0.4426 0.2642 0.0537 0.0242
115 0.0593 0.2876 0.3416 0.2659 0.0377 0.0080
116 0.1239 0.1043 0.6289 0.1164 0.0093 0.0170
117 0.1164 0.3020 0.3877 0.1426 0.0196 0.0318
118 0.1015 0.3381 0.3489 0.1523 0.0543 0.0050
119 0.0459 0.1348 0.5249 0.2440 0.0301 0.0205
120 0.2773 0.1462 0.3882 0.1069 0.0471 0.0342
121 0.2834 0.1578 0.2426 0.2426 0.0438 0.0299
122 0.3589 0.2668 0.2078 0.0467 0.1061 0.0137
123 0.2629 0.2800 0.4106 0.0209 0.0137 0.0118
124 0.5859 0.0885 0.1517 0.0668 0.0172 0.0898
125 0.4382 0.2401 0.1870 0.0756 0.0243 0.0349
126 0.1103 0.0826 0.3909 0.3191 0.0231 0.0740
127 0.5469 0.1350 0.0712 0.0309 0.1860 0.0301
128 0.1871 0.0844 0.3840 0.2122 0.1002 0.0320
129 0.2284 0.0753 0.3884 0.1893 0.0542 0.0644
130 0.2247 0.0568 0.1877 0.4795 0.0254 0.0258
131 0.2556 0.4053 0.2205 0.0213 0.0843 0.0129
132 0.4009 0.1570 0.1953 0.0665 0.1697 0.0108
133 0.4263 0.2354 0.1921 0.0581 0.0776 0.0105
134 0.1326 0.0448 0.1265 0.6733 0.0160 0.0069
135 0.2122 0.2539 0.3552 0.0739 0.0905 0.0143
136 0.2622 0.4160 0.1681 0.0541 0.0787 0.0209
137 0.4519 0.2382 0.0856 0.0682 0.1467 0.0096
138 0.2957 0.1365 0.2693 0.0708 0.2064 0.0216
139 0.4072 0.1821 0.2979 0.0376 0.0686 0.0066
140 0.3103 0.2781 0.1512 0.1741 0.0760 0.0102
141 0.3557 0.2444 0.1733 0.1448 0.0695 0.0124
142 0.1692 0.1589 0.1328 0.4058 0.0812 0.0520
143 0.2959 0.2378 0.1971 0.1910 0.0655 0.0125
144 0.1023 0.1941 0.3462 0.2781 0.0461 0.0332
145 0.0698 0.4211 0.3774 0.0862 0.0129 0.0325
146 0.1027 0.4092 0.3501 0.1051 0.0160 0.0170
147 0.2163 0.1510 0.2734 0.0834 0.2063 0.0696
148 0.1151 0.0969 0.2476 0.5000 0.0125 0.0280
149 0.5044 0.0977 0.1783 0.0849 0.0575 0.0773
150 0.2358 0.1262 0.4475 0.1080 0.0426 0.0400
151 0.1628 0.0283 0.0623 0.6392 0.0892 0.0183
152 0.1912 0.5405 0.2235 0.0090 0.0291 0.0067
153 0.1704 0.0182 0.1287 0.6138 0.0207 0.0484
154 0.5137 0.0788 0.1484 0.1192 0.0674 0.0723
155 0.2534 0.0395 0.3464 0.1990 0.0977 0.0641
156 0.3784 0.0196 0.0706 0.4746 0.0199 0.0369
157 0.6113 0.1282 0.1385 0.0429 0.0665 0.0122
158 0.0997 0.4648 0.2732 0.1013 0.0327 0.0281
159 0.4246 0.2021 0.2496 0.0230 0.0488 0.0519
160 0.2292 0.3550 0.1946 0.0451 0.1527 0.0232
161 0.2012 0.2751 0.2544 0.2280 0.0248 0.0165
162 0.3596 0.0708 0.1725 0.2935 0.0350 0.0686
163 0.4177 0.1377 0.0803 0.3008 0.0395 0.0239
164 0.2073 0.3088 0.2386 0.1746 0.0386 0.0320
165 0.2771 0.1506 0.4392 0.0668 0.0497 0.0168
166 0.2051 0.1234 0.2632 0.3054 0.0698 0.0332
167 0.1837 0.2340 0.2358 0.3125 0.0094 0.0247
168 0.4028 0.1154 0.1541 0.3088 0.0060 0.0129
169 0.2849 0.0410 0.0883 0.5620 0.0172 0.0066
170 0.5796 0.1837 0.1124 0.0137 0.0953 0.0153
171 0.3677 0.1281 0.2668 0.0859 0.1037 0.0479
172 0.4915 0.0681 0.0759 0.2081 0.1420 0.0145
173 0.4590 0.1000 0.0962 0.2134 0.1057 0.0259
174 0.4426 0.0516 0.1448 0.2388 0.0723 0.0500
175 0.1081 0.2379 0.2915 0.1897 0.1537 0.0191
176 0.2006 0.1703 0.1855 0.2119 0.2037 0.0280
177 0.3235 0.0562 0.3965 0.1381 0.0571 0.0287
178 0.4761 0.1158 0.0960 0.2510 0.0551 0.0060
179 0.4460 0.0638 0.0818 0.3394 0.0623 0.0068
180 0.0717 0.1667 0.2749 0.4463 0.0244 0.0160
181 0.0656 0.0896 0.3713 0.3953 0.0203 0.0579
182 0.0635 0.2395 0.3770 0.2395 0.0219 0.0587
183 0.2203 0.3333 0.2808 0.1152 0.0401 0.0104
184 0.1198 0.0531 0.2534 0.4380 0.0904 0.0451
185 0.3044 0.1818 0.2905 0.1331 0.0497 0.0406
186 0.1163 0.1774 0.5815 0.0477 0.0132 0.0637
187 0.2700 0.2136 0.4182 0.0351 0.0380 0.0251
188 0.1349 0.1639 0.4895 0.1627 0.0146 0.0344
189 0.0373 0.1499 0.3652 0.4338 0.0022 0.0116
190 0.1384 0.0659 0.6108 0.1520 0.0072 0.0258
191 0.2556 0.1179 0.4021 0.1899 0.0138 0.0207
192 0.2925 0.1934 0.0832 0.1530 0.2141 0.0638
193 0.2654 0.0984 0.5576 0.0123 0.0535 0.0126
194 0.1686 0.0539 0.4880 0.1560 0.0822 0.0514
195 0.2020 0.0540 0.2418 0.3987 0.0626 0.0407
196 0.1865 0.1780 0.4580 0.0874 0.0796 0.0104
197 0.1730 0.2119 0.4116 0.0843 0.0926 0.0265
198 0.2303 0.0403 0.5356 0.1063 0.0697 0.0175
199 0.1884 0.0255 0.5537 0.1444 0.0447 0.0434
200 0.2649 0.0367 0.4578 0.1396 0.0649 0.0361
201 0.3821 0.1450 0.2061 0.1967 0.0256 0.0446
202 0.1729 0.1000 0.5000 0.1958 0.0075 0.0238
203 0.2220 0.0843 0.5498 0.1170 0.0054 0.0215
204 0.1927 0.3435 0.4275 0.0269 0.0072 0.0019
205 0.1135 0.3496 0.4216 0.1033 0.0050 0.0068
206 0.1074 0.2103 0.3809 0.2007 0.0169 0.0837
207 0.0974 0.1332 0.1157 0.2566 0.0293 0.3677
208 0.0974 0.1332 0.1157 0.2566 0.0293 0.3677
