time exciting_prob fearful_prob tense_prob sad_prob relaxing_prob neutral_prob
0 0.0973 0.0474 0.1249 0.6250 0.0183 0.0872
1 0.0618 0.0734 0.0799 0.2642 0.4858 0.0352
2 0.0657 0.0721 0.0970 0.2119 0.4775 0.0756
3 0.2783 0.0307 0.1366 0.1838 0.3572 0.0133
4 0.5508 0.1693 0.1542 0.0099 0.1128 0.0031
5 0.1498 0.5146 0.2356 0.0416 0.0551 0.0032
6 0.2288 0.1635 0.3176 0.1443 0.1398 0.0061
7 0.3113 0.0520 0.2041 0.1887 0.2260 0.0180
8 0.2273 0.2477 0.4246 0.0365 0.0473 0.0167
9 0.1827 0.2898 0.2556 0.1515 0.0948 0.0255
10 0.5850 0.0849 0.1216 0.0709 0.1315 0.0063
11 0.1779 0.3538 0.2249 0.0847 0.1498 0.0091
12 0.6382 0.0678 0.0477 0.0647 0.1639 0.0175
13 0.3435 0.0465 0.0565 0.3228 0.2003 0.0305
14 0.0694 0.1691 0.2922 0.3259 0.0934 0.0500
15 0.2269 0.0491 0.0447 0.5884 0.0809 0.0100
16 0.2644 0.0467 0.0445 0.4939 0.1415 0.0090
17 0.1626 0.1652 0.1527 0.2722 0.2056 0.0417
18 0.9053 0.0103 0.0050 0.0060 0.0732 0.0001
19 0.8550 0.0071 0.0057 0.0068 0.1251 0.0002
20 0.1022 0.0725 0.0822 0.2778 0.4373 0.0280
21 0.8467 0.0066 0.0415 0.0865 0.0173 0.0012
22 0.7612 0.0050 0.0245 0.1409 0.0660 0.0025
23 0.0540 0.0197 0.0565 0.3865 0.4380 0.0454
24 0.0685 0.0202 0.0456 0.4004 0.4329 0.0323
25 0.3364 0.0812 0.1918 0.0885 0.2791 0.0231
26 0.2290 0.0349 0.0451 0.0955 0.5850 0.0107
27 0.2285 0.0573 0.1499 0.1633 0.3679 0.0329
28 0.3618 0.0345 0.0776 0.2062 0.2732 0.0467
29 0.3621 0.0615 0.1606 0.1232 0.2712 0.0214
30 0.0516 0.0371 0.1639 0.1058 0.4971 0.1447
31 0.7734 0.0228 0.1312 0.0214 0.0461 0.0051
32 0.8120 0.0073 0.0553 0.0476 0.0721 0.0055
33 0.1647 0.0620 0.2935 0.1621 0.0961 0.2216
34 0.1713 0.0731 0.1476 0.0611 0.5151 0.0317
35 0.1774 0.0851 0.1415 0.2834 0.2747 0.0378
36 0.2314 0.0818 0.0851 0.0360 0.5254 0.0399
37 0.0663 0.0304 0.1643 0.3372 0.3879 0.0140
38 0.0859 0.0266 0.2228 0.2408 0.4163 0.0076
39 0.3442 0.0126 0.0970 0.0122 0.5332 0.0009
40 0.2411 0.0204 0.0345 0.0107 0.6919 0.0014
41 0.0494 0.0115 0.0186 0.0144 0.9038 0.0024
42 0.1022 0.2377 0.5107 0.0874 0.0601 0.0017
43 0.0367 0.0428 0.6299 0.0614 0.2281 0.0012
44 0.0284 0.0435 0.1982 0.0479 0.6812 0.0006
45 0.0961 0.1107 0.3745 0.1421 0.2739 0.0027
46 0.1406 0.1508 0.1631 0.1221 0.4099 0.0135
47 0.6094 0.0306 0.1248 0.0186 0.2156 0.0009
48 0.1852 0.0742 0.1039 0.4656 0.0797 0.0917
49 0.1329 0.0297 0.1371 0.0489 0.6440 0.0073
50 0.0194 0.0423 0.4480 0.4771 0.0101 0.0032
51 0.1259 0.0550 0.1874 0.0396 0.5815 0.0106
52 0.3687 0.0140 0.0947 0.0228 0.4958 0.0041
53 0.1014 0.0967 0.5835 0.1909 0.0072 0.0203
54 0.1698 0.1140 0.3540 0.1407 0.2080 0.0134
55 0.1288 0.0717 0.3289 0.1787 0.2769 0.0151
56 0.0124 0.0039 0.0236 0.0099 0.9424 0.0080
57 0.3401 0.0915 0.4231 0.0173 0.1212 0.0068
58 0.3081 0.0531 0.1410 0.2474 0.2325 0.0179
59 0.1436 0.1577 0.2385 0.3933 0.0520 0.0150
60 0.4756 0.0151 0.0231 0.0356 0.4468 0.0039
61 0.3538 0.0400 0.1620 0.1292 0.2432 0.0719
62 0.0293 0.0199 0.5200 0.0332 0.3745 0.0229
63 0.2164 0.0660 0.1940 0.2913 0.1880 0.0443
64 0.2903 0.1077 0.0415 0.0387 0.5137 0.0081
65 0.3459 0.0049 0.0332 0.0426 0.5703 0.0030
66 0.0864 0.2189 0.0864 0.0225 0.5767 0.0090
67 0.0359 0.0148 0.0180 0.0033 0.9248 0.0032
68 0.1562 0.1575 0.4246 0.0811 0.1689 0.0117
69 0.1239 0.0541 0.2209 0.0550 0.5381 0.0079
70 0.1669 0.1484 0.5645 0.0505 0.0638 0.0057
71 0.1433 0.0738 0.3660 0.1841 0.2006 0.0322
72 0.2815 0.0489 0.0886 0.0043 0.5688 0.0081
73 0.2722 0.1703 0.2898 0.0245 0.2153 0.0280
74 0.1407 0.1938 0.3538 0.0089 0.2932 0.0096
75 0.4194 0.0059 0.0446 0.0068 0.5220 0.0011
76 0.1360 0.2747 0.1553 0.0128 0.4155 0.0056
77 0.2803 0.0828 0.2234 0.1477 0.2360 0.0300
78 0.1254 0.5117 0.1782 0.0093 0.1727 0.0029
79 0.3645 0.0233 0.0517 0.1300 0.4197 0.0108
80 0.2111 0.0456 0.0866 0.2429 0.2546 0.1593
81 0.2627 0.2998 0.1847 0.0262 0.2144 0.0123
82 0.3733 0.1311 0.1606 0.0981 0.2301 0.0067
83 0.1129 0.0290 0.5469 0.0550 0.1721 0.0839
84 0.2065 0.0953 0.1534 0.0324 0.4170 0.0953
85 0.2390 0.0546 0.4827 0.1340 0.0633 0.0264
86 0.2356 0.0506 0.0713 0.1620 0.4202 0.0605
87 0.1759 0.1993 0.1732 0.0492 0.3997 0.0028
88 0.1576 0.0114 0.0941 0.0553 0.6235 0.0580
89 0.2666 0.1906 0.0663 0.0268 0.4395 0.0102
90 0.2291 0.1009 0.0588 0.0255 0.5850 0.0006
91 0.2649 0.2411 0.1606 0.0649 0.1877 0.0807
92 0.2269 0.1313 0.0433 0.0327 0.5571 0.0083
93 0.3130 0.0823 0.1265 0.0955 0.3657 0.0171
94 0.3098 0.1808 0.2267 0.0564 0.1752 0.0510
95 0.0649 0.0680 0.2527 0.3096 0.0482 0.2566
96 0.3120 0.1373 0.1045 0.0701 0.3618 0.0141
97 0.0515 0.1073 0.0651 0.0395 0.7334 0.0033
98 0.7012 0.0292 0.0920 0.0311 0.1448 0.0017
99 0.1138 0.0764 0.0090 0.0088 0.7896 0.0023
100 0.0961 0.0828 0.0931 0.4443 0.1881 0.0953
101 0.3271 0.1864 0.1620 0.1671 0.0982 0.0591
102 0.0058 0.0041 0.0126 0.0016 0.9683 0.0075
103 0.0733 0.1886 0.2137 0.3691 0.1445 0.0106
104 0.4365 0.0436 0.0324 0.1406 0.3455 0.0014
105 0.3264 0.0474 0.0892 0.1259 0.4062 0.0048
106 0.1873 0.1110 0.0366 0.2368 0.4028 0.0255
107 0.4932 0.1118 0.0728 0.0215 0.2991 0.0017
108 0.3772 0.1421 0.1989 0.0515 0.1989 0.0315
109 0.3682 0.0237 0.0109 0.0072 0.5884 0.0021
110 0.4983 0.0820 0.1473 0.0649 0.2045 0.0029
111 0.1046 0.0625 0.0228 0.3948 0.3887 0.0265
112 0.4150 0.2310 0.0792 0.0622 0.1915 0.0211
113 0.2688 0.2062 0.1791 0.2126 0.1310 0.0022
114 0.3362 0.1144 0.0455 0.0285 0.4741 0.0011
115 0.3777 0.0255 0.0259 0.0427 0.5244 0.0041
116 0.3813 0.0424 0.0126 0.0728 0.4897 0.0010
117 0.5894 0.0842 0.0349 0.0042 0.2805 0.0069
118 0.4043 0.0447 0.0104 0.1940 0.3459 0.0007
119 0.5498 0.0715 0.0484 0.0229 0.2966 0.0109
120 0.3792 0.0262 0.0057 0.1013 0.4871 0.0005
121 0.3833 0.0855 0.1377 0.0206 0.3545 0.0184
122 0.2578 0.0508 0.0424 0.0232 0.6187 0.0072
123 0.3445 0.0864 0.0818 0.0311 0.4187 0.0378
124 0.4980 0.0839 0.2583 0.0361 0.1211 0.0025
125 0.3794 0.0406 0.0224 0.0222 0.5352 0.0004
126 0.5166 0.0349 0.0377 0.2598 0.1390 0.0121
127 0.6084 0.0401 0.0247 0.0335 0.2917 0.0016
128 0.4697 0.0410 0.0203 0.0119 0.4553 0.0016
129 0.2269 0.0249 0.0261 0.0583 0.6567 0.0071
130 0.0660 0.0991 0.3457 0.2340 0.1970 0.0582
131 0.2944 0.1758 0.2040 0.0338 0.2578 0.0341
132 0.1121 0.1260 0.2773 0.1709 0.2194 0.0944
133 0.0704 0.0080 0.0221 0.1444 0.7334 0.0218
134 0.1018 0.0143 0.0331 0.2900 0.5332 0.0274
135 0.8950 0.0165 0.0250 0.0361 0.0272 0.0004
136 0.7949 0.0301 0.0493 0.0467 0.0740 0.0048
137 0.5947 0.0315 0.1171 0.1785 0.0768 0.0017
138 0.8604 0.0099 0.0723 0.0292 0.0281 0.0003
139 0.6621 0.0939 0.1225 0.0117 0.1089 0.0005
140 0.6250 0.0901 0.0944 0.0364 0.1520 0.0019
141 0.1270 0.0334 0.4434 0.3674 0.0177 0.0112
142 0.4058 0.0481 0.0320 0.0208 0.4819 0.0112
143 0.1719 0.1257 0.1436 0.4287 0.1190 0.0112
144 0.5181 0.0288 0.0695 0.2729 0.0900 0.0209
145 0.8198 0.0222 0.0251 0.0235 0.1075 0.0016
146 0.1802 0.1127 0.5815 0.1084 0.0059 0.0113
147 0.3210 0.0622 0.0489 0.3811 0.1705 0.0162
148 0.6816 0.0543 0.0916 0.0226 0.1475 0.0023
149 0.3855 0.3650 0.0983 0.0821 0.0660 0.0032
150 0.5391 0.0952 0.2247 0.0505 0.0859 0.0046
151 0.6694 0.1653 0.0549 0.0678 0.0378 0.0050
152 0.3950 0.0714 0.0277 0.0610 0.4204 0.0245
153 0.1242 0.1429 0.6016 0.0555 0.0675 0.0081
154 0.4216 0.1144 0.0864 0.2008 0.1626 0.0142
155 0.5405 0.0401 0.2019 0.0179 0.1957 0.0041
156 0.3423 0.2749 0.2524 0.0958 0.0336 0.0009
157 0.4824 0.1790 0.2158 0.0463 0.0734 0.0030
158 0.1010 0.0705 0.5210 0.2661 0.0363 0.0054
159 0.6479 0.0177 0.0593 0.1100 0.1613 0.0038
160 0.8262 0.0057 0.0711 0.0580 0.0372 0.0016
161 0.0756 0.0346 0.1871 0.6328 0.0667 0.0029
162 0.1989 0.1000 0.3408 0.2417 0.0749 0.0437
163 0.2399 0.0374 0.3079 0.3279 0.0709 0.0162
164 0.1675 0.1160 0.1048 0.4019 0.1797 0.0303
165 0.6724 0.0426 0.0931 0.0368 0.1548 0.0004
166 0.7451 0.0103 0.0565 0.1356 0.0511 0.0014
167 0.3276 0.1205 0.2098 0.3030 0.0356 0.0033
168 0.2742 0.1841 0.2656 0.2273 0.0448 0.0040
169 0.5825 0.0326 0.1438 0.1776 0.0600 0.0035
170 0.3062 0.0263 0.0677 0.0933 0.4968 0.0098
171 0.1553 0.2463 0.4529 0.0825 0.0623 0.0006
172 0.7798 0.0312 0.0510 0.0703 0.0660 0.0019
173 0.2483 0.2791 0.2388 0.1934 0.0384 0.0023
174 0.4841 0.1055 0.1740 0.1838 0.0472 0.0053
175 0.2216 0.0154 0.0457 0.6313 0.0640 0.0219
176 0.8174 0.0514 0.0426 0.0201 0.0671 0.0015
177 0.1311 0.1176 0.1938 0.4797 0.0765 0.0013
178 0.0654 0.2507 0.3538 0.2886 0.0403 0.0010
179 0.5693 0.1311 0.0403 0.0944 0.1619 0.0030
180 0.7480 0.0591 0.0425 0.0350 0.1138 0.0014
181 0.1836 0.2568 0.0861 0.2529 0.2197 0.0010
182 0.6270 0.0507 0.2805 0.0091 0.0325 0.0003
183 0.0236 0.0899 0.1707 0.6338 0.0590 0.0229
184 0.3225 0.0162 0.0660 0.5317 0.0569 0.0069
185 0.6133 0.1001 0.0683 0.1125 0.0850 0.0208
186 0.4866 0.0559 0.0283 0.0144 0.4097 0.0052
187 0.5825 0.0600 0.0364 0.0192 0.2817 0.0201
188 0.1493 0.0717 0.4058 0.3262 0.0421 0.0051
189 0.7012 0.0920 0.0684 0.0363 0.0979 0.0040
190 0.2114 0.0834 0.2081 0.3652 0.1055 0.0265
191 0.1989 0.0917 0.6519 0.0511 0.0032 0.0031
192 0.1176 0.0290 0.6875 0.1312 0.0307 0.0042
193 0.2571 0.1273 0.1794 0.3740 0.0565 0.0057
194 0.4109 0.1420 0.1781 0.1443 0.1224 0.0024
195 0.1556 0.1078 0.1619 0.4985 0.0486 0.0277
196 0.2812 0.4028 0.1787 0.0445 0.0858 0.0070
197 0.1313 0.2695 0.4658 0.0611 0.0621 0.0101
198 0.3716 0.3330 0.1688 0.0709 0.0278 0.0280
199 0.2871 0.1048 0.0597 0.0159 0.5278 0.0045
200 0.0369 0.4033 0.5342 0.0198 0.0032 0.0026
201 0.2861 0.0233 0.0880 0.4131 0.1532 0.0361
202 0.3677 0.2690 0.2776 0.0403 0.0378 0.0079
203 0.2485 0.1875 0.4097 0.1372 0.0042 0.0129
204 0.2133 0.2269 0.1648 0.2378 0.0348 0.1224
205 0.7612 0.0334 0.0530 0.1030 0.0407 0.0084
206 0.2094 0.2354 0.2505 0.2390 0.0619 0.0039
207 0.0476 0.0236 0.3054 0.1882 0.4309 0.0043
208 0.0409 0.1980 0.3999 0.0729 0.2881 0.0001
209 0.0541 0.2090 0.1371 0.4492 0.1436 0.0070
210 0.1533 0.1375 0.4167 0.0551 0.2374 0.0001
211 0.0984 0.1455 0.5576 0.1151 0.0791 0.0042
212 0.0784 0.2866 0.2651 0.0692 0.2957 0.0051
213 0.0481 0.2277 0.6484 0.0411 0.0344 0.0001
214 0.5693 0.0302 0.1281 0.1300 0.1331 0.0094
215 0.6650 0.0149 0.0674 0.1776 0.0723 0.0026
216 0.0882 0.0626 0.4695 0.0829 0.2937 0.0031
217 0.8267 0.0493 0.0529 0.0183 0.0516 0.0012
218 0.1194 0.0573 0.3098 0.1292 0.3794 0.0050
219 0.2112 0.3074 0.3220 0.0587 0.0967 0.0041
220 0.3989 0.0199 0.1326 0.3574 0.0890 0.0022
221 0.0669 0.3372 0.2505 0.0334 0.3118 0.0003
222 0.7661 0.0746 0.0959 0.0118 0.0513 0.0003
223 0.0451 0.1769 0.1489 0.0918 0.5366 0.0009
224 0.8086 0.0347 0.0974 0.0135 0.0442 0.0014
225 0.1203 0.0505 0.7256 0.0847 0.0101 0.0090
226 0.0661 0.2612 0.3516 0.1741 0.1443 0.0026
227 0.3381 0.1324 0.1205 0.2417 0.1500 0.0172
228 0.0757 0.0899 0.5508 0.1707 0.1119 0.0010
229 0.0528 0.0405 0.2443 0.1019 0.5591 0.0013
230 0.0876 0.2036 0.2272 0.1124 0.3687 0.0006
231 0.0986 0.1171 0.4851 0.0466 0.2517 0.0009
232 0.0247 0.1536 0.6880 0.0835 0.0491 0.0010
233 0.1462 0.1440 0.6553 0.0464 0.0055 0.0024
234 0.0133 0.1493 0.1470 0.3472 0.3418 0.0013
235 0.0737 0.3743 0.2551 0.0376 0.2571 0.0022
236 0.0700 0.3875 0.3936 0.0378 0.1076 0.0034
237 0.0361 0.1969 0.5029 0.2412 0.0183 0.0046
238 0.1862 0.1012 0.1012 0.2505 0.0814 0.2795
239 0.1862 0.1012 0.1012 0.2505 0.0814 0.2795
240 0.1136 0.1553 0.1349 0.1288 0.0181 0.4492
