time exciting_prob fearful_prob tense_prob sad_prob relaxing_prob neutral_prob
0 0.1136 0.1553 0.1349 0.1288 0.0181 0.4492
1 0.0675 0.1204 0.1262 0.2935 0.1780 0.2146
2 0.0452 0.2539 0.0462 0.3811 0.1058 0.1678
3 0.0793 0.2480 0.0837 0.2312 0.1317 0.2258
4 0.0604 0.3669 0.0935 0.2407 0.1220 0.1164
5 0.0899 0.2834 0.0872 0.3264 0.0613 0.1517
6 0.0696 0.4578 0.1038 0.1354 0.0802 0.1533
7 0.0498 0.4475 0.1132 0.1970 0.0592 0.1333
8 0.0698 0.5894 0.0911 0.1315 0.1016 0.0170
9 0.0233 0.0860 0.0143 0.3621 0.5107 0.0037
10 0.0126 0.0673 0.0059 0.0599 0.8530 0.0013
11 0.0107 0.1449 0.0187 0.0537 0.7710 0.0012
12 0.0326 0.5386 0.0758 0.0996 0.2505 0.0030
13 0.1056 0.3987 0.0307 0.1882 0.0583 0.2184
14 0.1061 0.3818 0.0478 0.1320 0.0550 0.2773
15 0.1338 0.3694 0.0438 0.1469 0.0603 0.2460
16 0.0621 0.2101 0.0269 0.1324 0.0362 0.5322
17 0.1079 0.4009 0.0403 0.2734 0.0634 0.1140
18 0.1016 0.0385 0.0430 0.2379 0.0511 0.5278
19 0.0846 0.1061 0.0701 0.1581 0.0252 0.5562
20 0.1167 0.1014 0.1185 0.5835 0.0319 0.0479
21 0.0238 0.0274 0.0208 0.1127 0.0081 0.8071
22 0.0156 0.0242 0.0435 0.1617 0.0071 0.7476
23 0.0972 0.0266 0.0375 0.6440 0.0845 0.1102
24 0.1810 0.1974 0.1284 0.3384 0.1160 0.0388
25 0.0811 0.4812 0.1599 0.0269 0.2345 0.0165
26 0.1022 0.5742 0.1521 0.0288 0.1223 0.0204
27 0.0446 0.5308 0.1281 0.0629 0.2283 0.0056
28 0.0726 0.3987 0.1265 0.0786 0.3057 0.0178
29 0.0303 0.2676 0.0293 0.3892 0.2253 0.0583
30 0.0908 0.2710 0.0292 0.2061 0.3506 0.0525
31 0.1140 0.5186 0.0564 0.2196 0.0675 0.0239
32 0.0443 0.0616 0.0464 0.4338 0.3770 0.0367
33 0.0708 0.1333 0.0154 0.0490 0.7261 0.0054
34 0.0128 0.0818 0.0127 0.0452 0.8394 0.0079
35 0.0348 0.0903 0.1584 0.4377 0.2532 0.0255
36 0.0321 0.2161 0.1848 0.3193 0.1373 0.1104
37 0.0479 0.4951 0.1292 0.2651 0.0332 0.0295
38 0.0838 0.4321 0.1918 0.2140 0.0421 0.0360
39 0.0478 0.1920 0.1667 0.4980 0.0907 0.0048
40 0.0188 0.0377 0.0259 0.1335 0.7686 0.0158
41 0.0063 0.0678 0.0042 0.0768 0.8389 0.0062
42 0.0077 0.0347 0.0035 0.0212 0.9312 0.0016
43 0.0234 0.0851 0.0066 0.0303 0.8525 0.0019
44 0.0234 0.0861 0.0060 0.0277 0.8564 0.0005
45 0.0193 0.1592 0.0082 0.0290 0.7837 0.0008
46 0.0964 0.6431 0.0220 0.1307 0.1002 0.0075
47 0.2563 0.4395 0.0679 0.1449 0.0813 0.0103
48 0.1674 0.6416 0.0253 0.0656 0.0969 0.0035
49 0.1234 0.4766 0.0671 0.1063 0.1187 0.1080
50 0.1492 0.4780 0.1042 0.0705 0.0956 0.1025
51 0.0781 0.1052 0.2158 0.4788 0.0668 0.0554
52 0.1489 0.2515 0.0332 0.5156 0.0430 0.0078
53 0.1851 0.1711 0.0809 0.2065 0.1499 0.2065
54 0.1316 0.4966 0.0607 0.1236 0.0287 0.1587
55 0.0435 0.1119 0.1860 0.0988 0.0046 0.5552
56 0.0180 0.0833 0.0521 0.0997 0.0046 0.7422
57 0.0466 0.0979 0.0145 0.1917 0.6187 0.0306
58 0.0467 0.1949 0.0146 0.1210 0.5864 0.0361
59 0.1146 0.2445 0.0352 0.1438 0.0618 0.4001
60 0.0601 0.0725 0.0087 0.1609 0.0206 0.6772
61 0.1032 0.3574 0.0709 0.1008 0.1974 0.1702
62 0.0997 0.3618 0.0501 0.1095 0.1121 0.2668
63 0.0837 0.5127 0.0344 0.0891 0.1307 0.1493
64 0.0211 0.0494 0.0076 0.2097 0.6768 0.0353
65 0.0345 0.0430 0.0029 0.0822 0.8042 0.0332
66 0.0417 0.1562 0.0075 0.1400 0.6426 0.0120
67 0.0693 0.2035 0.0082 0.0848 0.6270 0.0072
68 0.0827 0.0596 0.0367 0.5229 0.0802 0.2179
69 0.1192 0.1832 0.0274 0.1935 0.0509 0.4258
70 0.1315 0.3489 0.0307 0.1178 0.0433 0.3279
71 0.0052 0.0542 0.0271 0.1619 0.7485 0.0031
72 0.0105 0.0293 0.0203 0.0451 0.8911 0.0036
73 0.0137 0.0067 0.0097 0.2177 0.0042 0.7480
74 0.1433 0.5405 0.1000 0.0630 0.0869 0.0661
75 0.0786 0.2637 0.0401 0.1538 0.1226 0.3413
76 0.0083 0.0643 0.0069 0.1239 0.7954 0.0010
77 0.0056 0.0335 0.0029 0.0232 0.9341 0.0009
78 0.0157 0.0452 0.1505 0.0463 0.7407 0.0016
79 0.0056 0.0075 0.0044 0.0096 0.9722 0.0006
80 0.0258 0.0187 0.0048 0.0167 0.9316 0.0022
81 0.0059 0.0050 0.0010 0.0058 0.9819 0.0001
82 0.1022 0.5840 0.0433 0.0526 0.2097 0.0083
83 0.0642 0.6333 0.1552 0.0558 0.0528 0.0389
84 0.0840 0.5391 0.0937 0.1384 0.0534 0.0915
85 0.1462 0.3823 0.0840 0.1113 0.0777 0.1984
86 0.0421 0.7637 0.1306 0.0325 0.0109 0.0200
87 0.1094 0.3940 0.1331 0.2142 0.0813 0.0679
88 0.0473 0.4026 0.1002 0.1018 0.0091 0.3391
89 0.2595 0.4148 0.0488 0.0947 0.0978 0.0843
90 0.2358 0.4272 0.0407 0.1283 0.1055 0.0625
91 0.1238 0.1830 0.0728 0.1339 0.4221 0.0643
92 0.1954 0.1510 0.1176 0.2321 0.1354 0.1685
93 0.2800 0.5356 0.1038 0.0556 0.0201 0.0048
94 0.2091 0.5425 0.0541 0.0973 0.0832 0.0137
95 0.1070 0.4299 0.1462 0.1439 0.1290 0.0439
96 0.0860 0.3823 0.0771 0.1953 0.1176 0.1417
97 0.1649 0.3716 0.0410 0.2964 0.0351 0.0911
98 0.1812 0.5493 0.0540 0.1422 0.0346 0.0386
99 0.1018 0.3064 0.0632 0.2947 0.0858 0.1482
100 0.0930 0.3621 0.0498 0.2430 0.1737 0.0783
101 0.0443 0.1086 0.0169 0.3853 0.2817 0.1631
102 0.1592 0.3240 0.0900 0.0757 0.1027 0.2484
103 0.0903 0.2476 0.0221 0.1335 0.0143 0.4922
104 0.0488 0.2383 0.0257 0.3691 0.0169 0.3013
105 0.1191 0.2260 0.0137 0.1732 0.0151 0.4529
106 0.0460 0.5181 0.1593 0.1581 0.0235 0.0951
107 0.0390 0.0537 0.0126 0.3213 0.0186 0.5552
108 0.1024 0.1215 0.0192 0.2288 0.0322 0.4958
109 0.0181 0.0107 0.0098 0.0590 0.0080 0.8945
110 0.0778 0.1824 0.0362 0.1399 0.0440 0.5195
111 0.0923 0.3220 0.0339 0.1464 0.0624 0.3428
112 0.2197 0.3679 0.0419 0.0945 0.0834 0.1924
113 0.0866 0.5605 0.1121 0.2111 0.0264 0.0036
114 0.0419 0.1643 0.0701 0.0801 0.5557 0.0880
115 0.0729 0.2389 0.2192 0.2334 0.1361 0.0996
116 0.2438 0.3989 0.0918 0.1898 0.0677 0.0080
117 0.1328 0.4709 0.2332 0.1085 0.0512 0.0032
118 0.1146 0.6543 0.1068 0.0648 0.0497 0.0099
119 0.0994 0.1639 0.0218 0.2206 0.2240 0.2703
120 0.1567 0.2771 0.0367 0.1044 0.2092 0.2158
121 0.1671 0.1407 0.0629 0.3323 0.1594 0.1375
122 0.0414 0.4312 0.2742 0.2238 0.0101 0.0195
123 0.0461 0.3105 0.0327 0.1133 0.4885 0.0089
124 0.1631 0.3093 0.1013 0.0753 0.3242 0.0268
125 0.0041 0.0100 0.0012 0.0373 0.9468 0.0007
126 0.0380 0.2385 0.0414 0.5010 0.1692 0.0119
127 0.0997 0.1221 0.2883 0.4004 0.0595 0.0299
128 0.0111 0.0765 0.0032 0.0337 0.8750 0.0007
129 0.0214 0.4175 0.0394 0.0875 0.4307 0.0035
130 0.0105 0.0569 0.0022 0.0382 0.8906 0.0014
131 0.0633 0.1875 0.0215 0.5176 0.2059 0.0041
132 0.0776 0.0789 0.1593 0.6201 0.0121 0.0517
133 0.0173 0.0926 0.0398 0.8125 0.0096 0.0285
134 0.0584 0.1857 0.0994 0.5718 0.0520 0.0325
135 0.0510 0.5435 0.0718 0.1096 0.1242 0.0998
136 0.1004 0.0794 0.1138 0.4570 0.0619 0.1875
137 0.1572 0.3176 0.1853 0.0961 0.0726 0.1713
138 0.1809 0.2634 0.2473 0.0953 0.1115 0.1015
139 0.0252 0.1279 0.0706 0.1279 0.6294 0.0187
140 0.0132 0.0285 0.0145 0.1041 0.8320 0.0075
141 0.0318 0.7134 0.0501 0.0764 0.1221 0.0063
142 0.0207 0.5947 0.0411 0.1552 0.1843 0.0039
143 0.0917 0.2166 0.1106 0.3354 0.0225 0.2234
144 0.0721 0.5542 0.0933 0.0756 0.0532 0.1515
145 0.0959 0.6060 0.0753 0.0345 0.0542 0.1342
146 0.0345 0.6777 0.0561 0.0491 0.0324 0.1500
147 0.0949 0.6284 0.1018 0.0594 0.0328 0.0825
148 0.0455 0.0878 0.5723 0.2241 0.0120 0.0584
149 0.0895 0.3740 0.4441 0.0530 0.0269 0.0123
150 0.1198 0.3660 0.2037 0.1702 0.0890 0.0515
151 0.0557 0.1885 0.1276 0.3748 0.0190 0.2345
152 0.0819 0.3447 0.2859 0.1077 0.0268 0.1530
153 0.1945 0.2617 0.4053 0.0817 0.0374 0.0196
154 0.0871 0.5293 0.1772 0.1010 0.0851 0.0202
155 0.0619 0.2524 0.1193 0.4036 0.0833 0.0795
156 0.1331 0.4231 0.1147 0.0696 0.0746 0.1848
157 0.1449 0.3940 0.0770 0.1240 0.0973 0.1630
158 0.1315 0.3154 0.0897 0.1099 0.0773 0.2761
159 0.1858 0.3843 0.0722 0.1084 0.0663 0.1830
160 0.1427 0.3672 0.1202 0.1340 0.0248 0.2109
161 0.0704 0.2004 0.1661 0.4961 0.0029 0.0641
162 0.1118 0.5503 0.2441 0.0662 0.0080 0.0197
163 0.2373 0.4006 0.2754 0.0638 0.0058 0.0172
164 0.0061 0.0229 0.9600 0.0108 0.0002 0.0001
165 0.0115 0.0999 0.8770 0.0087 0.0012 0.0018
166 0.0771 0.6880 0.1333 0.0379 0.0342 0.0295
167 0.0359 0.1205 0.0241 0.7856 0.0298 0.0040
168 0.0881 0.1836 0.2357 0.2285 0.0625 0.2017
169 0.1215 0.4622 0.2341 0.0882 0.0574 0.0368
170 0.0398 0.1294 0.0420 0.0779 0.0116 0.6992
171 0.0399 0.1077 0.0470 0.0474 0.0105 0.7476
172 0.0325 0.2185 0.6943 0.0269 0.0119 0.0157
173 0.0966 0.1044 0.5469 0.0770 0.0304 0.1449
174 0.1204 0.4011 0.0547 0.2712 0.1096 0.0429
175 0.0430 0.0911 0.0170 0.0855 0.0188 0.7446
176 0.0402 0.0689 0.0145 0.2903 0.0181 0.5684
177 0.0526 0.0561 0.0910 0.1205 0.0075 0.6724
178 0.0643 0.1449 0.2108 0.0460 0.0041 0.5298
179 0.1028 0.4260 0.1681 0.1580 0.1077 0.0375
180 0.1224 0.4692 0.0526 0.0822 0.1293 0.1443
181 0.0851 0.5298 0.0525 0.0653 0.2371 0.0301
182 0.0189 0.5918 0.1555 0.1351 0.0142 0.0846
183 0.0337 0.6206 0.0789 0.2178 0.0231 0.0260
184 0.0491 0.0715 0.0338 0.0561 0.0027 0.7866
185 0.1455 0.2634 0.2515 0.0458 0.2515 0.0427
186 0.0654 0.3948 0.3765 0.0551 0.0596 0.0486
187 0.0719 0.1766 0.2032 0.4653 0.0429 0.0400
188 0.2629 0.2302 0.1354 0.2250 0.0426 0.1038
189 0.0270 0.3882 0.0619 0.4197 0.0094 0.0937
190 0.1395 0.5352 0.0339 0.2627 0.0102 0.0186
191 0.1786 0.3135 0.0825 0.0837 0.0878 0.2539
192 0.1467 0.3633 0.1256 0.1066 0.0693 0.1885
193 0.2705 0.4092 0.1136 0.1459 0.0260 0.0349
194 0.2029 0.4941 0.1804 0.0807 0.0189 0.0229
195 0.2095 0.5649 0.0375 0.1053 0.0397 0.0432
196 0.2705 0.5913 0.0516 0.0467 0.0258 0.0142
197 0.0325 0.1901 0.3899 0.2898 0.0580 0.0398
198 0.0431 0.0919 0.0282 0.6631 0.1143 0.0593
199 0.0387 0.0812 0.0306 0.1719 0.0082 0.6694
200 0.0137 0.7603 0.0600 0.0586 0.0776 0.0299
201 0.0588 0.6128 0.1675 0.0962 0.0335 0.0315
202 0.1570 0.3826 0.0376 0.0834 0.0250 0.3147
203 0.1337 0.2135 0.1503 0.3604 0.0677 0.0744
204 0.3079 0.3225 0.2378 0.0875 0.0430 0.0013
205 0.2844 0.3711 0.0960 0.2233 0.0241 0.0012
206 0.0823 0.5200 0.1335 0.2307 0.0276 0.0059
207 0.0436 0.0535 0.0186 0.2166 0.0109 0.6567
208 0.1543 0.3069 0.0266 0.1202 0.0600 0.3318
209 0.3127 0.5488 0.0371 0.0803 0.0188 0.0020
210 0.2225 0.1371 0.1299 0.3530 0.1191 0.0384
211 0.1930 0.1074 0.1503 0.3413 0.1108 0.0970
212 0.0738 0.3865 0.1943 0.1356 0.1040 0.1057
213 0.1653 0.3933 0.0800 0.0906 0.1238 0.1470
214 0.1608 0.3796 0.0564 0.1487 0.1396 0.1149
215 0.0314 0.7729 0.0514 0.0342 0.1030 0.0070
216 0.1411 0.1152 0.0181 0.2827 0.4148 0.0282
217 0.1589 0.1692 0.0233 0.2405 0.3723 0.0357
218 0.1594 0.1013 0.0350 0.3564 0.2776 0.0702
219 0.3018 0.2603 0.0965 0.1846 0.1415 0.0155
220 0.1144 0.0994 0.0238 0.6040 0.1218 0.0368
221 0.1779 0.2710 0.0381 0.4399 0.0586 0.0143
222 0.3223 0.3123 0.0413 0.2888 0.0209 0.0145
223 0.3521 0.2576 0.0121 0.3132 0.0330 0.0320
224 0.1538 0.0602 0.0532 0.3633 0.0284 0.3413
225 0.5112 0.2529 0.0692 0.0359 0.1088 0.0219
226 0.5137 0.2505 0.0690 0.0358 0.1094 0.0217
227 0.5557 0.2211 0.0387 0.0350 0.1340 0.0156
228 0.5557 0.2211 0.0387 0.0350 0.1340 0.0156
229 0.5645 0.2144 0.0375 0.0367 0.1300 0.0168
