time exciting_prob fearful_prob tense_prob sad_prob relaxing_prob neutral_prob
0 0.3076 0.2114 0.3599 0.1080 0.0110 0.0020
1 0.2581 0.2542 0.3813 0.0950 0.0090 0.0024
2 0.3064 0.2834 0.2878 0.0987 0.0184 0.0053
3 0.2705 0.2878 0.3611 0.0632 0.0147 0.0028
4 0.4578 0.2649 0.2146 0.0370 0.0246 0.0011
5 0.2302 0.2451 0.3623 0.1312 0.0211 0.0101
6 0.2610 0.4172 0.2358 0.0714 0.0121 0.0025
7 0.2274 0.4741 0.2617 0.0247 0.0113 0.0005
8 0.1799 0.5854 0.2008 0.0253 0.0078 0.0006
9 0.1895 0.4236 0.3567 0.0211 0.0079 0.0011
10 0.1572 0.3328 0.4478 0.0464 0.0078 0.0080
11 0.1272 0.1558 0.3679 0.3196 0.0096 0.0198
12 0.0657 0.0689 0.1815 0.4934 0.0253 0.1653
13 0.0471 0.3945 0.2668 0.2318 0.0216 0.0381
14 0.0518 0.4409 0.3381 0.1031 0.0602 0.0058
15 0.1149 0.3884 0.2798 0.0795 0.1364 0.0009
16 0.2115 0.3892 0.2455 0.0443 0.1081 0.0013
17 0.2742 0.3254 0.1854 0.0836 0.1284 0.0030
18 0.1237 0.3442 0.4490 0.0366 0.0441 0.0022
19 0.0743 0.4810 0.2849 0.0862 0.0437 0.0296
20 0.0637 0.2421 0.5630 0.0756 0.0087 0.0473
21 0.0492 0.4629 0.3899 0.0641 0.0095 0.0244
22 0.0980 0.3066 0.5215 0.0470 0.0159 0.0112
23 0.1094 0.2625 0.4536 0.1069 0.0306 0.0370
24 0.1316 0.1975 0.5625 0.0767 0.0178 0.0140
25 0.0872 0.2815 0.4790 0.1077 0.0180 0.0266
26 0.0804 0.4412 0.3601 0.0715 0.0174 0.0293
27 0.0384 0.3262 0.4673 0.1219 0.0169 0.0292
28 0.0431 0.2242 0.5376 0.1565 0.0207 0.0177
29 0.0612 0.2700 0.5718 0.0677 0.0167 0.0125
30 0.0973 0.2952 0.4714 0.0900 0.0372 0.0088
31 0.1011 0.0524 0.5908 0.2278 0.0088 0.0193
32 0.1085 0.1996 0.4712 0.1604 0.0485 0.0118
33 0.1058 0.2725 0.3552 0.1338 0.1109 0.0218
34 0.0850 0.2854 0.3389 0.2122 0.0667 0.0118
35 0.0998 0.2357 0.4688 0.1122 0.0783 0.0052
36 0.0404 0.3252 0.5532 0.0715 0.0083 0.0011
37 0.0539 0.2612 0.3628 0.3008 0.0158 0.0053
38 0.0521 0.3215 0.3645 0.2505 0.0085 0.0029
39 0.0493 0.2073 0.5464 0.1774 0.0140 0.0058
40 0.0525 0.2335 0.5347 0.1473 0.0266 0.0055
41 0.0833 0.1428 0.3706 0.3374 0.0577 0.0081
42 0.0758 0.1052 0.5264 0.2448 0.0381 0.0099
43 0.1008 0.2102 0.5366 0.1179 0.0225 0.0119
44 0.1937 0.1281 0.3706 0.1849 0.1130 0.0097
45 0.1120 0.1818 0.4604 0.1604 0.0794 0.0059
46 0.0706 0.1542 0.4639 0.2683 0.0384 0.0048
47 0.0700 0.0648 0.1328 0.6045 0.0227 0.1051
48 0.0781 0.1191 0.3289 0.1627 0.3088 0.0023
49 0.1409 0.1925 0.5151 0.0334 0.1168 0.0010
50 0.0731 0.1064 0.4275 0.2781 0.1107 0.0043
51 0.0586 0.1028 0.5386 0.1833 0.1112 0.0053
52 0.1892 0.1521 0.3943 0.2111 0.0286 0.0246
53 0.1439 0.0989 0.4363 0.2646 0.0262 0.0302
54 0.0748 0.5840 0.3274 0.0107 0.0028 0.0003
55 0.0715 0.0749 0.4241 0.3801 0.0280 0.0213
56 0.0751 0.1018 0.5420 0.2405 0.0378 0.0031
57 0.2466 0.1847 0.4431 0.0419 0.0807 0.0032
58 0.0842 0.3152 0.2307 0.3408 0.0243 0.0047
59 0.2102 0.2964 0.1599 0.2363 0.0925 0.0047
60 0.0687 0.0430 0.0896 0.7383 0.0404 0.0198
61 0.2705 0.0988 0.2971 0.2368 0.0892 0.0076
62 0.0640 0.0219 0.1487 0.7554 0.0045 0.0055
63 0.1643 0.1086 0.5776 0.1211 0.0161 0.0122
64 0.0996 0.1260 0.3701 0.2524 0.1351 0.0169
65 0.0276 0.0435 0.1381 0.1470 0.6387 0.0051
66 0.0276 0.1503 0.2383 0.1975 0.3748 0.0116
67 0.0377 0.1552 0.3208 0.3523 0.1144 0.0196
68 0.0193 0.0443 0.2247 0.6709 0.0277 0.0132
69 0.0827 0.4578 0.2568 0.1148 0.0795 0.0084
70 0.1114 0.3540 0.2778 0.1583 0.0847 0.0139
71 0.1271 0.4868 0.2607 0.0309 0.0873 0.0072
72 0.0635 0.1881 0.4307 0.2003 0.0903 0.0271
73 0.0797 0.3054 0.4109 0.1323 0.0569 0.0147
74 0.1185 0.1620 0.4651 0.1737 0.0506 0.0302
75 0.0703 0.2532 0.3799 0.2166 0.0433 0.0367
76 0.0942 0.3813 0.3640 0.1011 0.0445 0.0150
77 0.0604 0.3340 0.3555 0.1979 0.0360 0.0161
78 0.0422 0.4470 0.3706 0.0859 0.0490 0.0054
79 0.0414 0.3899 0.4631 0.0607 0.0377 0.0071
80 0.0277 0.2585 0.2466 0.3589 0.0974 0.0112
81 0.0355 0.1277 0.3469 0.2137 0.2480 0.0280
82 0.0938 0.3948 0.4138 0.0248 0.0703 0.0026
83 0.0962 0.2118 0.4885 0.0274 0.1755 0.0004
84 0.0449 0.5640 0.3115 0.0336 0.0456 0.0006
85 0.0320 0.3813 0.4976 0.0590 0.0290 0.0011
86 0.0079 0.8071 0.1639 0.0202 0.0008 0.0001
87 0.0278 0.6685 0.2274 0.0657 0.0104 0.0004
88 0.0420 0.5884 0.3149 0.0416 0.0117 0.0015
89 0.1532 0.2666 0.3425 0.0614 0.1736 0.0028
90 0.0305 0.5674 0.3606 0.0213 0.0194 0.0008
91 0.1748 0.4065 0.2141 0.0299 0.1721 0.0026
92 0.0467 0.5015 0.2949 0.1239 0.0292 0.0039
93 0.1343 0.1406 0.2112 0.2932 0.2145 0.0063
94 0.1008 0.1676 0.1082 0.2290 0.3896 0.0049
95 0.1667 0.1681 0.1404 0.1340 0.3877 0.0031
96 0.2522 0.2140 0.1019 0.1995 0.2261 0.0064
97 0.1107 0.1294 0.0855 0.4446 0.2236 0.0061
98 0.0721 0.0386 0.1526 0.3494 0.3838 0.0035
99 0.1421 0.1107 0.2695 0.2455 0.2235 0.0087
100 0.1047 0.1243 0.1365 0.3740 0.2491 0.0116
101 0.1545 0.1792 0.1820 0.3794 0.0887 0.0162
102 0.1077 0.0922 0.2013 0.4465 0.1340 0.0181
103 0.1196 0.1782 0.1661 0.4409 0.0809 0.0142
104 0.1532 0.1121 0.1544 0.2688 0.2998 0.0117
105 0.0917 0.0868 0.1168 0.3921 0.3101 0.0027
106 0.0454 0.0515 0.1141 0.5532 0.2306 0.0054
107 0.0917 0.1040 0.1160 0.3081 0.3774 0.0029
108 0.1218 0.1117 0.3635 0.2578 0.1327 0.0126
109 0.0963 0.1650 0.2087 0.2440 0.2808 0.0051
110 0.0690 0.0988 0.3191 0.3616 0.1372 0.0145
111 0.2080 0.2302 0.3623 0.0867 0.1105 0.0022
112 0.1906 0.1920 0.4099 0.0997 0.1061 0.0018
113 0.2198 0.1726 0.4619 0.0403 0.1047 0.0007
114 0.2418 0.2118 0.3547 0.0743 0.1160 0.0013
115 0.1648 0.1674 0.5444 0.0822 0.0359 0.0050
116 0.0950 0.2664 0.4861 0.1329 0.0125 0.0071
117 0.0815 0.1880 0.4106 0.2778 0.0258 0.0163
118 0.1339 0.2747 0.4529 0.0980 0.0121 0.0283
119 0.3242 0.1310 0.2335 0.2485 0.0550 0.0078
120 0.0838 0.2157 0.5596 0.1248 0.0160 0.0004
121 0.1021 0.2566 0.5474 0.0746 0.0193 0.0002
122 0.1242 0.1646 0.6460 0.0436 0.0213 0.0005
123 0.0997 0.1923 0.4758 0.2213 0.0103 0.0006
124 0.2067 0.1177 0.3201 0.3079 0.0468 0.0011
125 0.2881 0.1846 0.3938 0.0832 0.0478 0.0027
126 0.1398 0.2737 0.3569 0.1910 0.0291 0.0098
127 0.1434 0.4385 0.3750 0.0282 0.0128 0.0019
128 0.0820 0.3674 0.4868 0.0471 0.0152 0.0017
129 0.1195 0.3379 0.4304 0.0342 0.0748 0.0031
130 0.0500 0.5454 0.3157 0.0646 0.0222 0.0018
131 0.0352 0.7114 0.2170 0.0320 0.0040 0.0002
132 0.0341 0.4392 0.4749 0.0276 0.0233 0.0009
133 0.0430 0.5703 0.3149 0.0225 0.0487 0.0005
134 0.0240 0.5430 0.3193 0.0814 0.0319 0.0003
135 0.1777 0.2318 0.4683 0.1005 0.0151 0.0066
136 0.1039 0.3625 0.3005 0.2148 0.0090 0.0090
137 0.1337 0.2498 0.3718 0.2169 0.0253 0.0024
138 0.1644 0.2111 0.3647 0.2449 0.0130 0.0019
139 0.3640 0.1760 0.3264 0.0885 0.0445 0.0006
140 0.2129 0.2214 0.3350 0.2048 0.0245 0.0014
141 0.1434 0.1458 0.5371 0.1348 0.0357 0.0032
142 0.0978 0.2786 0.3809 0.1976 0.0210 0.0240
143 0.1003 0.3115 0.4675 0.0950 0.0198 0.0058
144 0.2041 0.1482 0.4255 0.0949 0.1200 0.0074
145 0.1870 0.1025 0.4558 0.1217 0.1295 0.0034
146 0.1996 0.2028 0.3586 0.1085 0.1259 0.0046
147 0.0493 0.6553 0.2300 0.0387 0.0262 0.0006
148 0.0170 0.8281 0.1156 0.0339 0.0054 0.0001
149 0.0601 0.2148 0.4272 0.2673 0.0182 0.0124
150 0.0308 0.1855 0.5283 0.2169 0.0257 0.0125
151 0.0416 0.1823 0.6260 0.1132 0.0302 0.0067
152 0.0403 0.1223 0.6113 0.1242 0.0983 0.0036
153 0.0654 0.2145 0.5107 0.1765 0.0262 0.0067
154 0.0825 0.3188 0.4639 0.0906 0.0336 0.0105
155 0.1332 0.2229 0.4365 0.1709 0.0283 0.0082
156 0.1466 0.3684 0.4443 0.0257 0.0142 0.0008
157 0.1306 0.4351 0.2766 0.1108 0.0225 0.0244
158 0.0839 0.4395 0.4001 0.0599 0.0057 0.0111
159 0.0993 0.3308 0.4053 0.1009 0.0175 0.0462
160 0.0863 0.3230 0.4629 0.0762 0.0282 0.0234
161 0.0732 0.2219 0.6128 0.0349 0.0234 0.0338
162 0.1260 0.3704 0.2566 0.1484 0.0551 0.0435
163 0.1044 0.6758 0.1605 0.0399 0.0121 0.0075
164 0.1329 0.4426 0.3367 0.0470 0.0246 0.0161
165 0.1202 0.4717 0.3730 0.0215 0.0096 0.0037
166 0.2480 0.2683 0.3391 0.0647 0.0603 0.0197
167 0.1116 0.4626 0.3630 0.0343 0.0182 0.0102
168 0.0649 0.0302 0.1311 0.5781 0.0108 0.1848
169 0.1509 0.3169 0.4131 0.0654 0.0314 0.0224
170 0.1110 0.2903 0.4094 0.1019 0.0190 0.0684
171 0.1181 0.3137 0.4287 0.0728 0.0236 0.0431
172 0.0941 0.3469 0.4185 0.0612 0.0459 0.0335
173 0.0853 0.4541 0.3196 0.0502 0.0577 0.0331
174 0.0451 0.1125 0.2496 0.2830 0.2920 0.0178
175 0.2023 0.2898 0.1799 0.1227 0.1976 0.0076
176 0.2452 0.1986 0.2981 0.0991 0.1398 0.0194
177 0.3113 0.1589 0.3340 0.0668 0.1200 0.0092
178 0.2062 0.1037 0.4265 0.1820 0.0517 0.0299
179 0.0168 0.7686 0.1537 0.0293 0.0312 0.0006
180 0.0125 0.7236 0.1888 0.0470 0.0274 0.0006
181 0.0066 0.7847 0.1451 0.0605 0.0026 0.0007
182 0.0094 0.7666 0.1938 0.0177 0.0119 0.0006
183 0.0839 0.3020 0.3938 0.2043 0.0113 0.0047
184 0.1167 0.1302 0.5791 0.1407 0.0312 0.0022
185 0.0480 0.2676 0.5845 0.0779 0.0200 0.0022
186 0.1740 0.2473 0.4841 0.0848 0.0080 0.0019
187 0.1953 0.3098 0.4436 0.0321 0.0144 0.0048
188 0.1554 0.3115 0.4641 0.0517 0.0121 0.0052
189 0.1383 0.2427 0.4065 0.1920 0.0150 0.0055
190 0.3274 0.3594 0.2471 0.0486 0.0137 0.0038
191 0.1993 0.3784 0.2993 0.1059 0.0095 0.0075
192 0.1807 0.3823 0.3481 0.0783 0.0074 0.0030
193 0.1613 0.4185 0.2966 0.1153 0.0040 0.0043
194 0.1561 0.4380 0.2345 0.1611 0.0041 0.0061
195 0.1323 0.4011 0.2756 0.1753 0.0065 0.0092
196 0.1324 0.2325 0.4146 0.1989 0.0095 0.0119
197 0.1504 0.1266 0.3550 0.3389 0.0127 0.0165
198 0.1688 0.1216 0.3154 0.3574 0.0245 0.0119
199 0.2072 0.0728 0.3259 0.3525 0.0263 0.0152
200 0.2050 0.0697 0.2935 0.3889 0.0234 0.0195
201 0.2034 0.0583 0.2098 0.5034 0.0103 0.0146
202 0.2241 0.0455 0.1639 0.5464 0.0098 0.0104
203 0.6826 0.0720 0.0635 0.1323 0.0426 0.0066
204 0.5630 0.1237 0.1277 0.1277 0.0516 0.0064
205 0.2030 0.2336 0.1643 0.1532 0.0696 0.1763
206 0.4114 0.3464 0.0918 0.0561 0.0810 0.0133
207 0.4150 0.3440 0.0926 0.0562 0.0792 0.0128
208 0.4150 0.3550 0.0864 0.0528 0.0780 0.0126
209 0.2698 0.3464 0.1378 0.1082 0.0903 0.0476
