time exciting_prob fearful_prob tense_prob sad_prob relaxing_prob neutral_prob
0 0.3223 0.3540 0.0655 0.1323 0.0457 0.0802
1 0.0974 0.3047 0.0795 0.2393 0.0490 0.2301
2 0.1017 0.3184 0.1118 0.2040 0.0383 0.2258
3 0.0142 0.1503 0.4351 0.0084 0.3899 0.0022
4 0.0587 0.2197 0.2339 0.3594 0.0410 0.0874
5 0.0708 0.0953 0.7495 0.0498 0.0249 0.0096
6 0.0873 0.1558 0.4651 0.2196 0.0370 0.0353
7 0.1173 0.5596 0.1996 0.0572 0.0572 0.0091
8 0.0612 0.7275 0.1898 0.0102 0.0058 0.0053
9 0.1250 0.5967 0.1373 0.1231 0.0084 0.0095
10 0.0590 0.0659 0.1019 0.0235 0.7188 0.0309
11 0.0574 0.5576 0.1244 0.0910 0.1648 0.0047
12 0.0818 0.2559 0.1718 0.0396 0.3843 0.0668
13 0.0678 0.2725 0.3391 0.0144 0.2993 0.0069
14 0.1118 0.3579 0.1947 0.0126 0.3159 0.0070
15 0.1235 0.2068 0.2456 0.2068 0.1825 0.0348
16 0.0544 0.2037 0.3108 0.0190 0.3989 0.0132
17 0.1028 0.4868 0.2449 0.0591 0.1036 0.0027
18 0.0619 0.2446 0.5259 0.0201 0.1165 0.0309
19 0.0388 0.1396 0.4949 0.1122 0.0017 0.2129
20 0.0498 0.0725 0.7676 0.0257 0.0468 0.0376
21 0.0521 0.1231 0.5737 0.0724 0.0724 0.1061
22 0.0394 0.2001 0.6768 0.0161 0.0382 0.0293
23 0.0058 0.4563 0.3843 0.0073 0.0005 0.1459
24 0.0825 0.2947 0.5015 0.0927 0.0147 0.0140
25 0.0646 0.3359 0.3281 0.0607 0.0557 0.1550
26 0.0260 0.5513 0.2299 0.0590 0.0309 0.1028
27 0.0109 0.3003 0.2693 0.2164 0.0697 0.1333
28 0.0145 0.5049 0.3259 0.0296 0.0357 0.0891
29 0.0226 0.1542 0.5552 0.0062 0.2426 0.0191
30 0.1034 0.1018 0.2072 0.0050 0.5679 0.0150
31 0.0505 0.1776 0.4680 0.0119 0.2883 0.0037
32 0.0486 0.0680 0.1593 0.0173 0.6709 0.0361
33 0.0988 0.1816 0.2644 0.0886 0.3240 0.0428
34 0.0581 0.1696 0.6602 0.0605 0.0364 0.0153
35 0.0910 0.3054 0.2737 0.0189 0.2961 0.0149
36 0.0754 0.2844 0.2935 0.0170 0.3125 0.0172
37 0.0489 0.2881 0.5386 0.0252 0.0237 0.0757
38 0.0208 0.5889 0.2035 0.0479 0.0118 0.1273
39 0.0990 0.2145 0.2374 0.1710 0.1364 0.1417
40 0.1949 0.1846 0.4749 0.0087 0.1299 0.0072
41 0.0476 0.2150 0.6938 0.0186 0.0194 0.0053
42 0.0303 0.4058 0.4893 0.0180 0.0315 0.0251
43 0.0464 0.3347 0.5181 0.0460 0.0248 0.0299
44 0.0667 0.1227 0.3550 0.1117 0.3184 0.0255
45 0.0275 0.2668 0.6011 0.0268 0.0729 0.0050
46 0.0919 0.3523 0.3579 0.0424 0.1492 0.0064
47 0.0347 0.6196 0.1340 0.1831 0.0190 0.0096
48 0.0421 0.3638 0.2312 0.0418 0.0710 0.2500
49 0.0496 0.3159 0.4526 0.0431 0.0733 0.0652
50 0.0177 0.6787 0.2458 0.0086 0.0120 0.0371
51 0.0343 0.5322 0.3228 0.0561 0.0273 0.0271
52 0.0307 0.5527 0.3623 0.0058 0.0446 0.0038
53 0.0703 0.3569 0.5190 0.0114 0.0300 0.0124
54 0.0263 0.5493 0.1285 0.0798 0.0106 0.2053
55 0.0134 0.2113 0.1646 0.0998 0.0198 0.4912
56 0.0396 0.3293 0.2729 0.0148 0.3345 0.0086
57 0.0402 0.5776 0.2124 0.0148 0.1361 0.0190
58 0.0776 0.3909 0.2952 0.1340 0.0865 0.0159
59 0.0264 0.3196 0.3298 0.0188 0.2910 0.0144
60 0.0431 0.1108 0.4890 0.0864 0.0667 0.2039
61 0.0357 0.1298 0.5547 0.0470 0.0812 0.1516
62 0.2352 0.1519 0.4866 0.0279 0.0723 0.0262
63 0.1890 0.1164 0.1904 0.0090 0.4639 0.0313
64 0.0255 0.1676 0.2595 0.1032 0.0667 0.3777
65 0.0502 0.1088 0.4202 0.0413 0.1475 0.2321
66 0.0455 0.2021 0.4346 0.0194 0.1433 0.1550
67 0.0704 0.4084 0.3896 0.0077 0.1024 0.0215
68 0.0677 0.1771 0.3523 0.0086 0.3809 0.0134
69 0.0560 0.4272 0.4014 0.0230 0.0784 0.0139
70 0.0875 0.2893 0.3601 0.0151 0.2218 0.0263
71 0.1547 0.2491 0.1177 0.0731 0.2341 0.1713
72 0.1821 0.1418 0.1533 0.1821 0.3147 0.0260
73 0.1541 0.2727 0.0831 0.1615 0.1229 0.2058
74 0.2622 0.3699 0.1393 0.1720 0.0393 0.0173
75 0.0703 0.2693 0.3074 0.1301 0.0350 0.1880
76 0.0531 0.2554 0.4480 0.0507 0.0161 0.1769
77 0.0299 0.1003 0.3018 0.0253 0.0757 0.4673
78 0.2251 0.1866 0.0889 0.1476 0.3174 0.0342
79 0.2827 0.3330 0.1056 0.0621 0.2020 0.0146
80 0.0304 0.1060 0.2124 0.0554 0.5596 0.0361
81 0.0682 0.3491 0.1898 0.0969 0.2289 0.0671
82 0.0436 0.5151 0.2358 0.0271 0.1453 0.0329
83 0.0513 0.5513 0.2192 0.0513 0.0886 0.0387
84 0.1029 0.2179 0.3350 0.0801 0.1213 0.1429
85 0.0544 0.1915 0.6792 0.0236 0.0383 0.0130
86 0.0795 0.3945 0.3323 0.0361 0.1544 0.0033
87 0.0522 0.4949 0.3914 0.0277 0.0268 0.0072
88 0.0489 0.4749 0.4192 0.0452 0.0046 0.0072
89 0.1246 0.2273 0.4851 0.0301 0.1266 0.0065
90 0.0311 0.5352 0.3401 0.0517 0.0279 0.0143
91 0.0751 0.3066 0.3755 0.1666 0.0695 0.0066
92 0.1273 0.3152 0.3516 0.0121 0.1866 0.0073
93 0.0775 0.3113 0.5215 0.0092 0.0763 0.0046
94 0.0960 0.4236 0.3403 0.0714 0.0239 0.0450
95 0.0503 0.2742 0.3604 0.0188 0.2896 0.0069
96 0.0704 0.2271 0.4961 0.0291 0.1636 0.0139
97 0.1792 0.1893 0.3855 0.0264 0.2015 0.0180
98 0.0513 0.2793 0.3940 0.0525 0.1694 0.0533
99 0.0347 0.4465 0.2666 0.0764 0.1669 0.0089
100 0.0597 0.1989 0.6123 0.0105 0.0785 0.0401
101 0.0417 0.1869 0.6226 0.0184 0.0451 0.0856
102 0.2717 0.3079 0.2849 0.0760 0.0289 0.0305
103 0.0731 0.2285 0.3887 0.2671 0.0075 0.0350
104 0.1035 0.0913 0.3391 0.3289 0.0554 0.0818
105 0.1039 0.4478 0.2717 0.0835 0.0413 0.0518
106 0.1000 0.4448 0.3987 0.0215 0.0163 0.0186
107 0.1235 0.3230 0.3547 0.1526 0.0218 0.0243
108 0.1362 0.1078 0.2014 0.1544 0.0240 0.3762
109 0.0230 0.1813 0.3550 0.1503 0.0267 0.2637
110 0.0226 0.5151 0.3767 0.0157 0.0394 0.0305
111 0.0804 0.3833 0.4277 0.0804 0.0199 0.0083
112 0.0391 0.1987 0.6621 0.0146 0.0114 0.0743
113 0.0630 0.1431 0.6821 0.0483 0.0043 0.0591
114 0.1305 0.1783 0.3154 0.0836 0.1884 0.1040
115 0.1064 0.1572 0.4272 0.0348 0.1971 0.0772
116 0.1172 0.3904 0.1084 0.0276 0.3555 0.0010
117 0.0313 0.3420 0.4751 0.1164 0.0120 0.0231
118 0.0957 0.2296 0.2406 0.3669 0.0178 0.0493
119 0.0753 0.1697 0.2430 0.3884 0.0814 0.0422
120 0.1244 0.1000 0.3032 0.4209 0.0302 0.0215
121 0.0523 0.3438 0.5669 0.0110 0.0200 0.0062
122 0.0192 0.5918 0.3479 0.0104 0.0228 0.0082
123 0.0464 0.0981 0.3320 0.4756 0.0139 0.0342
124 0.0489 0.2729 0.6343 0.0135 0.0285 0.0018
125 0.0977 0.6997 0.1715 0.0107 0.0182 0.0021
126 0.0491 0.2988 0.5327 0.0536 0.0195 0.0465
127 0.0745 0.2123 0.6143 0.0299 0.0558 0.0135
128 0.0809 0.0356 0.1942 0.5039 0.0168 0.1687
129 0.0675 0.1923 0.2842 0.2546 0.0119 0.1893
130 0.2419 0.1235 0.3521 0.1433 0.1143 0.0249
131 0.0685 0.3318 0.2927 0.2177 0.0130 0.0764
132 0.0748 0.0821 0.5698 0.0112 0.2568 0.0054
133 0.0424 0.1704 0.1208 0.0496 0.5088 0.1083
134 0.0352 0.2769 0.2482 0.0722 0.2600 0.1075
135 0.0099 0.4460 0.3816 0.0478 0.0613 0.0533
136 0.0301 0.2727 0.3845 0.0425 0.2483 0.0217
137 0.0155 0.4126 0.4463 0.0237 0.0226 0.0794
138 0.0185 0.4282 0.3386 0.0165 0.1650 0.0330
139 0.0132 0.5239 0.2437 0.0621 0.1549 0.0023
140 0.0731 0.2781 0.3743 0.0263 0.2416 0.0067
141 0.0779 0.4736 0.3865 0.0216 0.0392 0.0011
142 0.0352 0.2832 0.2876 0.0175 0.3579 0.0184
143 0.0398 0.2084 0.1675 0.0110 0.5664 0.0068
144 0.0407 0.4587 0.3054 0.0110 0.1512 0.0330
145 0.0403 0.4724 0.2866 0.0064 0.1659 0.0284
146 0.0063 0.1156 0.3191 0.0309 0.0020 0.5264
147 0.0529 0.2264 0.2449 0.2908 0.0859 0.0989
148 0.2059 0.2465 0.1011 0.0740 0.3342 0.0381
149 0.1688 0.2896 0.0955 0.0798 0.3010 0.0656
150 0.0423 0.3918 0.2490 0.2822 0.0225 0.0121
151 0.0518 0.3457 0.0923 0.0129 0.2651 0.2322
152 0.0174 0.2026 0.1146 0.0336 0.0980 0.5337
153 0.1089 0.3152 0.3252 0.0293 0.2167 0.0044
154 0.0937 0.2507 0.3945 0.0450 0.1923 0.0239
155 0.0305 0.4517 0.3804 0.0667 0.0330 0.0377
156 0.0454 0.2981 0.4763 0.0367 0.0191 0.1243
157 0.0752 0.5962 0.2688 0.0103 0.0176 0.0321
158 0.1104 0.4436 0.3003 0.0286 0.0629 0.0542
159 0.1591 0.1747 0.5298 0.0980 0.0321 0.0065
160 0.0199 0.3323 0.5146 0.0908 0.0304 0.0121
161 0.0539 0.4441 0.1420 0.2097 0.0356 0.1149
162 0.0646 0.3032 0.3179 0.0265 0.2476 0.0401
163 0.0382 0.3228 0.2612 0.0351 0.1727 0.1700
164 0.1083 0.1858 0.4597 0.0825 0.1589 0.0048
165 0.0280 0.6997 0.2236 0.0153 0.0296 0.0038
166 0.0549 0.6094 0.2207 0.0255 0.0608 0.0287
167 0.0657 0.5415 0.2944 0.0240 0.0637 0.0105
168 0.0272 0.3779 0.2766 0.0683 0.0571 0.1930
169 0.0139 0.5933 0.1672 0.0223 0.0123 0.1910
170 0.1632 0.3916 0.3003 0.0361 0.0742 0.0345
171 0.0485 0.5908 0.2010 0.0399 0.0757 0.0438
172 0.1251 0.2732 0.1737 0.0171 0.3975 0.0135
173 0.0402 0.4531 0.3584 0.0872 0.0545 0.0065
174 0.1725 0.4543 0.1985 0.0171 0.1476 0.0100
175 0.0699 0.1871 0.4817 0.0603 0.0167 0.1842
176 0.0326 0.1923 0.4402 0.1046 0.1724 0.0582
177 0.0520 0.2479 0.5503 0.0257 0.1050 0.0191
178 0.1769 0.1433 0.2964 0.2656 0.0081 0.1099
179 0.4778 0.1144 0.2898 0.0360 0.0259 0.0562
180 0.0559 0.1736 0.3242 0.1270 0.2524 0.0669
181 0.0167 0.4211 0.4146 0.0698 0.0094 0.0682
182 0.0435 0.3914 0.2930 0.0789 0.1086 0.0846
183 0.1064 0.4958 0.0754 0.1700 0.0458 0.1064
184 0.1113 0.5781 0.0937 0.0175 0.1764 0.0229
185 0.1689 0.2742 0.3281 0.0349 0.1295 0.0641
186 0.1598 0.2272 0.4446 0.0298 0.0709 0.0677
187 0.0981 0.3733 0.3142 0.0160 0.1532 0.0453
188 0.0173 0.0757 0.0711 0.0069 0.8267 0.0021
189 0.0372 0.1815 0.2600 0.3445 0.1627 0.0139
190 0.0157 0.4524 0.2876 0.0500 0.1772 0.0170
191 0.1158 0.2712 0.1385 0.0551 0.4136 0.0056
192 0.0507 0.3521 0.4663 0.0251 0.0503 0.0557
193 0.1268 0.4358 0.3340 0.0728 0.0034 0.0272
194 0.0610 0.4236 0.3740 0.0660 0.0692 0.0062
195 0.0390 0.1707 0.3816 0.0334 0.1803 0.1949
196 0.0383 0.5986 0.2202 0.0222 0.1107 0.0099
197 0.1270 0.3672 0.2729 0.1289 0.0740 0.0299
198 0.0224 0.3391 0.4089 0.0466 0.1050 0.0781
199 0.0465 0.2893 0.3032 0.0856 0.1610 0.1142
200 0.0538 0.1140 0.1440 0.0610 0.6064 0.0208
201 0.1381 0.2106 0.2386 0.0331 0.3755 0.0043
202 0.0203 0.1750 0.5063 0.0568 0.1439 0.0974
203 0.0233 0.2981 0.5068 0.0457 0.0692 0.0569
204 0.0303 0.6133 0.2054 0.0496 0.0768 0.0247
205 0.0414 0.6777 0.2133 0.0192 0.0440 0.0045
206 0.0268 0.1516 0.6587 0.0871 0.0316 0.0441
207 0.0451 0.4084 0.5161 0.0185 0.0077 0.0040
208 0.0400 0.5112 0.2532 0.0487 0.1313 0.0156
209 0.0905 0.2137 0.2240 0.3208 0.1218 0.0289
210 0.0361 0.5176 0.3394 0.0452 0.0563 0.0053
211 0.0906 0.3420 0.3936 0.0399 0.1128 0.0212
212 0.0138 0.2957 0.2693 0.0147 0.0088 0.3979
213 0.0053 0.5459 0.2661 0.0041 0.0015 0.1772
214 0.0727 0.0837 0.2578 0.2329 0.0193 0.3335
215 0.1033 0.2498 0.3284 0.0926 0.1306 0.0955
216 0.0385 0.2937 0.5073 0.0128 0.0984 0.0491
217 0.0403 0.1835 0.4758 0.0827 0.1440 0.0735
218 0.0918 0.5000 0.3279 0.0263 0.0398 0.0141
219 0.0206 0.4062 0.2881 0.2279 0.0474 0.0096
220 0.0477 0.1050 0.3186 0.0034 0.5171 0.0084
221 0.0891 0.1801 0.2788 0.0057 0.4456 0.0007
222 0.1038 0.2529 0.3887 0.0327 0.1344 0.0874
223 0.0285 0.4031 0.5425 0.0043 0.0087 0.0132
224 0.0679 0.3586 0.5137 0.0137 0.0406 0.0054
225 0.0501 0.2588 0.4541 0.1670 0.0359 0.0342
226 0.0919 0.3899 0.3132 0.0844 0.1161 0.0043
227 0.0329 0.3950 0.2891 0.1499 0.0226 0.1105
228 0.0414 0.3059 0.4521 0.0208 0.0133 0.1664
229 0.0259 0.2827 0.3865 0.0427 0.1854 0.0767
230 0.0485 0.1614 0.4458 0.0837 0.2172 0.0435
231 0.0501 0.3906 0.4031 0.0181 0.1299 0.0080
232 0.1095 0.3425 0.4683 0.0217 0.0538 0.0043
233 0.0895 0.2568 0.1243 0.4438 0.0403 0.0450
234 0.0786 0.4485 0.3440 0.0911 0.0303 0.0076
235 0.1633 0.2778 0.2113 0.0400 0.2568 0.0506
236 0.0400 0.3564 0.3794 0.1053 0.1104 0.0083
237 0.0684 0.4678 0.3318 0.0826 0.0347 0.0149
238 0.0960 0.2822 0.1571 0.1149 0.1986 0.1511
239 0.0842 0.4141 0.2632 0.1007 0.1159 0.0218
240 0.0640 0.2759 0.5571 0.0112 0.0660 0.0258
241 0.0646 0.6426 0.2220 0.0232 0.0338 0.0135
242 0.0384 0.2445 0.3613 0.0648 0.0387 0.2522
243 0.0628 0.4192 0.3140 0.0812 0.0412 0.0818
244 0.0676 0.3149 0.3625 0.0271 0.0539 0.1740
245 0.0574 0.2532 0.2737 0.1081 0.1610 0.1466
246 0.0306 0.3242 0.4717 0.0435 0.0090 0.1211
247 0.0375 0.7837 0.0880 0.0043 0.0406 0.0460
248 0.0327 0.2959 0.2825 0.1334 0.1465 0.1089
249 0.0950 0.2026 0.2947 0.0262 0.3726 0.0089
250 0.0336 0.4087 0.4285 0.0220 0.0799 0.0274
251 0.0395 0.6528 0.2401 0.0096 0.0395 0.0187
252 0.0296 0.5771 0.3137 0.0215 0.0078 0.0504
253 0.0600 0.1819 0.1876 0.4944 0.0268 0.0493
254 0.0465 0.1912 0.4658 0.0791 0.1912 0.0261
255 0.0418 0.4026 0.4089 0.0647 0.0647 0.0174
256 0.0874 0.3325 0.2756 0.0051 0.2844 0.0148
257 0.0461 0.1071 0.6357 0.0254 0.1354 0.0506
258 0.0583 0.1489 0.6030 0.0433 0.0743 0.0720
259 0.0412 0.1720 0.7017 0.0180 0.0311 0.0360
260 0.1395 0.0807 0.0887 0.3455 0.0359 0.3096
261 0.1399 0.0749 0.0903 0.3687 0.0348 0.2915
