time exciting_prob fearful_prob tense_prob sad_prob relaxing_prob neutral_prob
0 0.1136 0.1553 0.1349 0.1288 0.0181 0.4492
1 0.1136 0.1553 0.1349 0.1288 0.0181 0.4492
2 0.9248 0.0121 0.0254 0.0226 0.0049 0.0100
3 0.9209 0.0108 0.0208 0.0280 0.0044 0.0149
4 0.9292 0.0125 0.0219 0.0197 0.0043 0.0126
5 0.9292 0.0125 0.0219 0.0196 0.0043 0.0126
6 0.9297 0.0123 0.0217 0.0194 0.0043 0.0128
7 0.2279 0.1517 0.2837 0.0935 0.0390 0.2042
8 0.2827 0.1107 0.2827 0.1000 0.0356 0.1884
9 0.1187 0.1115 0.0939 0.4692 0.0472 0.1597
10 0.1078 0.1619 0.0820 0.5063 0.0460 0.0959
11 0.1976 0.1058 0.1915 0.0451 0.4055 0.0544
12 0.2734 0.1122 0.2302 0.0634 0.2629 0.0578
13 0.1888 0.1248 0.2296 0.0920 0.2705 0.0942
14 0.0127 0.2081 0.4270 0.2433 0.0091 0.0999
15 0.0065 0.2971 0.2462 0.3582 0.0082 0.0838
16 0.0929 0.0914 0.1936 0.3506 0.0270 0.2446
17 0.0676 0.0923 0.2433 0.4404 0.0089 0.1476
18 0.1171 0.2206 0.1639 0.2240 0.0323 0.2422
19 0.1183 0.1405 0.1427 0.3369 0.0190 0.2427
20 0.0839 0.0839 0.1340 0.6006 0.0533 0.0442
21 0.1368 0.0496 0.2766 0.3086 0.0528 0.1758
22 0.0749 0.0593 0.2380 0.3804 0.0862 0.1611
23 0.0377 0.0427 0.3416 0.2537 0.0085 0.3157
24 0.0887 0.1406 0.3455 0.1130 0.0345 0.2776
25 0.1079 0.1646 0.4688 0.1322 0.0413 0.0854
26 0.0897 0.0792 0.4148 0.2595 0.0178 0.1389
27 0.0389 0.1305 0.6426 0.0985 0.0249 0.0646
28 0.0685 0.1148 0.2507 0.3765 0.0530 0.1364
29 0.0451 0.2151 0.2438 0.3081 0.0305 0.1573
30 0.1982 0.2487 0.1696 0.1069 0.2144 0.0624
31 0.0591 0.4910 0.3481 0.0490 0.0078 0.0450
32 0.0903 0.0731 0.1409 0.3655 0.0543 0.2759
33 0.0796 0.1243 0.4304 0.1823 0.0324 0.1511
34 0.0557 0.2036 0.1324 0.1178 0.0135 0.4771
35 0.0128 0.0837 0.0232 0.0333 0.0014 0.8457
36 0.0509 0.2179 0.1968 0.0675 0.0268 0.4402
37 0.0403 0.1194 0.3914 0.0250 0.0040 0.4199
38 0.0378 0.1416 0.3760 0.0381 0.0062 0.4001
39 0.0399 0.1218 0.1857 0.0986 0.0082 0.5459
40 0.0315 0.1625 0.2637 0.0174 0.0163 0.5083
41 0.0451 0.1266 0.2722 0.2598 0.0067 0.2898
42 0.0983 0.3682 0.2377 0.0208 0.0141 0.2610
43 0.0491 0.4275 0.2271 0.0158 0.0046 0.2761
44 0.1532 0.2126 0.5103 0.0264 0.0177 0.0801
45 0.0505 0.5430 0.2125 0.0294 0.0117 0.1531
46 0.0761 0.1538 0.1914 0.1743 0.0354 0.3689
47 0.0992 0.5117 0.3079 0.0123 0.0140 0.0548
48 0.1028 0.3882 0.4297 0.0093 0.0087 0.0614
49 0.2288 0.4656 0.2067 0.0145 0.0465 0.0379
50 0.1274 0.3633 0.3718 0.0473 0.0210 0.0693
51 0.2181 0.4138 0.2715 0.0162 0.0388 0.0416
52 0.1390 0.2810 0.4250 0.0445 0.0360 0.0745
53 0.1853 0.3804 0.3435 0.0192 0.0101 0.0616
54 0.2371 0.3420 0.3586 0.0149 0.0140 0.0334
55 0.2107 0.4062 0.3140 0.0181 0.0174 0.0336
56 0.2478 0.3523 0.3157 0.0173 0.0203 0.0466
57 0.1558 0.3025 0.4038 0.0334 0.0172 0.0873
58 0.2278 0.2812 0.4158 0.0197 0.0150 0.0405
59 0.1813 0.3779 0.3606 0.0203 0.0160 0.0441
60 0.1037 0.1439 0.2607 0.2607 0.0214 0.2095
61 0.1125 0.3777 0.2308 0.1703 0.0238 0.0850
62 0.1393 0.3669 0.2878 0.1119 0.0184 0.0757
63 0.1019 0.3044 0.3342 0.1259 0.0393 0.0943
64 0.1934 0.2727 0.2190 0.1172 0.0541 0.1437
65 0.1984 0.2930 0.3047 0.1332 0.0304 0.0403
66 0.1053 0.4038 0.3508 0.0944 0.0199 0.0256
67 0.2620 0.1614 0.4780 0.0369 0.0249 0.0369
68 0.1757 0.4348 0.1960 0.1083 0.0320 0.0532
69 0.0732 0.0398 0.1098 0.6943 0.0133 0.0698
70 0.1105 0.1014 0.5269 0.0538 0.0502 0.1570
71 0.0583 0.2018 0.5190 0.0295 0.0076 0.1837
72 0.0440 0.2238 0.3865 0.1943 0.0259 0.1255
73 0.1534 0.2081 0.3567 0.0999 0.0209 0.1608
74 0.0945 0.3855 0.3147 0.1096 0.0077 0.0881
75 0.1022 0.1852 0.4373 0.1559 0.0089 0.1105
76 0.1434 0.3440 0.3284 0.0811 0.0075 0.0955
77 0.0793 0.2788 0.4670 0.0647 0.0093 0.1010
78 0.0844 0.2810 0.3284 0.1600 0.0244 0.1218
79 0.1516 0.5049 0.2703 0.0462 0.0154 0.0115
80 0.1752 0.2866 0.2651 0.2080 0.0209 0.0443
81 0.1968 0.3269 0.2507 0.1593 0.0169 0.0493
82 0.1877 0.1509 0.3047 0.2527 0.0231 0.0807
83 0.1732 0.3262 0.3472 0.0987 0.0296 0.0250
84 0.1410 0.1943 0.3574 0.1854 0.0163 0.1057
85 0.1740 0.4109 0.3101 0.0583 0.0120 0.0348
86 0.0615 0.3682 0.2268 0.2233 0.0156 0.1047
87 0.0239 0.1421 0.5322 0.0178 0.0104 0.2739
88 0.0473 0.2478 0.4814 0.0434 0.0151 0.1650
89 0.1132 0.0938 0.1262 0.2759 0.0423 0.3486
90 0.0356 0.2932 0.5146 0.0108 0.0189 0.1271
91 0.1214 0.3149 0.2433 0.0731 0.0223 0.2251
92 0.0632 0.2207 0.4187 0.1200 0.0160 0.1614
93 0.0706 0.1949 0.5552 0.1182 0.0323 0.0287
94 0.0339 0.1747 0.6802 0.0892 0.0080 0.0140
95 0.0692 0.0447 0.2551 0.1344 0.0124 0.4841
96 0.0404 0.3132 0.5942 0.0063 0.0026 0.0431
97 0.0533 0.2244 0.4900 0.0512 0.0064 0.1747
98 0.1809 0.1388 0.2891 0.1781 0.0348 0.1781
99 0.0704 0.1041 0.2830 0.4451 0.0280 0.0693
100 0.1503 0.6133 0.1276 0.0315 0.0519 0.0255
101 0.0921 0.4500 0.3215 0.0174 0.0161 0.1028
102 0.0749 0.3894 0.4346 0.0111 0.0145 0.0755
103 0.0374 0.2854 0.0964 0.0455 0.0421 0.4932
104 0.0249 0.5977 0.2233 0.0130 0.0069 0.1344
105 0.0134 0.1984 0.1281 0.2627 0.0439 0.3535
106 0.0580 0.1068 0.1553 0.5503 0.0104 0.1191
107 0.1089 0.6167 0.1355 0.0239 0.0606 0.0543
108 0.0495 0.3574 0.4963 0.0386 0.0063 0.0519
109 0.0933 0.2615 0.2783 0.0897 0.0197 0.2576
110 0.0634 0.3242 0.4502 0.0309 0.0311 0.1004
111 0.1210 0.3088 0.4155 0.0673 0.0144 0.0728
112 0.2932 0.1078 0.1835 0.2668 0.0696 0.0789
113 0.1296 0.1481 0.3840 0.0905 0.0971 0.1504
114 0.0917 0.2651 0.3101 0.0999 0.0362 0.1970
115 0.0368 0.0616 0.2595 0.2678 0.0804 0.2939
116 0.1427 0.4001 0.2428 0.0604 0.0336 0.1202
117 0.2155 0.2479 0.2040 0.0662 0.0336 0.2329
118 0.0525 0.5728 0.3474 0.0082 0.0019 0.0172
119 0.0834 0.1006 0.2396 0.1523 0.0410 0.3828
120 0.0494 0.0391 0.0854 0.1621 0.0708 0.5933
121 0.1107 0.3228 0.2474 0.1304 0.0476 0.1410
122 0.1772 0.3313 0.2277 0.1218 0.0448 0.0972
123 0.0795 0.1222 0.2196 0.2820 0.0555 0.2412
124 0.0320 0.6748 0.1830 0.0068 0.0396 0.0637
125 0.1510 0.4727 0.1487 0.0975 0.0999 0.0302
126 0.1680 0.2058 0.2225 0.1239 0.0390 0.2407
127 0.2477 0.2053 0.2805 0.1346 0.0651 0.0667
128 0.3508 0.1451 0.1750 0.1364 0.0615 0.1311
129 0.1259 0.1382 0.2996 0.2075 0.0633 0.1654
130 0.2323 0.3486 0.1465 0.1511 0.0232 0.0983
131 0.1126 0.1917 0.3159 0.2347 0.0325 0.1126
132 0.0754 0.1986 0.1837 0.4475 0.0218 0.0731
133 0.0399 0.2350 0.6099 0.0618 0.0112 0.0425
134 0.1066 0.3062 0.5459 0.0045 0.0257 0.0112
135 0.1299 0.2625 0.4326 0.0384 0.1111 0.0256
136 0.0718 0.4231 0.4871 0.0038 0.0060 0.0084
137 0.0313 0.3875 0.4973 0.0276 0.0229 0.0333
138 0.0487 0.4106 0.4802 0.0062 0.0443 0.0100
139 0.0583 0.6729 0.1008 0.0065 0.0424 0.1188
140 0.0443 0.3682 0.4106 0.0114 0.0144 0.1511
141 0.0609 0.0594 0.2996 0.1035 0.1372 0.3394
142 0.0294 0.3018 0.2664 0.0092 0.0290 0.3640
143 0.0417 0.5718 0.2786 0.0080 0.0086 0.0912
144 0.0282 0.6562 0.2822 0.0023 0.0159 0.0152
145 0.0182 0.1208 0.1152 0.0215 0.0401 0.6841
146 0.0228 0.1735 0.1086 0.0156 0.0350 0.6445
147 0.0718 0.3701 0.3372 0.0231 0.0175 0.1804
148 0.0536 0.0411 0.1208 0.2365 0.0152 0.5327
149 0.0374 0.0864 0.1247 0.2349 0.0272 0.4895
150 0.0364 0.1510 0.1213 0.0373 0.0180 0.6357
151 0.0448 0.5122 0.1663 0.0121 0.0544 0.2102
152 0.0904 0.2135 0.2400 0.1501 0.0298 0.2761
153 0.0384 0.0674 0.2542 0.3816 0.0120 0.2465
154 0.0508 0.1059 0.4746 0.2386 0.0209 0.1093
155 0.0905 0.2898 0.3721 0.0792 0.1025 0.0662
156 0.1833 0.2817 0.3943 0.0288 0.0789 0.0331
157 0.0761 0.3521 0.4050 0.1161 0.0178 0.0330
158 0.0840 0.0518 0.1620 0.4009 0.0213 0.2800
159 0.0963 0.3958 0.3306 0.0371 0.0354 0.1049
160 0.1080 0.2532 0.4307 0.1205 0.0307 0.0569
161 0.0834 0.1647 0.4763 0.1409 0.0179 0.1168
162 0.0660 0.0916 0.7671 0.0453 0.0183 0.0117
163 0.0627 0.1799 0.2104 0.0830 0.0115 0.4524
164 0.0332 0.3513 0.5190 0.0322 0.0322 0.0322
165 0.0402 0.1799 0.5947 0.0083 0.0078 0.1691
166 0.1086 0.5518 0.3047 0.0144 0.0127 0.0081
167 0.0916 0.2629 0.4761 0.0208 0.0742 0.0747
168 0.1146 0.3938 0.3999 0.0027 0.0812 0.0076
169 0.1780 0.3123 0.3708 0.0087 0.0953 0.0348
170 0.0550 0.1980 0.5381 0.0352 0.0563 0.1173
171 0.0586 0.2710 0.5303 0.0133 0.1094 0.0175
172 0.0610 0.2095 0.4504 0.0413 0.0112 0.2266
173 0.1362 0.1997 0.3215 0.0958 0.0358 0.2109
174 0.0801 0.2230 0.3823 0.1166 0.0457 0.1521
175 0.0464 0.2673 0.5884 0.0181 0.0126 0.0671
176 0.0511 0.2344 0.5938 0.0225 0.0125 0.0856
177 0.1145 0.2057 0.3064 0.1705 0.0378 0.1653
178 0.0428 0.0788 0.1775 0.5386 0.0153 0.1472
179 0.0731 0.3174 0.5151 0.0069 0.0182 0.0692
180 0.1533 0.2301 0.3245 0.0104 0.2213 0.0605
181 0.0836 0.1742 0.3105 0.3359 0.0160 0.0798
182 0.0707 0.3000 0.5352 0.0443 0.0028 0.0471
183 0.0825 0.4712 0.3447 0.0347 0.0155 0.0512
184 0.1017 0.1731 0.2404 0.3782 0.0249 0.0818
185 0.1544 0.0967 0.2842 0.3823 0.0409 0.0416
186 0.1047 0.1365 0.2800 0.4011 0.0100 0.0676
187 0.0831 0.1266 0.1677 0.5249 0.0065 0.0912
188 0.1301 0.0908 0.3120 0.3945 0.0100 0.0624
189 0.0805 0.1901 0.1758 0.4490 0.0136 0.0912
190 0.0456 0.0685 0.2905 0.1819 0.0101 0.4033
191 0.0457 0.1271 0.5186 0.1658 0.0136 0.1292
192 0.2218 0.2781 0.3032 0.1024 0.0259 0.0687
193 0.0779 0.1274 0.2534 0.1410 0.0140 0.3862
194 0.0948 0.3416 0.2422 0.1401 0.0864 0.0948
195 0.1033 0.2854 0.2722 0.0891 0.0259 0.2240
196 0.1195 0.2571 0.4043 0.0286 0.0284 0.1621
197 0.1121 0.0538 0.3271 0.1053 0.0133 0.3884
198 0.1038 0.3767 0.3948 0.0483 0.0382 0.0382
199 0.0835 0.2269 0.3103 0.2454 0.0317 0.1023
200 0.1802 0.0372 0.4529 0.1339 0.0642 0.1318
201 0.1373 0.3911 0.3506 0.0581 0.0252 0.0378
202 0.0691 0.1877 0.3975 0.1439 0.0412 0.1605
203 0.1765 0.3247 0.2063 0.1510 0.0450 0.0967
204 0.0564 0.2062 0.6060 0.0873 0.0159 0.0281
205 0.0659 0.1835 0.3025 0.1166 0.0243 0.3071
206 0.1107 0.4731 0.3079 0.0457 0.0253 0.0374
207 0.1240 0.1862 0.5913 0.0425 0.0187 0.0372
208 0.1207 0.4019 0.1943 0.1357 0.1179 0.0293
209 0.1871 0.3638 0.3040 0.0751 0.0272 0.0431
210 0.0759 0.1290 0.1791 0.3733 0.0846 0.1581
211 0.1201 0.0980 0.2502 0.3875 0.0145 0.1298
212 0.1953 0.1582 0.3401 0.1104 0.0224 0.1737
213 0.0729 0.0922 0.3398 0.3674 0.0275 0.1004
214 0.0828 0.1432 0.2115 0.0440 0.0267 0.4919
215 0.1216 0.0662 0.2964 0.1467 0.0862 0.2827
216 0.1490 0.2808 0.3281 0.1716 0.0223 0.0480
217 0.2158 0.2261 0.2483 0.1068 0.0155 0.1875
218 0.0940 0.0804 0.1305 0.5498 0.0128 0.1326
219 0.0955 0.3865 0.2272 0.0969 0.0451 0.1489
220 0.0467 0.1846 0.3188 0.1681 0.0334 0.2484
221 0.0960 0.1633 0.2778 0.2651 0.1063 0.0916
222 0.1199 0.1171 0.2223 0.3135 0.0622 0.1652
223 0.0269 0.2356 0.6455 0.0453 0.0076 0.0391
224 0.0611 0.2986 0.4924 0.0388 0.0398 0.0693
225 0.0956 0.0566 0.1902 0.3608 0.1759 0.1208
226 0.0224 0.1176 0.2451 0.5029 0.0681 0.0439
227 0.0589 0.4321 0.2349 0.1639 0.0369 0.0733
228 0.0789 0.1240 0.2045 0.2883 0.0202 0.2839
229 0.0279 0.2336 0.5693 0.0564 0.0098 0.1029
230 0.0595 0.1321 0.2751 0.3704 0.0966 0.0664
231 0.1174 0.2751 0.2974 0.1211 0.1052 0.0839
232 0.0703 0.2048 0.4763 0.0237 0.0247 0.2001
233 0.2979 0.1698 0.1131 0.1724 0.0112 0.2357
234 0.1080 0.0903 0.7617 0.0205 0.0064 0.0133
235 0.0977 0.1537 0.7217 0.0111 0.0063 0.0094
236 0.0715 0.1357 0.7754 0.0078 0.0033 0.0065
237 0.1204 0.1522 0.6562 0.0118 0.0233 0.0359
238 0.0655 0.1686 0.7153 0.0108 0.0052 0.0348
239 0.1002 0.1359 0.7290 0.0135 0.0067 0.0150
240 0.1504 0.0970 0.6040 0.0310 0.0213 0.0963
241 0.0893 0.1060 0.7134 0.0355 0.0053 0.0505
242 0.1071 0.1633 0.5747 0.0888 0.0145 0.0518
243 0.0527 0.1235 0.7930 0.0119 0.0060 0.0129
244 0.0575 0.1082 0.7930 0.0149 0.0052 0.0211
245 0.1708 0.1735 0.1069 0.2686 0.0505 0.2297
