time exciting_prob fearful_prob tense_prob sad_prob relaxing_prob neutral_prob
0 0.0113 0.0650 0.2003 0.4729 0.0235 0.2269
1 0.0162 0.1923 0.3706 0.1670 0.0293 0.2247
2 0.3000 0.0680 0.3977 0.2063 0.0141 0.0138
3 0.1037 0.0370 0.1232 0.6978 0.0078 0.0307
4 0.8306 0.0889 0.0351 0.0122 0.0305 0.0027
5 0.1642 0.1382 0.3264 0.3115 0.0361 0.0237
6 0.1698 0.0300 0.1046 0.6211 0.0416 0.0329
7 0.1261 0.1282 0.2588 0.1725 0.0279 0.2866
8 0.1359 0.1359 0.5459 0.0864 0.0864 0.0094
9 0.0666 0.2150 0.2673 0.0772 0.1957 0.1782
10 0.1000 0.0218 0.3713 0.4844 0.0171 0.0055
11 0.0231 0.4072 0.3650 0.0765 0.0359 0.0923
12 0.4949 0.0145 0.0522 0.3855 0.0475 0.0056
13 0.0661 0.4275 0.3079 0.0574 0.0569 0.0842
14 0.0595 0.2505 0.2930 0.3645 0.0117 0.0206
15 0.0995 0.2747 0.4060 0.1298 0.0700 0.0201
16 0.0572 0.1021 0.2952 0.5181 0.0113 0.0161
17 0.0890 0.3281 0.1959 0.1840 0.1929 0.0102
18 0.0710 0.2742 0.2537 0.2920 0.0963 0.0128
19 0.0826 0.5264 0.2688 0.0013 0.1147 0.0059
20 0.1063 0.4990 0.3325 0.0022 0.0539 0.0061
21 0.1786 0.1814 0.2725 0.2223 0.1247 0.0207
22 0.1349 0.1191 0.0845 0.2090 0.1437 0.3088
23 0.0766 0.2781 0.3569 0.2491 0.0365 0.0029
24 0.0853 0.5605 0.2649 0.0025 0.0735 0.0133
25 0.0840 0.4199 0.3120 0.0034 0.1724 0.0085
26 0.2791 0.2278 0.2971 0.0623 0.1288 0.0048
27 0.1896 0.0625 0.2715 0.4141 0.0179 0.0443
28 0.0732 0.0830 0.3496 0.4487 0.0265 0.0188
29 0.0433 0.3984 0.2847 0.0499 0.1334 0.0903
30 0.1836 0.1954 0.2549 0.3123 0.0364 0.0176
31 0.1782 0.3831 0.1987 0.0032 0.2167 0.0200
32 0.0975 0.0288 0.5107 0.3457 0.0081 0.0092
33 0.0682 0.4810 0.2917 0.0052 0.1433 0.0105
34 0.1210 0.0788 0.5425 0.1289 0.1210 0.0077
35 0.2006 0.1025 0.3059 0.0919 0.2169 0.0823
36 0.0226 0.4324 0.3474 0.0445 0.1259 0.0272
37 0.8398 0.0723 0.0157 0.0184 0.0489 0.0047
38 0.1095 0.4102 0.3096 0.0347 0.1029 0.0331
39 0.0587 0.6113 0.2754 0.0072 0.0439 0.0037
40 0.1112 0.3245 0.3000 0.0209 0.2229 0.0206
41 0.0335 0.0767 0.2117 0.1810 0.0278 0.4695
42 0.1604 0.2837 0.3164 0.0609 0.1146 0.0638
43 0.1398 0.3101 0.3569 0.1794 0.0108 0.0028
44 0.3948 0.0450 0.1272 0.2935 0.0960 0.0436
45 0.2749 0.1578 0.4258 0.0109 0.0590 0.0717
46 0.0820 0.2864 0.2264 0.0331 0.3677 0.0044
47 0.1212 0.2668 0.3562 0.0915 0.1619 0.0022
48 0.0911 0.2477 0.4700 0.0876 0.0876 0.0160
49 0.1646 0.1685 0.4614 0.0406 0.1545 0.0106
50 0.1080 0.2250 0.5522 0.0714 0.0247 0.0186
51 0.1047 0.2472 0.3950 0.0307 0.2181 0.0043
52 0.0800 0.1541 0.4783 0.1068 0.1339 0.0470
53 0.0842 0.0616 0.4048 0.2474 0.0483 0.1537
54 0.0383 0.2617 0.4453 0.2347 0.0073 0.0124
55 0.0723 0.3394 0.3728 0.1996 0.0062 0.0097
56 0.0439 0.1011 0.0965 0.3318 0.4065 0.0204
57 0.0344 0.2898 0.5947 0.0492 0.0305 0.0013
58 0.0634 0.2732 0.6108 0.0179 0.0339 0.0012
59 0.0854 0.2529 0.3098 0.0269 0.3147 0.0104
60 0.0576 0.2974 0.4902 0.0130 0.1383 0.0037
61 0.0333 0.3083 0.5762 0.0138 0.0627 0.0055
62 0.0576 0.3530 0.5386 0.0066 0.0425 0.0018
63 0.0392 0.2423 0.6797 0.0057 0.0294 0.0036
64 0.2468 0.1384 0.2144 0.3823 0.0041 0.0140
65 0.1000 0.1929 0.5000 0.1929 0.0100 0.0041
66 0.0694 0.0540 0.1744 0.0948 0.5542 0.0532
67 0.1119 0.5508 0.3137 0.0011 0.0197 0.0030
68 0.0905 0.0920 0.3933 0.4058 0.0087 0.0097
69 0.2903 0.2192 0.3091 0.1299 0.0299 0.0215
70 0.1517 0.2903 0.2996 0.0331 0.1934 0.0321
71 0.6782 0.0823 0.0651 0.1008 0.0395 0.0343
72 0.4324 0.1693 0.2296 0.0818 0.0276 0.0594
73 0.4219 0.1947 0.3186 0.0156 0.0346 0.0147
74 0.0781 0.2157 0.2856 0.3904 0.0118 0.0183
75 0.2937 0.1443 0.3599 0.1713 0.0211 0.0097
76 0.2075 0.3188 0.3315 0.0942 0.0266 0.0212
77 0.3440 0.0756 0.1870 0.3604 0.0215 0.0117
78 0.1318 0.3237 0.4255 0.0950 0.0197 0.0041
79 0.2505 0.1722 0.3589 0.1497 0.0248 0.0439
80 0.0378 0.1669 0.2927 0.1405 0.0600 0.3020
81 0.0116 0.2747 0.4746 0.2277 0.0060 0.0056
82 0.0947 0.2698 0.5405 0.0179 0.0743 0.0029
83 0.0534 0.4541 0.1835 0.0551 0.0108 0.2430
84 0.1064 0.0896 0.1525 0.4768 0.0503 0.1244
85 0.1068 0.1278 0.3816 0.0906 0.1615 0.1318
86 0.1350 0.2332 0.4290 0.1076 0.0806 0.0148
87 0.0433 0.4309 0.2379 0.2417 0.0332 0.0131
88 0.7734 0.1022 0.0443 0.0665 0.0117 0.0019
89 0.1218 0.0727 0.1296 0.5288 0.1010 0.0459
90 0.0339 0.8413 0.1104 0.0034 0.0076 0.0031
91 0.1196 0.4373 0.3982 0.0118 0.0232 0.0098
92 0.1177 0.5615 0.2612 0.0382 0.0179 0.0032
93 0.2047 0.4614 0.3098 0.0078 0.0098 0.0067
94 0.0365 0.3359 0.4114 0.1715 0.0227 0.0220
95 0.2019 0.5239 0.1973 0.0249 0.0310 0.0213
96 0.0734 0.0806 0.4714 0.2996 0.0229 0.0521
97 0.0815 0.1685 0.4370 0.1969 0.0218 0.0945
98 0.0840 0.4070 0.4834 0.0130 0.0060 0.0065
99 0.3281 0.3306 0.2534 0.0447 0.0265 0.0165
100 0.0895 0.5703 0.2034 0.0479 0.0131 0.0760
101 0.0709 0.5322 0.2783 0.0671 0.0149 0.0368
102 0.2590 0.2737 0.3889 0.0356 0.0253 0.0175
103 0.0395 0.1108 0.6089 0.2205 0.0185 0.0018
104 0.0852 0.2883 0.2666 0.0740 0.2793 0.0066
105 0.0355 0.0572 0.1819 0.0846 0.5869 0.0538
106 0.2139 0.3525 0.3418 0.0369 0.0448 0.0100
107 0.0947 0.1294 0.2554 0.0149 0.4998 0.0061
108 0.1875 0.5098 0.2158 0.0509 0.0209 0.0152
109 0.1656 0.4907 0.2817 0.0353 0.0235 0.0031
110 0.1270 0.5303 0.2861 0.0331 0.0201 0.0032
111 0.0674 0.7417 0.1383 0.0264 0.0212 0.0052
112 0.1458 0.4058 0.4058 0.0246 0.0123 0.0060
113 0.1671 0.3855 0.3679 0.0518 0.0224 0.0054
114 0.1382 0.5215 0.2542 0.0706 0.0111 0.0042
115 0.2245 0.3291 0.3848 0.0268 0.0309 0.0040
116 0.1436 0.1577 0.3965 0.2224 0.0474 0.0325
117 0.0907 0.1230 0.4607 0.2334 0.0089 0.0833
118 0.2006 0.3662 0.3521 0.0499 0.0194 0.0119
119 0.2043 0.4751 0.2603 0.0323 0.0195 0.0083
120 0.1770 0.3438 0.3716 0.0720 0.0269 0.0087
121 0.0649 0.1968 0.2627 0.0329 0.4402 0.0025
122 0.0624 0.2488 0.3538 0.0324 0.3000 0.0025
123 0.0545 0.1760 0.3584 0.0529 0.3528 0.0055
124 0.0944 0.6255 0.1696 0.0350 0.0526 0.0231
125 0.0768 0.4387 0.4058 0.0352 0.0261 0.0174
126 0.1820 0.3855 0.2145 0.0133 0.1953 0.0095
127 0.2524 0.3022 0.2817 0.1340 0.0128 0.0169
128 0.1757 0.1770 0.2021 0.0112 0.4116 0.0225
129 0.0733 0.3667 0.2480 0.0234 0.2769 0.0118
130 0.0314 0.2979 0.3538 0.0108 0.3027 0.0035
131 0.1885 0.1959 0.4084 0.0357 0.1599 0.0115
132 0.2279 0.1531 0.4824 0.0328 0.0995 0.0041
133 0.0099 0.2124 0.0668 0.6646 0.0438 0.0024
134 0.0415 0.2839 0.2390 0.3589 0.0740 0.0028
135 0.0723 0.1495 0.2583 0.4194 0.0653 0.0350
136 0.0508 0.1010 0.1638 0.1447 0.5371 0.0025
137 0.2969 0.1947 0.1678 0.2024 0.0558 0.0825
138 0.1898 0.2637 0.1770 0.1255 0.2053 0.0389
139 0.0584 0.0811 0.3691 0.1218 0.2460 0.1237
140 0.1569 0.2668 0.1877 0.2488 0.1290 0.0107
141 0.2052 0.2849 0.4111 0.0503 0.0253 0.0232
142 0.1440 0.2488 0.4722 0.0582 0.0094 0.0675
143 0.3105 0.3384 0.2739 0.0137 0.0221 0.0414
144 0.1294 0.4412 0.2761 0.0666 0.0842 0.0026
145 0.0918 0.4773 0.2118 0.0377 0.1216 0.0598
146 0.0605 0.4138 0.4011 0.0139 0.0815 0.0293
147 0.1399 0.1754 0.1160 0.3079 0.0797 0.1810
148 0.2583 0.2974 0.1027 0.1299 0.1239 0.0879
149 0.0564 0.5518 0.2145 0.0262 0.1261 0.0250
150 0.0733 0.4055 0.3135 0.0805 0.0346 0.0927
151 0.0483 0.0251 0.1141 0.7676 0.0235 0.0211
152 0.0980 0.4192 0.2927 0.0064 0.1775 0.0064
153 0.0471 0.0880 0.1765 0.0370 0.6455 0.0059
154 0.0681 0.4373 0.2632 0.1753 0.0539 0.0023
155 0.0744 0.2402 0.2498 0.3284 0.1017 0.0055
156 0.1179 0.0962 0.2219 0.2761 0.2476 0.0404
157 0.0224 0.6392 0.3264 0.0018 0.0082 0.0019
158 0.0662 0.4023 0.5010 0.0123 0.0098 0.0086
159 0.1779 0.3147 0.3564 0.0112 0.0887 0.0510
160 0.2444 0.1995 0.2856 0.2406 0.0145 0.0154
161 0.1678 0.1144 0.2258 0.4634 0.0050 0.0236
162 0.3650 0.2001 0.1969 0.1738 0.0510 0.0133
163 0.0657 0.0787 0.2482 0.0652 0.5337 0.0087
164 0.0454 0.0338 0.6372 0.1561 0.1255 0.0022
165 0.1963 0.1172 0.4026 0.1577 0.1238 0.0025
166 0.2808 0.1161 0.2328 0.2291 0.1390 0.0021
167 0.1591 0.0378 0.4062 0.3816 0.0088 0.0063
168 0.1148 0.0403 0.3650 0.1594 0.2979 0.0226
169 0.0481 0.4155 0.2090 0.2368 0.0864 0.0043
170 0.0331 0.4648 0.4507 0.0204 0.0226 0.0084
171 0.1588 0.5044 0.2898 0.0094 0.0247 0.0127
172 0.0891 0.4421 0.3667 0.0067 0.0871 0.0084
173 0.0635 0.1324 0.3655 0.0687 0.3079 0.0620
174 0.0646 0.1930 0.3037 0.0715 0.2808 0.0863
175 0.0231 0.6758 0.2335 0.0154 0.0260 0.0262
176 0.2079 0.2096 0.3245 0.1486 0.0119 0.0975
177 0.1838 0.2893 0.4175 0.0579 0.0130 0.0385
178 0.0652 0.3474 0.3936 0.0585 0.0057 0.1298
179 0.1765 0.3430 0.4138 0.0327 0.0104 0.0237
180 0.1915 0.3550 0.3899 0.0289 0.0167 0.0181
181 0.1456 0.2537 0.5454 0.0171 0.0124 0.0259
182 0.1392 0.2385 0.2922 0.0438 0.2106 0.0757
183 0.1586 0.4624 0.2986 0.0188 0.0465 0.0154
184 0.1129 0.3291 0.1965 0.2446 0.1036 0.0133
185 0.0872 0.4570 0.3242 0.0758 0.0439 0.0119
186 0.1594 0.3508 0.3794 0.0513 0.0104 0.0486
187 0.1063 0.3887 0.4268 0.0235 0.0195 0.0353
188 0.2671 0.3708 0.3274 0.0188 0.0137 0.0020
189 0.1443 0.0961 0.2695 0.4045 0.0359 0.0498
190 0.0193 0.3994 0.4670 0.0374 0.0175 0.0594
191 0.1114 0.3567 0.4763 0.0173 0.0189 0.0193
192 0.3103 0.0977 0.1477 0.1056 0.2695 0.0692
193 0.2595 0.2742 0.2457 0.0441 0.1255 0.0511
194 0.0835 0.5322 0.2847 0.0094 0.0666 0.0237
195 0.1126 0.3870 0.3132 0.0083 0.1730 0.0059
196 0.0276 0.3259 0.5903 0.0091 0.0196 0.0276
197 0.1047 0.4272 0.3030 0.0309 0.1080 0.0263
198 0.0660 0.4768 0.3860 0.0121 0.0556 0.0033
199 0.0933 0.4663 0.3438 0.0072 0.0810 0.0086
200 0.1954 0.3098 0.2629 0.0376 0.1893 0.0049
201 0.1260 0.4131 0.3589 0.0103 0.0614 0.0302
202 0.0403 0.5879 0.2649 0.0093 0.0930 0.0047
203 0.2939 0.3601 0.2676 0.0140 0.0527 0.0117
204 0.0424 0.5591 0.3499 0.0161 0.0120 0.0207
205 0.0464 0.2673 0.4917 0.0450 0.1409 0.0085
206 0.0464 0.2161 0.5347 0.0533 0.1331 0.0165
207 0.1323 0.3486 0.3892 0.0110 0.1124 0.0064
208 0.0861 0.5439 0.2866 0.0083 0.0634 0.0120
209 0.0636 0.6680 0.2457 0.0050 0.0062 0.0116
210 0.0308 0.6489 0.2277 0.0063 0.0793 0.0071
211 0.2822 0.4270 0.1837 0.0348 0.0322 0.0400
212 0.1239 0.1404 0.2465 0.4126 0.0215 0.0550
213 0.0072 0.6489 0.2426 0.0892 0.0056 0.0063
214 0.0777 0.4648 0.3196 0.0176 0.1176 0.0026
215 0.0407 0.6626 0.2595 0.0077 0.0230 0.0064
216 0.1367 0.4209 0.3303 0.0097 0.0932 0.0090
217 0.1403 0.4634 0.3582 0.0089 0.0208 0.0086
218 0.0894 0.3293 0.4646 0.0690 0.0350 0.0127
219 0.0726 0.0531 0.1854 0.5620 0.0760 0.0507
220 0.1129 0.1202 0.1279 0.5142 0.0342 0.0908
221 0.0586 0.0921 0.3423 0.4534 0.0252 0.0285
222 0.1396 0.2231 0.4041 0.2001 0.0279 0.0050
223 0.5054 0.0642 0.1163 0.2424 0.0431 0.0287
224 0.0471 0.4763 0.2778 0.0362 0.1545 0.0081
225 0.1564 0.0197 0.2040 0.1541 0.3694 0.0964
226 0.1924 0.2981 0.1924 0.2590 0.0379 0.0203
227 0.0434 0.1677 0.1960 0.5088 0.0727 0.0115
228 0.0140 0.1163 0.3159 0.1692 0.3752 0.0094
229 0.0462 0.3521 0.3521 0.0933 0.0579 0.0985
230 0.0598 0.3933 0.3994 0.0242 0.1002 0.0231
231 0.5571 0.1534 0.0916 0.0573 0.0376 0.1030
232 0.4883 0.1926 0.2003 0.0317 0.0515 0.0356
233 0.2971 0.2837 0.3240 0.0143 0.0481 0.0328
234 0.0609 0.4604 0.3477 0.0032 0.1240 0.0039
235 0.1154 0.2058 0.5679 0.0147 0.0864 0.0096
236 0.0761 0.4021 0.4888 0.0031 0.0257 0.0043
237 0.0125 0.4832 0.3071 0.1696 0.0040 0.0239
238 0.0462 0.4929 0.3691 0.0106 0.0715 0.0097
239 0.1630 0.4194 0.1183 0.0136 0.2839 0.0018
240 0.0590 0.1847 0.3396 0.0989 0.2688 0.0490
241 0.0804 0.0970 0.5947 0.0627 0.1368 0.0285
242 0.1824 0.2218 0.3252 0.0611 0.1957 0.0137
243 0.0424 0.1943 0.2615 0.4963 0.0028 0.0026
244 0.1586 0.3306 0.2698 0.2036 0.0171 0.0205
245 0.0653 0.7134 0.2076 0.0024 0.0054 0.0058
246 0.5015 0.1200 0.1874 0.1641 0.0205 0.0067
247 0.1022 0.0214 0.2268 0.1088 0.4727 0.0681
248 0.1166 0.2776 0.5605 0.0042 0.0367 0.0045
249 0.1580 0.0591 0.0758 0.4229 0.0198 0.2646
250 0.2240 0.3665 0.3013 0.0163 0.0405 0.0515
251 0.0859 0.0452 0.5098 0.1052 0.1438 0.1102
252 0.1301 0.4912 0.2321 0.0587 0.0213 0.0665
253 0.1099 0.1490 0.1899 0.0756 0.4084 0.0672
254 0.1396 0.3916 0.2712 0.0078 0.1620 0.0277
255 0.1697 0.5522 0.2231 0.0051 0.0450 0.0049
256 0.1371 0.1248 0.4060 0.1844 0.0558 0.0920
257 0.0928 0.3584 0.4900 0.0101 0.0452 0.0033
258 0.1536 0.3713 0.3743 0.0271 0.0651 0.0085
259 0.2683 0.4390 0.2278 0.0117 0.0474 0.0059
260 0.1685 0.4368 0.3271 0.0139 0.0498 0.0039
261 0.0861 0.5522 0.3074 0.0145 0.0334 0.0062
262 0.1216 0.3306 0.4019 0.0779 0.0330 0.0354
263 0.1477 0.4309 0.3772 0.0156 0.0157 0.0129
264 0.0859 0.3193 0.5103 0.0339 0.0141 0.0367
265 0.0622 0.3235 0.5859 0.0051 0.0147 0.0088
266 0.1000 0.2896 0.5850 0.0030 0.0119 0.0105
267 0.1284 0.2805 0.5664 0.0032 0.0110 0.0103
268 0.2402 0.4216 0.3086 0.0046 0.0160 0.0090
269 0.2183 0.0790 0.0815 0.4478 0.0061 0.1674
270 0.2185 0.0779 0.0817 0.4485 0.0060 0.1676
271 0.1774 0.5420 0.0745 0.0949 0.0745 0.0369
272 0.4585 0.3801 0.0379 0.0172 0.0977 0.0085
273 0.4585 0.3801 0.0379 0.0172 0.0977 0.0085
274 0.4619 0.3828 0.0367 0.0156 0.0953 0.0077
275 0.4619 0.3828 0.0367 0.0156 0.0953 0.0077
276 0.4619 0.3828 0.0367 0.0156 0.0953 0.0077
277 0.4619 0.3828 0.0367 0.0156 0.0953 0.0077
278 0.4619 0.3828 0.0367 0.0156 0.0953 0.0077
279 0.4619 0.3828 0.0367 0.0156 0.0953 0.0077
280 0.4619 0.3828 0.0367 0.0156 0.0953 0.0077
