time exciting_prob fearful_prob tense_prob sad_prob relaxing_prob neutral_prob
0 0.1136 0.1553 0.1349 0.1288 0.0181 0.4492
1 0.0172 0.0847 0.1970 0.5522 0.0045 0.1442
2 0.0048 0.1304 0.2761 0.3330 0.0005 0.2554
3 0.9370 0.0297 0.0242 0.0011 0.0066 0.0012
4 0.9092 0.0150 0.0696 0.0023 0.0037 0.0004
5 0.5952 0.2260 0.1482 0.0164 0.0122 0.0020
6 0.2683 0.1705 0.3313 0.1993 0.0089 0.0215
7 0.0558 0.0642 0.0739 0.7344 0.0123 0.0594
8 0.7764 0.0864 0.0078 0.0431 0.0812 0.0053
9 0.2515 0.1855 0.2327 0.2637 0.0126 0.0540
10 0.5054 0.0474 0.1719 0.1692 0.0603 0.0459
11 0.5469 0.1682 0.2245 0.0129 0.0189 0.0285
12 0.0972 0.1505 0.2330 0.2443 0.0757 0.1993
13 0.0715 0.1295 0.2037 0.4314 0.0662 0.0978
14 0.0417 0.2119 0.4150 0.2598 0.0185 0.0532
15 0.7090 0.1451 0.0983 0.0042 0.0169 0.0262
16 0.5391 0.1792 0.1451 0.0479 0.0795 0.0093
17 0.0380 0.4592 0.4053 0.0448 0.0024 0.0503
18 0.2000 0.5693 0.1157 0.0718 0.0005 0.0426
19 0.4792 0.3320 0.1013 0.0324 0.0471 0.0079
20 0.0194 0.2654 0.2573 0.0977 0.0029 0.3572
21 0.0570 0.3013 0.6182 0.0166 0.0030 0.0042
22 0.5786 0.2507 0.1113 0.0115 0.0262 0.0217
23 0.0730 0.0735 0.4167 0.3000 0.0547 0.0820
24 0.5122 0.2830 0.1125 0.0507 0.0312 0.0104
25 0.0287 0.1980 0.0558 0.4531 0.0102 0.2542
26 0.1355 0.1124 0.3462 0.1741 0.0253 0.2067
27 0.2314 0.3342 0.4160 0.0079 0.0049 0.0056
28 0.0856 0.2634 0.4697 0.1216 0.0120 0.0476
29 0.1842 0.2876 0.2023 0.2007 0.0532 0.0721
30 0.0168 0.3481 0.5566 0.0334 0.0007 0.0443
31 0.1361 0.1693 0.4788 0.1720 0.0124 0.0316
32 0.0178 0.1610 0.6777 0.0682 0.0058 0.0693
33 0.7202 0.0894 0.1462 0.0052 0.0058 0.0332
34 0.4006 0.2690 0.1061 0.0158 0.1984 0.0102
35 0.0631 0.0469 0.2383 0.5454 0.0130 0.0933
36 0.0176 0.3794 0.1021 0.4797 0.0037 0.0173
37 0.5552 0.2727 0.1393 0.0040 0.0219 0.0068
38 0.6279 0.1025 0.0948 0.0462 0.0139 0.1144
39 0.1182 0.1566 0.4426 0.1654 0.0033 0.1137
40 0.1550 0.1082 0.4556 0.1783 0.0036 0.0993
41 0.1343 0.0406 0.0654 0.6406 0.0309 0.0881
42 0.6558 0.1343 0.1698 0.0053 0.0203 0.0146
43 0.0120 0.3062 0.5630 0.1010 0.0050 0.0128
44 0.0141 0.3130 0.2515 0.3774 0.0011 0.0430
45 0.2666 0.4160 0.2524 0.0266 0.0306 0.0077
46 0.4907 0.3293 0.0746 0.0564 0.0132 0.0358
47 0.6274 0.1854 0.1400 0.0069 0.0238 0.0166
48 0.4951 0.0975 0.2375 0.1322 0.0116 0.0258
49 0.4495 0.0851 0.1027 0.1760 0.0571 0.1298
50 0.0548 0.0992 0.1943 0.4590 0.0389 0.1537
51 0.6694 0.0344 0.1888 0.0235 0.0136 0.0700
52 0.1262 0.4338 0.4207 0.0135 0.0034 0.0023
53 0.1218 0.0225 0.2008 0.5127 0.0424 0.0994
54 0.3423 0.1763 0.2410 0.1472 0.0419 0.0513
55 0.2695 0.0162 0.0671 0.5708 0.0179 0.0583
56 0.3462 0.4446 0.0961 0.0842 0.0211 0.0076
57 0.5444 0.0862 0.1234 0.0869 0.1234 0.0356
58 0.6323 0.1235 0.1990 0.0067 0.0247 0.0136
59 0.0226 0.2012 0.6699 0.0341 0.0006 0.0717
60 0.1589 0.0594 0.1010 0.5376 0.0156 0.1277
61 0.2849 0.0925 0.2235 0.2343 0.0444 0.1206
62 0.1741 0.1315 0.1089 0.4661 0.0139 0.1056
63 0.2625 0.3643 0.1183 0.1832 0.0118 0.0599
64 0.5610 0.1545 0.2734 0.0072 0.0028 0.0011
65 0.1284 0.2827 0.5801 0.0033 0.0007 0.0047
66 0.1107 0.0692 0.0320 0.3252 0.0116 0.4514
67 0.4788 0.2316 0.1592 0.0585 0.0435 0.0285
68 0.3533 0.1104 0.1461 0.2317 0.0894 0.0690
69 0.1378 0.7109 0.0377 0.1032 0.0037 0.0069
70 0.0959 0.2690 0.2954 0.3145 0.0131 0.0120
71 0.1580 0.5264 0.2952 0.0074 0.0035 0.0098
72 0.7822 0.0805 0.0971 0.0069 0.0184 0.0151
73 0.4819 0.0474 0.0594 0.2500 0.0536 0.1075
74 0.1311 0.1439 0.0319 0.5923 0.0149 0.0860
75 0.2400 0.3835 0.1326 0.2020 0.0091 0.0330
76 0.1185 0.4724 0.3350 0.0578 0.0062 0.0099
77 0.3477 0.3877 0.2427 0.0110 0.0070 0.0039
78 0.5454 0.1945 0.0986 0.0386 0.0519 0.0710
79 0.1890 0.0375 0.0533 0.5469 0.0752 0.0981
80 0.0424 0.8003 0.1267 0.0270 0.0009 0.0026
81 0.3508 0.4795 0.1061 0.0321 0.0230 0.0085
82 0.1140 0.1333 0.1176 0.4438 0.0228 0.1685
83 0.1804 0.2299 0.3142 0.1965 0.0040 0.0752
84 0.5889 0.2100 0.0660 0.0359 0.0875 0.0117
85 0.6934 0.0847 0.1114 0.0547 0.0249 0.0312
86 0.3413 0.3867 0.1945 0.0579 0.0065 0.0131
87 0.0900 0.5557 0.1508 0.1165 0.0085 0.0782
88 0.2554 0.4961 0.1082 0.0626 0.0374 0.0404
89 0.1404 0.1494 0.3699 0.2140 0.0015 0.1249
90 0.2000 0.4722 0.1148 0.1792 0.0032 0.0304
91 0.1766 0.5703 0.2433 0.0044 0.0025 0.0029
92 0.7622 0.1008 0.1073 0.0056 0.0136 0.0104
93 0.2422 0.4121 0.2969 0.0371 0.0039 0.0080
94 0.1056 0.0875 0.0687 0.6470 0.0147 0.0767
95 0.5278 0.2068 0.1687 0.0511 0.0076 0.0379
96 0.0982 0.3376 0.1332 0.2529 0.0124 0.1658
97 0.0988 0.6860 0.0936 0.1069 0.0026 0.0120
98 0.3069 0.4067 0.1696 0.0696 0.0302 0.0170
99 0.0731 0.1780 0.1698 0.3887 0.0039 0.1865
100 0.0889 0.1500 0.1536 0.3625 0.0035 0.2416
101 0.0876 0.1650 0.2988 0.3035 0.0061 0.1389
102 0.2812 0.2444 0.4675 0.0024 0.0029 0.0015
103 0.6074 0.2003 0.1796 0.0028 0.0058 0.0043
104 0.3455 0.2690 0.3123 0.0479 0.0125 0.0128
105 0.4675 0.2727 0.2010 0.0323 0.0156 0.0108
106 0.4277 0.1854 0.1675 0.0779 0.1169 0.0247
107 0.1194 0.3000 0.5435 0.0198 0.0050 0.0124
108 0.1881 0.2612 0.1674 0.3008 0.0247 0.0578
109 0.0793 0.1888 0.2010 0.4126 0.0658 0.0525
110 0.7271 0.1622 0.0731 0.0134 0.0114 0.0128
111 0.1594 0.3169 0.1632 0.2954 0.0035 0.0615
112 0.3105 0.3254 0.3057 0.0359 0.0089 0.0133
113 0.4028 0.2406 0.3162 0.0190 0.0145 0.0068
114 0.0608 0.3525 0.1528 0.3696 0.0024 0.0618
115 0.0224 0.3943 0.3647 0.1281 0.0010 0.0894
116 0.2822 0.4441 0.1766 0.0868 0.0050 0.0051
117 0.3203 0.3281 0.2037 0.1335 0.0075 0.0068
118 0.3088 0.3501 0.3237 0.0065 0.0054 0.0052
119 0.4016 0.1741 0.0592 0.2783 0.0348 0.0519
120 0.1912 0.3489 0.1196 0.2781 0.0076 0.0547
121 0.1783 0.3306 0.2400 0.1729 0.0476 0.0305
122 0.1400 0.0897 0.1216 0.2874 0.1975 0.1637
123 0.1969 0.0938 0.4104 0.2064 0.0097 0.0828
124 0.1898 0.1943 0.2942 0.2942 0.0199 0.0077
125 0.1207 0.0562 0.2595 0.4348 0.0883 0.0404
126 0.2030 0.2111 0.1037 0.0644 0.3564 0.0614
127 0.2539 0.0699 0.4058 0.1425 0.0488 0.0793
128 0.1324 0.0829 0.2166 0.4409 0.0889 0.0382
129 0.2368 0.1210 0.3237 0.0668 0.2191 0.0326
130 0.3684 0.1926 0.1824 0.1355 0.0896 0.0314
131 0.0456 0.4460 0.2686 0.1219 0.0024 0.1155
132 0.1316 0.4214 0.2220 0.1562 0.0437 0.0249
133 0.7065 0.0668 0.1691 0.0089 0.0086 0.0402
134 0.1134 0.4417 0.4214 0.0109 0.0076 0.0051
135 0.6626 0.0743 0.1637 0.0540 0.0145 0.0310
136 0.1111 0.2159 0.2211 0.3589 0.0375 0.0555
137 0.2473 0.1536 0.1388 0.0302 0.4045 0.0255
138 0.1506 0.2208 0.1093 0.1119 0.3140 0.0935
139 0.1116 0.1091 0.5122 0.0389 0.1676 0.0607
140 0.4180 0.1562 0.3281 0.0458 0.0197 0.0322
141 0.1221 0.1605 0.3096 0.2861 0.0644 0.0573
142 0.0597 0.6074 0.1089 0.1622 0.0016 0.0602
143 0.0692 0.2394 0.5068 0.0967 0.0033 0.0847
144 0.1968 0.1450 0.0915 0.1819 0.3618 0.0229
145 0.1536 0.0472 0.1313 0.4695 0.0310 0.1674
146 0.0810 0.4019 0.4346 0.0480 0.0128 0.0218
147 0.3613 0.0516 0.1060 0.1707 0.0202 0.2903
148 0.0540 0.3694 0.4055 0.1171 0.0055 0.0484
149 0.1552 0.2876 0.4741 0.0646 0.0017 0.0169
150 0.2103 0.1049 0.5371 0.1091 0.0320 0.0067
151 0.3215 0.1372 0.4033 0.0852 0.0471 0.0055
152 0.4480 0.1356 0.2324 0.1245 0.0574 0.0020
153 0.4780 0.3723 0.0805 0.0056 0.0598 0.0038
154 0.4878 0.2164 0.1852 0.0687 0.0365 0.0054
155 0.1249 0.4607 0.2544 0.1077 0.0196 0.0326
156 0.1581 0.0713 0.5347 0.1764 0.0364 0.0229
157 0.2404 0.1414 0.3782 0.1746 0.0156 0.0500
158 0.3789 0.2646 0.2109 0.1156 0.0238 0.0061
159 0.7476 0.1240 0.1120 0.0049 0.0040 0.0077
160 0.7163 0.1755 0.0433 0.0075 0.0265 0.0310
161 0.7266 0.1263 0.0754 0.0208 0.0119 0.0388
162 0.4214 0.3440 0.1716 0.0575 0.0021 0.0035
163 0.3303 0.4241 0.2067 0.0192 0.0181 0.0018
164 0.4045 0.2822 0.2251 0.0502 0.0359 0.0020
165 0.1978 0.2520 0.4780 0.0673 0.0042 0.0008
166 0.2158 0.0161 0.0521 0.5962 0.0148 0.1052
167 0.5303 0.0475 0.0384 0.2998 0.0116 0.0723
168 0.0887 0.6504 0.0634 0.1907 0.0042 0.0027
169 0.5957 0.1494 0.1448 0.0734 0.0217 0.0150
170 0.1715 0.2118 0.2761 0.2380 0.0842 0.0184
171 0.0821 0.3350 0.4543 0.1105 0.0085 0.0099
172 0.4451 0.4116 0.1017 0.0123 0.0261 0.0030
173 0.0855 0.0917 0.1741 0.5889 0.0172 0.0423
174 0.3018 0.1339 0.4529 0.0445 0.0316 0.0355
175 0.3203 0.2515 0.1537 0.0454 0.1000 0.1294
176 0.0720 0.1254 0.7046 0.0703 0.0191 0.0089
177 0.1533 0.0659 0.5830 0.1697 0.0217 0.0064
178 0.6079 0.1198 0.2554 0.0116 0.0038 0.0013
179 0.0111 0.2085 0.6523 0.0636 0.0036 0.0607
180 0.4043 0.2959 0.2065 0.0535 0.0232 0.0166
181 0.7441 0.1488 0.0417 0.0154 0.0130 0.0368
182 0.5278 0.1409 0.0157 0.2673 0.0376 0.0107
183 0.1136 0.1553 0.1349 0.1288 0.0181 0.4492
184 0.1136 0.1553 0.1349 0.1288 0.0181 0.4492
