time exciting_prob fearful_prob tense_prob sad_prob relaxing_prob neutral_prob
0 0.0731 0.1971 0.5195 0.1971 0.0041 0.0093
1 0.0652 0.3875 0.3816 0.1517 0.0062 0.0078
2 0.0301 0.3665 0.5503 0.0492 0.0015 0.0025
3 0.0522 0.3948 0.3948 0.1499 0.0029 0.0054
4 0.0833 0.3398 0.3452 0.2062 0.0182 0.0073
5 0.5308 0.0846 0.0288 0.3296 0.0214 0.0051
6 0.5601 0.2029 0.0974 0.1279 0.0103 0.0016
7 0.3149 0.0784 0.3918 0.1686 0.0189 0.0275
8 0.2844 0.1522 0.4204 0.1038 0.0269 0.0121
9 0.3013 0.1001 0.4966 0.0738 0.0131 0.0151
10 0.1591 0.0781 0.6802 0.0493 0.0126 0.0209
11 0.3130 0.0749 0.5405 0.0420 0.0142 0.0153
12 0.3450 0.0428 0.2998 0.2028 0.0776 0.0321
13 0.4463 0.0418 0.3044 0.1165 0.0819 0.0090
14 0.2374 0.0300 0.4104 0.1396 0.1737 0.0089
15 0.3765 0.0547 0.2798 0.1322 0.1533 0.0035
16 0.4065 0.0628 0.1543 0.2583 0.1174 0.0008
17 0.2729 0.0393 0.3291 0.1708 0.1847 0.0031
18 0.2725 0.0979 0.2578 0.2788 0.0884 0.0046
19 0.4551 0.0626 0.1512 0.0842 0.2455 0.0014
20 0.2810 0.1589 0.1947 0.1067 0.2559 0.0029
21 0.2189 0.1447 0.1887 0.0622 0.3840 0.0015
22 0.1897 0.0829 0.0869 0.0646 0.5752 0.0005
23 0.2205 0.0622 0.2681 0.2830 0.1638 0.0026
24 0.2842 0.0551 0.2798 0.2266 0.1521 0.0025
25 0.1619 0.0873 0.4036 0.2014 0.1406 0.0052
26 0.1152 0.1024 0.5366 0.1065 0.1152 0.0241
27 0.1282 0.1498 0.3403 0.2451 0.1158 0.0209
28 0.0831 0.1172 0.3040 0.3901 0.0516 0.0540
29 0.1400 0.0905 0.2722 0.3083 0.1716 0.0174
30 0.0878 0.0481 0.3843 0.2642 0.2025 0.0135
31 0.1377 0.0641 0.3330 0.0715 0.3894 0.0043
32 0.1484 0.0629 0.2585 0.0614 0.4644 0.0044
33 0.1100 0.0994 0.4705 0.2087 0.1041 0.0073
34 0.1426 0.0318 0.5728 0.0972 0.1448 0.0112
35 0.1726 0.0172 0.2983 0.2251 0.2847 0.0022
36 0.2037 0.0761 0.3254 0.0836 0.3081 0.0030
37 0.1716 0.0540 0.1664 0.0177 0.5898 0.0007
38 0.1595 0.0257 0.1910 0.0201 0.6021 0.0013
39 0.1892 0.0634 0.3293 0.1581 0.2524 0.0075
40 0.1028 0.1053 0.3218 0.0820 0.3823 0.0058
41 0.1471 0.0438 0.4192 0.1603 0.2208 0.0088
42 0.0674 0.1656 0.5430 0.0989 0.0901 0.0347
43 0.0952 0.0702 0.5308 0.1222 0.1724 0.0094
44 0.0380 0.3389 0.5767 0.0298 0.0133 0.0035
45 0.0883 0.3010 0.4517 0.1188 0.0216 0.0186
46 0.1681 0.1642 0.1775 0.0563 0.4324 0.0016
47 0.0549 0.2256 0.6133 0.0341 0.0500 0.0222
48 0.0803 0.1476 0.5659 0.0620 0.0353 0.1088
49 0.0699 0.1915 0.6685 0.0492 0.0104 0.0107
50 0.1052 0.2158 0.6050 0.0276 0.0038 0.0425
51 0.1368 0.1730 0.6631 0.0051 0.0022 0.0197
52 0.0796 0.1969 0.7090 0.0042 0.0017 0.0084
53 0.0911 0.0843 0.7056 0.0767 0.0115 0.0308
54 0.0599 0.1425 0.7705 0.0126 0.0053 0.0093
55 0.0907 0.1086 0.7476 0.0246 0.0219 0.0066
56 0.0914 0.0623 0.8145 0.0210 0.0028 0.0081
57 0.0930 0.3708 0.4009 0.1030 0.0271 0.0052
58 0.1786 0.4817 0.2422 0.0657 0.0274 0.0045
59 0.0513 0.0595 0.8218 0.0546 0.0049 0.0081
60 0.0833 0.0314 0.7964 0.0735 0.0027 0.0128
61 0.0413 0.1710 0.7666 0.0177 0.0016 0.0019
62 0.0588 0.2151 0.1599 0.4849 0.0698 0.0115
63 0.2170 0.0354 0.3467 0.2070 0.1316 0.0622
64 0.1361 0.0367 0.3760 0.2544 0.0248 0.1721
65 0.1669 0.0467 0.3372 0.1069 0.0542 0.2883
66 0.2959 0.0450 0.2866 0.0610 0.1333 0.1780
67 0.3591 0.0730 0.2932 0.1311 0.1029 0.0406
68 0.4121 0.0231 0.2966 0.0553 0.1588 0.0540
69 0.0836 0.0357 0.7227 0.0651 0.0408 0.0523
70 0.0161 0.0199 0.2294 0.6333 0.0657 0.0357
71 0.0685 0.0256 0.3882 0.3479 0.0345 0.1353
72 0.0596 0.5312 0.3767 0.0219 0.0051 0.0051
73 0.1469 0.2007 0.5806 0.0617 0.0091 0.0012
74 0.0571 0.0261 0.2520 0.6431 0.0079 0.0139
75 0.0381 0.0169 0.4641 0.1052 0.0142 0.3616
76 0.0489 0.0415 0.6440 0.1483 0.0228 0.0943
77 0.0275 0.4109 0.4109 0.1376 0.0078 0.0053
78 0.0607 0.3059 0.5806 0.0157 0.0360 0.0012
79 0.0640 0.2235 0.5195 0.0556 0.1355 0.0016
80 0.0274 0.0572 0.3530 0.5215 0.0032 0.0375
81 0.1197 0.1854 0.4519 0.2168 0.0191 0.0072
82 0.0470 0.0622 0.8130 0.0684 0.0036 0.0057
83 0.2600 0.0229 0.1067 0.2639 0.1171 0.2294
84 0.0359 0.3176 0.3435 0.2961 0.0055 0.0012
85 0.0877 0.0459 0.7578 0.1002 0.0066 0.0018
86 0.0340 0.0479 0.8633 0.0491 0.0042 0.0016
87 0.0309 0.0350 0.9023 0.0277 0.0011 0.0032
88 0.0367 0.0334 0.7852 0.1364 0.0010 0.0075
89 0.0497 0.0334 0.8408 0.0604 0.0016 0.0140
90 0.0420 0.1115 0.7046 0.1345 0.0028 0.0044
91 0.0831 0.1247 0.7578 0.0285 0.0039 0.0020
92 0.0622 0.2008 0.6431 0.0739 0.0068 0.0130
93 0.0449 0.1102 0.8145 0.0231 0.0017 0.0054
94 0.2539 0.0956 0.5166 0.1237 0.0092 0.0009
95 0.1242 0.1113 0.4912 0.2180 0.0218 0.0334
96 0.0657 0.0325 0.3962 0.4705 0.0164 0.0188
97 0.0745 0.0197 0.6538 0.2224 0.0126 0.0169
98 0.1003 0.0520 0.5952 0.2090 0.0399 0.0034
99 0.0338 0.0617 0.1266 0.5327 0.0876 0.1575
100 0.0709 0.0939 0.2847 0.2218 0.1810 0.1477
101 0.0450 0.1098 0.4341 0.2474 0.1015 0.0621
102 0.0393 0.0839 0.6250 0.0638 0.0873 0.1005
103 0.1884 0.1586 0.4587 0.0876 0.0932 0.0135
104 0.0920 0.1137 0.6963 0.0415 0.0497 0.0067
105 0.0435 0.0706 0.6963 0.1210 0.0412 0.0276
106 0.1733 0.1019 0.6050 0.0695 0.0339 0.0161
107 0.2542 0.0995 0.4976 0.0558 0.0775 0.0153
108 0.0113 0.2316 0.7358 0.0035 0.0118 0.0058
109 0.0168 0.1818 0.3503 0.3789 0.0248 0.0474
110 0.0365 0.1016 0.4016 0.1897 0.1782 0.0925
111 0.1338 0.0637 0.5127 0.2349 0.0355 0.0193
112 0.0306 0.0900 0.7720 0.0951 0.0046 0.0079
113 0.0820 0.1776 0.6812 0.0254 0.0102 0.0238
114 0.2405 0.0500 0.4155 0.1136 0.1678 0.0126
115 0.0350 0.2981 0.3594 0.2590 0.0337 0.0148
116 0.0789 0.0450 0.7720 0.0135 0.0880 0.0026
117 0.0752 0.0361 0.7593 0.0085 0.1183 0.0024
118 0.1693 0.1404 0.5469 0.0684 0.0258 0.0493
119 0.0562 0.1902 0.6338 0.0140 0.0987 0.0073
120 0.0802 0.3623 0.4106 0.0334 0.1055 0.0079
121 0.2186 0.2517 0.2439 0.0458 0.1991 0.0408
122 0.1181 0.0688 0.0745 0.0234 0.6851 0.0303
123 0.1179 0.1479 0.2291 0.1041 0.2920 0.1091
124 0.0970 0.6528 0.2222 0.0147 0.0125 0.0005
125 0.0995 0.4675 0.3877 0.0266 0.0180 0.0006
126 0.1089 0.5981 0.2739 0.0094 0.0092 0.0003
127 0.1097 0.2181 0.6411 0.0138 0.0167 0.0005
128 0.0853 0.5225 0.3374 0.0353 0.0165 0.0029
129 0.0458 0.5117 0.4309 0.0076 0.0034 0.0006
130 0.1090 0.3154 0.5537 0.0064 0.0151 0.0006
131 0.0826 0.2427 0.6494 0.0118 0.0127 0.0007
132 0.0864 0.3064 0.5908 0.0083 0.0074 0.0005
133 0.0961 0.3516 0.5117 0.0116 0.0282 0.0008
134 0.0526 0.5151 0.3826 0.0068 0.0419 0.0010
135 0.0520 0.3237 0.5596 0.0524 0.0098 0.0025
136 0.1721 0.1996 0.5259 0.0467 0.0537 0.0021
137 0.0311 0.1311 0.1353 0.6870 0.0097 0.0057
138 0.0373 0.0518 0.1547 0.6509 0.0719 0.0332
139 0.0365 0.2134 0.4446 0.2739 0.0278 0.0038
140 0.1105 0.3223 0.4915 0.0319 0.0423 0.0015
141 0.0621 0.3127 0.5156 0.0704 0.0371 0.0018
142 0.0817 0.1931 0.7061 0.0097 0.0087 0.0006
143 0.0714 0.5884 0.3250 0.0097 0.0054 0.0003
144 0.0588 0.5532 0.3574 0.0199 0.0077 0.0029
145 0.0681 0.0675 0.6260 0.0771 0.0753 0.0861
146 0.0562 0.0612 0.6426 0.0335 0.1412 0.0651
147 0.2410 0.0795 0.3972 0.1736 0.0951 0.0136
148 0.2067 0.0476 0.2781 0.2612 0.1263 0.0803
149 0.1279 0.1138 0.3789 0.3142 0.0568 0.0082
150 0.0591 0.0801 0.4905 0.3118 0.0201 0.0384
151 0.0217 0.0997 0.4133 0.4265 0.0169 0.0217
152 0.0510 0.0797 0.1956 0.6118 0.0295 0.0324
153 0.0961 0.0999 0.4443 0.2825 0.0531 0.0241
154 0.1031 0.1356 0.4114 0.2495 0.0616 0.0388
155 0.0919 0.1481 0.3015 0.3811 0.0598 0.0177
156 0.1184 0.1095 0.2688 0.3293 0.1166 0.0573
157 0.0308 0.0512 0.4221 0.1903 0.0899 0.2156
158 0.0496 0.0856 0.4929 0.1357 0.1227 0.1135
159 0.2217 0.0835 0.5278 0.0772 0.0255 0.0645
160 0.1013 0.1509 0.6011 0.0321 0.0164 0.0981
161 0.1133 0.2678 0.4414 0.1216 0.0200 0.0359
162 0.0163 0.1664 0.6685 0.1198 0.0063 0.0229
163 0.1754 0.0625 0.2695 0.2166 0.1926 0.0835
164 0.0347 0.0696 0.3884 0.1321 0.0045 0.3706
165 0.0224 0.0418 0.9082 0.0160 0.0018 0.0098
166 0.0303 0.1172 0.2559 0.5591 0.0021 0.0355
167 0.0998 0.1498 0.4009 0.2888 0.0048 0.0560
168 0.1278 0.0957 0.5635 0.1589 0.0153 0.0387
169 0.1456 0.0301 0.4558 0.0905 0.0143 0.2637
170 0.1383 0.1736 0.5688 0.0900 0.0096 0.0195
171 0.0471 0.0546 0.6978 0.1417 0.0203 0.0388
172 0.0692 0.2571 0.3250 0.1609 0.0245 0.1635
173 0.0426 0.3887 0.2529 0.2712 0.0162 0.0286
174 0.2310 0.1017 0.2722 0.1217 0.2291 0.0444
175 0.0612 0.1207 0.5322 0.2255 0.0150 0.0454
176 0.1190 0.0414 0.7520 0.0257 0.0545 0.0074
177 0.1504 0.0710 0.6040 0.0528 0.1058 0.0160
178 0.0932 0.0276 0.4961 0.1274 0.1090 0.1466
179 0.1554 0.1229 0.1043 0.3728 0.2091 0.0355
180 0.1006 0.0730 0.1821 0.4268 0.1750 0.0426
181 0.0636 0.5713 0.1898 0.1116 0.0392 0.0245
182 0.0838 0.3313 0.2332 0.2502 0.0316 0.0700
183 0.0713 0.1282 0.3621 0.3403 0.0691 0.0290
184 0.0305 0.1256 0.4521 0.3157 0.0424 0.0335
185 0.0445 0.0942 0.6143 0.1995 0.0132 0.0344
186 0.0224 0.0387 0.4502 0.1848 0.0038 0.3000
187 0.0157 0.0731 0.8770 0.0286 0.0011 0.0043
188 0.0637 0.1515 0.7344 0.0411 0.0033 0.0064
189 0.0420 0.1742 0.7334 0.0398 0.0023 0.0083
190 0.0328 0.1481 0.8003 0.0100 0.0014 0.0074
191 0.1068 0.0729 0.4900 0.2244 0.0341 0.0717
192 0.0507 0.0946 0.4514 0.1141 0.2695 0.0195
193 0.0318 0.1960 0.7515 0.0115 0.0013 0.0077
194 0.0336 0.0805 0.2900 0.5767 0.0015 0.0178
195 0.0449 0.1471 0.5464 0.2462 0.0017 0.0138
196 0.0282 0.1868 0.5000 0.2761 0.0043 0.0046
197 0.0767 0.0918 0.7446 0.0507 0.0120 0.0239
198 0.0593 0.0476 0.8643 0.0218 0.0009 0.0062
199 0.0408 0.0623 0.8398 0.0428 0.0039 0.0105
200 0.1394 0.0399 0.6548 0.1484 0.0091 0.0081
201 0.3037 0.2900 0.2681 0.0745 0.0589 0.0048
202 0.1691 0.1470 0.3694 0.2479 0.0268 0.0399
203 0.1941 0.2115 0.3743 0.0413 0.1740 0.0049
204 0.0704 0.1729 0.6523 0.0721 0.0190 0.0131
205 0.2913 0.2491 0.1823 0.1476 0.0615 0.0681
206 0.1534 0.0255 0.6411 0.1499 0.0195 0.0106
207 0.3647 0.0443 0.4758 0.0997 0.0115 0.0039
208 0.3171 0.0228 0.5146 0.1078 0.0258 0.0118
209 0.0540 0.1048 0.5845 0.1586 0.0883 0.0098
210 0.0709 0.1048 0.5986 0.1478 0.0641 0.0140
211 0.0594 0.0387 0.6855 0.1628 0.0123 0.0415
212 0.0991 0.0065 0.7798 0.1055 0.0037 0.0053
213 0.1449 0.0290 0.6699 0.1340 0.0102 0.0121
214 0.3398 0.0062 0.1311 0.3674 0.0467 0.1086
215 0.0868 0.0790 0.4548 0.3225 0.0298 0.0269
216 0.1046 0.0675 0.4614 0.2671 0.0340 0.0654
217 0.2230 0.1029 0.4507 0.1658 0.0273 0.0304
218 0.1464 0.0502 0.5151 0.1442 0.0420 0.1022
219 0.2079 0.1683 0.4541 0.0853 0.0619 0.0224
220 0.1948 0.2769 0.2812 0.0252 0.1979 0.0240
221 0.1615 0.0818 0.2173 0.0399 0.4673 0.0323
222 0.4153 0.0516 0.2620 0.0678 0.1589 0.0445
223 0.4866 0.0776 0.1967 0.0839 0.1450 0.0102
224 0.1783 0.2069 0.4697 0.0447 0.0761 0.0241
225 0.2971 0.0950 0.2388 0.3264 0.0355 0.0074
226 0.1429 0.2180 0.4836 0.1261 0.0243 0.0051
227 0.2151 0.1898 0.4517 0.1064 0.0315 0.0056
228 0.3474 0.0627 0.4321 0.0858 0.0567 0.0153
229 0.2386 0.0452 0.4673 0.1815 0.0608 0.0067
230 0.2771 0.0446 0.4941 0.1309 0.0390 0.0144
231 0.0285 0.0204 0.0850 0.0065 0.8589 0.0007
232 0.0559 0.0764 0.1642 0.0114 0.6914 0.0008
233 0.1205 0.1499 0.1726 0.0148 0.5400 0.0023
234 0.1827 0.4382 0.1716 0.0317 0.1743 0.0013
235 0.1318 0.2074 0.1541 0.0387 0.4673 0.0009
236 0.0968 0.1476 0.1571 0.0319 0.5659 0.0008
237 0.0569 0.1511 0.2322 0.4617 0.0822 0.0161
238 0.0231 0.0311 0.0555 0.8276 0.0453 0.0172
239 0.1125 0.1235 0.0947 0.2964 0.0317 0.3411
