time exciting_prob fearful_prob tense_prob sad_prob relaxing_prob neutral_prob
0 0.1136 0.1553 0.1349 0.1288 0.0181 0.4492
1 0.5659 0.0778 0.1794 0.1205 0.0502 0.0063
2 0.2452 0.0692 0.2610 0.3052 0.0601 0.0592
3 0.2581 0.0906 0.3018 0.2462 0.0355 0.0679
4 0.1932 0.0689 0.3843 0.2769 0.0474 0.0292
5 0.1633 0.0468 0.2302 0.4438 0.0256 0.0901
6 0.1375 0.0388 0.1633 0.5269 0.0312 0.1022
7 0.0563 0.1003 0.3501 0.4290 0.0274 0.0369
8 0.2115 0.2183 0.3542 0.1466 0.0385 0.0307
9 0.1798 0.0612 0.4180 0.2964 0.0263 0.0184
10 0.1393 0.0648 0.1506 0.5864 0.0220 0.0369
11 0.2032 0.0490 0.4172 0.2866 0.0291 0.0147
12 0.0525 0.0893 0.5645 0.2428 0.0032 0.0478
13 0.1027 0.1733 0.2727 0.4094 0.0292 0.0124
14 0.2272 0.1125 0.2308 0.4114 0.0043 0.0138
15 0.3542 0.1714 0.1853 0.2512 0.0215 0.0163
16 0.2400 0.2255 0.1032 0.3955 0.0239 0.0119
17 0.0955 0.0272 0.5005 0.3035 0.0171 0.0562
18 0.0889 0.0188 0.5444 0.2825 0.0206 0.0447
19 0.0530 0.0457 0.3945 0.4136 0.0596 0.0337
20 0.0542 0.0479 0.1923 0.1509 0.5474 0.0073
21 0.1520 0.1777 0.2886 0.3704 0.0080 0.0033
22 0.4402 0.1849 0.1241 0.2302 0.0134 0.0071
23 0.0423 0.0630 0.1727 0.1489 0.5664 0.0066
24 0.0509 0.0609 0.4229 0.3293 0.1012 0.0350
25 0.1024 0.0236 0.4810 0.3154 0.0307 0.0469
26 0.0905 0.0540 0.2969 0.3579 0.0261 0.1744
27 0.1292 0.0887 0.5229 0.1924 0.0596 0.0072
28 0.0693 0.0454 0.2006 0.5986 0.0249 0.0612
29 0.2401 0.1379 0.1991 0.3467 0.0631 0.0131
30 0.0480 0.0519 0.2185 0.6421 0.0109 0.0287
31 0.0952 0.1046 0.4133 0.3220 0.0094 0.0555
32 0.0455 0.1469 0.2700 0.3899 0.0905 0.0571
33 0.0316 0.1268 0.2664 0.5137 0.0287 0.0328
34 0.0682 0.2656 0.4519 0.1649 0.0359 0.0132
35 0.0707 0.2212 0.5024 0.1791 0.0115 0.0151
36 0.0244 0.2605 0.6294 0.0729 0.0076 0.0050
37 0.0659 0.1891 0.3909 0.2815 0.0501 0.0224
38 0.0243 0.0626 0.1929 0.6523 0.0206 0.0469
39 0.0504 0.0850 0.3811 0.3811 0.0657 0.0366
40 0.0671 0.0715 0.4958 0.2379 0.0515 0.0760
41 0.1615 0.2406 0.2683 0.2812 0.0292 0.0191
42 0.1584 0.1824 0.2067 0.2695 0.1648 0.0182
43 0.1177 0.2323 0.2217 0.3892 0.0142 0.0249
44 0.0876 0.2457 0.1161 0.4888 0.0325 0.0293
45 0.1074 0.3467 0.3467 0.1600 0.0215 0.0175
46 0.0760 0.3101 0.3542 0.2341 0.0062 0.0194
47 0.2886 0.3650 0.1139 0.1406 0.0808 0.0111
48 0.4326 0.2927 0.1230 0.0576 0.0833 0.0107
49 0.2600 0.3135 0.1470 0.1100 0.1171 0.0524
50 0.2061 0.4036 0.1763 0.1340 0.0572 0.0229
51 0.0773 0.2184 0.5664 0.1142 0.0188 0.0049
52 0.0896 0.2573 0.5195 0.1031 0.0273 0.0031
53 0.1715 0.1870 0.4626 0.1550 0.0178 0.0060
54 0.0505 0.2603 0.5864 0.0879 0.0118 0.0028
55 0.0607 0.1799 0.3662 0.3721 0.0184 0.0027
56 0.2103 0.3579 0.2421 0.1337 0.0427 0.0132
57 0.3110 0.2832 0.1600 0.0683 0.1379 0.0395
58 0.3411 0.3464 0.1715 0.0616 0.0565 0.0227
59 0.2064 0.4009 0.0802 0.2357 0.0742 0.0025
60 0.1364 0.4578 0.2374 0.0908 0.0649 0.0128
61 0.1685 0.4104 0.2319 0.0967 0.0887 0.0038
62 0.1072 0.5933 0.2454 0.0197 0.0327 0.0020
63 0.1986 0.2032 0.1711 0.0487 0.3770 0.0014
64 0.2749 0.3530 0.2141 0.0613 0.0633 0.0334
65 0.2137 0.2072 0.4385 0.0217 0.0912 0.0278
66 0.2378 0.3459 0.2715 0.0611 0.0720 0.0118
67 0.0681 0.3459 0.1031 0.4109 0.0635 0.0085
68 0.1912 0.3054 0.2571 0.1377 0.0828 0.0259
69 0.1405 0.4258 0.3342 0.0690 0.0210 0.0093
70 0.2598 0.2810 0.0919 0.3184 0.0405 0.0087
71 0.1367 0.3464 0.3660 0.0836 0.0495 0.0175
72 0.1909 0.1780 0.4800 0.1088 0.0307 0.0117
73 0.1704 0.2832 0.2878 0.1962 0.0308 0.0315
74 0.1234 0.1809 0.3684 0.2759 0.0166 0.0348
75 0.2520 0.2155 0.2898 0.0850 0.1425 0.0154
76 0.1206 0.0797 0.2494 0.5278 0.0107 0.0115
77 0.1958 0.0165 0.0469 0.6729 0.0392 0.0287
78 0.0548 0.1625 0.2595 0.3835 0.0169 0.1226
79 0.1234 0.0983 0.2050 0.4272 0.1196 0.0265
80 0.1130 0.1848 0.0901 0.4646 0.1362 0.0113
81 0.0989 0.2318 0.2144 0.4067 0.0416 0.0066
82 0.0713 0.1223 0.2196 0.5396 0.0184 0.0290
83 0.1090 0.3804 0.1265 0.3203 0.0349 0.0289
84 0.2485 0.3191 0.1876 0.2142 0.0161 0.0142
85 0.4636 0.2600 0.1425 0.0246 0.1026 0.0068
86 0.1829 0.3638 0.2810 0.0994 0.0594 0.0135
87 0.2576 0.2383 0.1703 0.2874 0.0360 0.0104
88 0.2791 0.4709 0.1238 0.0806 0.0272 0.0184
89 0.3081 0.3896 0.0925 0.1378 0.0454 0.0265
90 0.2705 0.3757 0.1299 0.1860 0.0268 0.0110
91 0.5767 0.2578 0.0298 0.0270 0.0956 0.0130
92 0.2471 0.4473 0.1620 0.0840 0.0416 0.0180
93 0.0674 0.0892 0.2388 0.5464 0.0079 0.0500
94 0.0721 0.3413 0.5205 0.0504 0.0073 0.0082
95 0.0775 0.2859 0.5215 0.0393 0.0740 0.0017
96 0.1790 0.4192 0.2502 0.0576 0.0907 0.0032
97 0.1788 0.3757 0.3394 0.0638 0.0381 0.0042
98 0.0695 0.0623 0.2350 0.5908 0.0212 0.0215
99 0.1396 0.1223 0.3223 0.3076 0.0902 0.0179
100 0.1595 0.2197 0.1243 0.3376 0.0828 0.0759
101 0.2808 0.2439 0.2458 0.1550 0.0503 0.0242
102 0.3152 0.1714 0.0862 0.1768 0.2455 0.0051
103 0.2115 0.2493 0.1926 0.2251 0.1031 0.0185
104 0.2747 0.0408 0.1665 0.4973 0.0051 0.0157
105 0.4170 0.2163 0.1570 0.1046 0.0967 0.0085
106 0.2496 0.3689 0.1490 0.1266 0.0830 0.0227
107 0.1831 0.2925 0.1350 0.2834 0.0892 0.0166
108 0.1104 0.1643 0.1241 0.5693 0.0189 0.0132
109 0.4932 0.1917 0.0553 0.1652 0.0850 0.0095
110 0.5195 0.2512 0.1548 0.0514 0.0185 0.0047
111 0.6211 0.2080 0.0686 0.0615 0.0340 0.0068
112 0.0847 0.0703 0.2002 0.5703 0.0601 0.0146
113 0.1360 0.3611 0.3555 0.0706 0.0637 0.0130
114 0.3625 0.0237 0.2148 0.2532 0.1039 0.0417
115 0.2522 0.0746 0.2108 0.3909 0.0384 0.0331
116 0.1689 0.3660 0.2327 0.1870 0.0114 0.0341
117 0.1288 0.4028 0.3936 0.0529 0.0210 0.0008
118 0.0855 0.6270 0.2761 0.0098 0.0011 0.0005
119 0.0994 0.4563 0.3391 0.0920 0.0112 0.0022
120 0.4302 0.1122 0.1440 0.2690 0.0324 0.0121
121 0.6348 0.1906 0.0712 0.0886 0.0114 0.0034
122 0.2375 0.1131 0.3796 0.2231 0.0446 0.0018
123 0.1395 0.0378 0.2732 0.3193 0.1417 0.0887
124 0.1743 0.0682 0.2678 0.0636 0.4180 0.0080
125 0.1022 0.1545 0.2196 0.4543 0.0518 0.0176
126 0.2018 0.1523 0.2781 0.2416 0.1205 0.0057
127 0.0337 0.0737 0.1141 0.6465 0.1047 0.0275
128 0.0593 0.1771 0.3208 0.3635 0.0173 0.0622
129 0.1127 0.1589 0.6284 0.0459 0.0126 0.0414
130 0.1066 0.2700 0.4348 0.1527 0.0278 0.0080
131 0.0510 0.2322 0.2693 0.3948 0.0410 0.0117
132 0.2461 0.2900 0.2104 0.2137 0.0380 0.0016
133 0.3513 0.2935 0.2756 0.0332 0.0453 0.0010
134 0.2761 0.0876 0.4346 0.1478 0.0507 0.0032
135 0.3806 0.2400 0.1295 0.1826 0.0661 0.0012
136 0.3442 0.2137 0.2578 0.1348 0.0444 0.0051
137 0.3220 0.0873 0.4299 0.1396 0.0186 0.0023
138 0.2854 0.0266 0.2642 0.4026 0.0135 0.0078
139 0.3542 0.1866 0.4207 0.0291 0.0067 0.0027
140 0.1898 0.0779 0.3958 0.3081 0.0236 0.0047
141 0.4412 0.1367 0.2167 0.1466 0.0565 0.0023
142 0.2499 0.0593 0.1218 0.4968 0.0710 0.0012
143 0.3191 0.1439 0.3533 0.1450 0.0381 0.0006
144 0.5029 0.1487 0.2146 0.0696 0.0634 0.0008
145 0.2761 0.0404 0.1444 0.4700 0.0656 0.0035
146 0.1021 0.0581 0.3193 0.4868 0.0256 0.0081
147 0.1686 0.0394 0.2097 0.5527 0.0203 0.0093
148 0.2112 0.0526 0.3945 0.2979 0.0248 0.0192
149 0.3674 0.1342 0.3821 0.0853 0.0277 0.0032
150 0.2542 0.0590 0.4158 0.2091 0.0554 0.0066
151 0.1890 0.2314 0.2209 0.2158 0.0283 0.1146
152 0.2305 0.0461 0.3149 0.3625 0.0362 0.0098
153 0.4124 0.0740 0.3669 0.1146 0.0252 0.0070
154 0.2551 0.0433 0.5317 0.1431 0.0189 0.0079
155 0.3137 0.0751 0.3557 0.1578 0.0913 0.0063
156 0.1158 0.1766 0.2651 0.3799 0.0522 0.0101
157 0.2111 0.0419 0.1921 0.5225 0.0299 0.0026
158 0.2399 0.0646 0.4551 0.2084 0.0263 0.0058
159 0.2369 0.0781 0.2262 0.4160 0.0418 0.0010
160 0.1853 0.0656 0.3152 0.3860 0.0468 0.0012
161 0.2346 0.0750 0.3523 0.2966 0.0363 0.0053
162 0.3625 0.1647 0.1377 0.1622 0.1713 0.0015
163 0.1495 0.0463 0.5303 0.2544 0.0168 0.0028
164 0.3967 0.1172 0.3088 0.1553 0.0204 0.0015
165 0.2791 0.1732 0.3696 0.1403 0.0369 0.0008
166 0.3254 0.2086 0.3464 0.0918 0.0271 0.0004
167 0.1854 0.0773 0.2101 0.3955 0.1305 0.0011
168 0.1550 0.0368 0.1990 0.5493 0.0444 0.0152
169 0.0955 0.1125 0.3308 0.4182 0.0137 0.0291
170 0.1990 0.2476 0.2101 0.2849 0.0557 0.0028
171 0.1832 0.2974 0.1935 0.2013 0.1240 0.0006
172 0.3318 0.1004 0.1721 0.2881 0.1069 0.0008
173 0.1118 0.1815 0.3262 0.2073 0.1470 0.0264
174 0.2788 0.2206 0.1327 0.2620 0.1042 0.0018
175 0.2537 0.2136 0.3059 0.1638 0.0477 0.0152
176 0.3328 0.2473 0.1141 0.2632 0.0410 0.0016
177 0.3225 0.1234 0.0737 0.4548 0.0201 0.0053
178 0.2415 0.3569 0.3149 0.0188 0.0645 0.0034
179 0.3560 0.2998 0.3044 0.0159 0.0226 0.0011
180 0.3875 0.3188 0.2603 0.0202 0.0124 0.0009
181 0.4192 0.2157 0.3237 0.0188 0.0217 0.0008
182 0.3518 0.2676 0.3203 0.0112 0.0447 0.0043
183 0.2377 0.3433 0.2891 0.0640 0.0606 0.0056
184 0.3318 0.2839 0.2354 0.1321 0.0155 0.0013
185 0.2440 0.0477 0.1266 0.4929 0.0824 0.0064
186 0.1247 0.0402 0.1873 0.5088 0.1267 0.0123
187 0.0627 0.3755 0.1948 0.2791 0.0700 0.0177
188 0.0304 0.2263 0.3674 0.3191 0.0364 0.0202
189 0.0345 0.2651 0.6562 0.0232 0.0115 0.0094
190 0.3225 0.4919 0.1124 0.0413 0.0243 0.0076
191 0.1324 0.2035 0.1584 0.1294 0.3655 0.0107
192 0.1001 0.1256 0.1562 0.4592 0.0926 0.0662
193 0.0605 0.2866 0.5269 0.0620 0.0419 0.0219
194 0.1442 0.1547 0.6069 0.0221 0.0340 0.0382
195 0.3325 0.1752 0.2981 0.1071 0.0226 0.0645
196 0.2515 0.1549 0.2893 0.0693 0.0636 0.1715
197 0.2788 0.4023 0.2384 0.0068 0.0558 0.0178
198 0.3640 0.2369 0.3237 0.0258 0.0240 0.0254
199 0.2133 0.1245 0.5845 0.0539 0.0181 0.0059
200 0.3203 0.1572 0.3801 0.0903 0.0398 0.0122
201 0.2588 0.1486 0.4136 0.0426 0.1332 0.0035
202 0.0992 0.3804 0.4377 0.0147 0.0401 0.0278
203 0.1595 0.3738 0.2433 0.0179 0.1851 0.0203
204 0.0789 0.1984 0.3169 0.0551 0.0840 0.2668
205 0.3560 0.1643 0.2177 0.0581 0.0936 0.1103
206 0.2600 0.1403 0.2947 0.1603 0.0336 0.1110
207 0.5229 0.2571 0.1583 0.0403 0.0170 0.0042
208 0.2598 0.3467 0.2578 0.0207 0.0484 0.0667
209 0.3948 0.2671 0.1499 0.0547 0.0828 0.0506
210 0.1752 0.4617 0.2844 0.0175 0.0413 0.0200
211 0.1462 0.3508 0.3765 0.0582 0.0649 0.0033
212 0.1458 0.2240 0.5811 0.0084 0.0377 0.0030
213 0.3140 0.1775 0.4094 0.0157 0.0723 0.0113
214 0.3352 0.1986 0.3770 0.0573 0.0273 0.0046
215 0.3655 0.1572 0.3152 0.0565 0.1031 0.0025
216 0.2866 0.3430 0.2249 0.0175 0.0998 0.0284
217 0.1129 0.4463 0.3909 0.0047 0.0316 0.0136
218 0.2365 0.3206 0.3899 0.0030 0.0411 0.0092
219 0.0143 0.6782 0.3010 0.0007 0.0028 0.0030
220 0.0246 0.5688 0.3560 0.0073 0.0297 0.0135
221 0.2051 0.3923 0.3252 0.0105 0.0377 0.0291
222 0.1436 0.5127 0.1931 0.0333 0.0571 0.0603
223 0.2920 0.1588 0.4250 0.0627 0.0553 0.0061
224 0.2368 0.5293 0.2041 0.0027 0.0236 0.0034
225 0.0817 0.5762 0.3037 0.0035 0.0247 0.0101
226 0.0658 0.6807 0.1259 0.0098 0.1027 0.0154
227 0.2484 0.3760 0.2666 0.0294 0.0384 0.0412
228 0.4412 0.2052 0.2698 0.0588 0.0211 0.0041
229 0.3433 0.3125 0.2693 0.0433 0.0243 0.0074
230 0.2815 0.2771 0.3787 0.0266 0.0308 0.0055
231 0.1879 0.3296 0.3794 0.0783 0.0190 0.0058
232 0.2534 0.1973 0.3203 0.1489 0.0597 0.0206
233 0.2983 0.1477 0.4341 0.0882 0.0271 0.0043
234 0.2311 0.2311 0.4705 0.0240 0.0123 0.0313
235 0.1843 0.2620 0.4780 0.0374 0.0292 0.0090
236 0.1405 0.1669 0.4260 0.2466 0.0154 0.0045
237 0.2827 0.2362 0.4177 0.0469 0.0137 0.0028
238 0.3513 0.2234 0.3198 0.0494 0.0510 0.0049
239 0.3274 0.2180 0.2588 0.0923 0.0923 0.0112
240 0.1865 0.0887 0.2394 0.4473 0.0314 0.0066
241 0.2522 0.3088 0.3066 0.0706 0.0567 0.0051
242 0.4646 0.3479 0.1473 0.0168 0.0229 0.0004
243 0.3181 0.0761 0.4417 0.1179 0.0343 0.0120
244 0.4062 0.1980 0.2771 0.0712 0.0341 0.0133
245 0.1173 0.6099 0.2484 0.0125 0.0092 0.0027
246 0.1906 0.5020 0.2749 0.0123 0.0159 0.0044
247 0.1045 0.3481 0.4834 0.0331 0.0239 0.0071
248 0.1678 0.2788 0.2500 0.0524 0.2404 0.0105
249 0.0895 0.3379 0.3457 0.1252 0.0809 0.0208
250 0.1384 0.2976 0.4294 0.0235 0.0997 0.0114
251 0.1735 0.0453 0.1289 0.4033 0.0460 0.2029
252 0.1735 0.0453 0.1289 0.4033 0.0460 0.2029
253 0.1136 0.1553 0.1349 0.1288 0.0181 0.4492
254 0.1136 0.1553 0.1349 0.1288 0.0181 0.4492
