time exciting_prob fearful_prob tense_prob sad_prob relaxing_prob neutral_prob
0 0.1892 0.1952 0.0814 0.2507 0.0288 0.2546
1 0.6650 0.0555 0.2688 0.0099 0.0001 0.0007
2 0.5859 0.0496 0.3555 0.0079 0.0001 0.0011
3 0.0965 0.0585 0.2837 0.4534 0.0304 0.0776
4 0.5708 0.2825 0.1124 0.0032 0.0307 0.0005
5 0.2505 0.1569 0.5391 0.0381 0.0044 0.0113
6 0.2244 0.1775 0.5137 0.0648 0.0064 0.0132
7 0.3804 0.1688 0.3357 0.0676 0.0458 0.0019
8 0.0151 0.2438 0.5083 0.0392 0.1869 0.0068
9 0.1240 0.2666 0.3704 0.1044 0.0453 0.0894
10 0.1180 0.3208 0.5127 0.0215 0.0261 0.0010
11 0.2264 0.2161 0.5474 0.0033 0.0061 0.0006
12 0.1760 0.2834 0.5215 0.0140 0.0045 0.0007
13 0.2024 0.3811 0.3135 0.0431 0.0414 0.0184
14 0.1647 0.3223 0.4653 0.0082 0.0295 0.0099
15 0.0684 0.0921 0.2244 0.3938 0.0170 0.2043
16 0.2382 0.4180 0.3157 0.0174 0.0079 0.0028
17 0.1249 0.4641 0.3728 0.0186 0.0177 0.0018
18 0.0933 0.4314 0.4629 0.0055 0.0021 0.0046
19 0.0573 0.5483 0.3889 0.0017 0.0019 0.0018
20 0.2676 0.3127 0.4016 0.0058 0.0122 0.0002
21 0.1090 0.2151 0.5161 0.0238 0.1346 0.0017
22 0.0734 0.0972 0.2769 0.4426 0.0268 0.0831
23 0.1005 0.2487 0.3618 0.2566 0.0316 0.0010
24 0.0556 0.3979 0.1559 0.3457 0.0423 0.0026
25 0.1429 0.2756 0.2844 0.1487 0.1204 0.0282
26 0.1223 0.2267 0.4951 0.0297 0.1232 0.0032
27 0.1189 0.4248 0.3779 0.0371 0.0190 0.0222
28 0.4905 0.1508 0.1749 0.1300 0.0513 0.0025
29 0.3276 0.1488 0.4341 0.0472 0.0379 0.0045
30 0.2524 0.0533 0.1819 0.4294 0.0173 0.0654
31 0.2939 0.4080 0.1989 0.0704 0.0205 0.0085
32 0.1875 0.0973 0.6294 0.0058 0.0794 0.0006
33 0.0887 0.5186 0.2527 0.0564 0.0827 0.0009
34 0.2312 0.2747 0.4387 0.0028 0.0520 0.0006
35 0.2168 0.0918 0.5122 0.1538 0.0059 0.0195
36 0.3145 0.2954 0.3650 0.0064 0.0180 0.0007
37 0.2275 0.5415 0.2137 0.0054 0.0102 0.0013
38 0.0973 0.0648 0.4033 0.3503 0.0153 0.0690
39 0.1798 0.0484 0.4246 0.2874 0.0215 0.0383
40 0.2313 0.3528 0.3997 0.0019 0.0130 0.0013
41 0.0556 0.4802 0.4580 0.0029 0.0019 0.0014
42 0.0571 0.2539 0.6284 0.0492 0.0095 0.0017
43 0.1741 0.2983 0.4731 0.0174 0.0330 0.0041
44 0.1407 0.4199 0.3538 0.0169 0.0370 0.0316
45 0.1212 0.3269 0.5308 0.0030 0.0177 0.0002
46 0.2395 0.3379 0.3513 0.0309 0.0403 0.0002
47 0.1235 0.4209 0.3774 0.0157 0.0377 0.0249
48 0.3850 0.2194 0.3792 0.0036 0.0127 0.0001
49 0.1598 0.1810 0.4412 0.1840 0.0061 0.0280
50 0.0700 0.3933 0.3364 0.0818 0.0108 0.1075
51 0.1552 0.4250 0.2598 0.1266 0.0310 0.0023
52 0.0369 0.0439 0.2708 0.0071 0.6396 0.0017
53 0.0160 0.1071 0.5435 0.3147 0.0038 0.0148
54 0.1309 0.3755 0.4822 0.0035 0.0067 0.0011
55 0.1564 0.4316 0.3635 0.0310 0.0112 0.0064
56 0.1105 0.6162 0.2080 0.0382 0.0042 0.0230
57 0.0315 0.1065 0.5757 0.2255 0.0020 0.0588
58 0.4187 0.3752 0.0941 0.0180 0.0934 0.0006
59 0.1376 0.1233 0.3625 0.2529 0.1149 0.0087
60 0.0493 0.0996 0.3477 0.4395 0.0604 0.0037
61 0.2573 0.1687 0.4143 0.1399 0.0145 0.0055
62 0.2605 0.1981 0.4131 0.0807 0.0432 0.0045
63 0.1509 0.0782 0.2487 0.4868 0.0258 0.0095
64 0.1305 0.0925 0.5322 0.2052 0.0159 0.0234
65 0.1007 0.5889 0.2306 0.0465 0.0197 0.0138
66 0.0584 0.4670 0.3259 0.0912 0.0238 0.0336
67 0.1170 0.1246 0.5581 0.1730 0.0187 0.0085
68 0.2561 0.3528 0.3640 0.0183 0.0084 0.0005
69 0.3232 0.2310 0.3440 0.0553 0.0408 0.0059
70 0.3691 0.1189 0.3062 0.1785 0.0242 0.0032
71 0.0338 0.1813 0.6133 0.1327 0.0315 0.0074
72 0.0551 0.5190 0.4106 0.0055 0.0074 0.0021
73 0.3652 0.3174 0.2233 0.0114 0.0578 0.0249
74 0.2700 0.3132 0.2898 0.0693 0.0352 0.0225
75 0.0411 0.5376 0.2705 0.0812 0.0415 0.0281
76 0.1831 0.1259 0.4749 0.1603 0.0412 0.0147
77 0.1169 0.5366 0.3306 0.0073 0.0050 0.0036
78 0.3223 0.1753 0.4336 0.0258 0.0403 0.0026
79 0.2629 0.2080 0.5068 0.0109 0.0100 0.0011
80 0.1165 0.3215 0.3879 0.0663 0.0735 0.0341
81 0.1631 0.2335 0.4165 0.1556 0.0187 0.0127
82 0.1498 0.0908 0.5308 0.2112 0.0116 0.0058
83 0.2561 0.1173 0.3728 0.2058 0.0198 0.0281
84 0.1700 0.4080 0.3713 0.0087 0.0417 0.0002
85 0.0580 0.3997 0.5054 0.0149 0.0202 0.0018
86 0.1411 0.6377 0.2053 0.0099 0.0056 0.0006
87 0.0556 0.3152 0.6074 0.0059 0.0153 0.0003
88 0.5264 0.1061 0.2817 0.0724 0.0099 0.0035
89 0.1720 0.1720 0.3643 0.2244 0.0210 0.0463
90 0.4155 0.1328 0.3904 0.0520 0.0085 0.0010
91 0.2544 0.2211 0.4905 0.0085 0.0231 0.0021
92 0.1312 0.3918 0.3430 0.0284 0.0394 0.0660
93 0.2247 0.3853 0.2161 0.0930 0.0391 0.0419
94 0.3413 0.3206 0.2203 0.0177 0.0688 0.0315
95 0.1216 0.5244 0.3384 0.0059 0.0087 0.0011
96 0.1255 0.4314 0.3108 0.0232 0.0612 0.0480
97 0.0906 0.3420 0.5381 0.0055 0.0202 0.0035
98 0.2128 0.6602 0.0966 0.0028 0.0187 0.0087
99 0.0622 0.1445 0.1915 0.4595 0.0333 0.1091
100 0.1244 0.3713 0.4844 0.0039 0.0152 0.0008
101 0.1298 0.2969 0.4526 0.0812 0.0374 0.0020
102 0.1267 0.3210 0.5293 0.0082 0.0137 0.0011
103 0.0837 0.5718 0.3159 0.0057 0.0218 0.0009
104 0.1232 0.4836 0.3430 0.0262 0.0201 0.0039
105 0.0654 0.5874 0.3374 0.0035 0.0037 0.0026
106 0.4163 0.2605 0.2372 0.0202 0.0415 0.0244
107 0.0172 0.6777 0.1796 0.1124 0.0035 0.0099
108 0.3159 0.4185 0.2347 0.0093 0.0140 0.0074
109 0.0276 0.4490 0.5010 0.0116 0.0074 0.0038
110 0.1327 0.4219 0.3870 0.0261 0.0267 0.0055
111 0.1788 0.2369 0.3342 0.2297 0.0119 0.0083
112 0.0664 0.4004 0.3821 0.0361 0.1130 0.0019
113 0.2012 0.4395 0.2316 0.0192 0.1036 0.0050
114 0.3191 0.3503 0.1449 0.0190 0.1642 0.0024
115 0.2556 0.3779 0.2023 0.0352 0.1227 0.0063
116 0.0836 0.4412 0.3601 0.0166 0.0977 0.0008
117 0.0540 0.6182 0.2366 0.0071 0.0811 0.0030
118 0.1884 0.5283 0.2118 0.0080 0.0616 0.0020
119 0.0960 0.1354 0.7319 0.0280 0.0027 0.0057
120 0.1619 0.4133 0.2795 0.0482 0.0820 0.0149
121 0.0687 0.4143 0.4919 0.0071 0.0168 0.0011
122 0.1970 0.3484 0.4404 0.0023 0.0100 0.0017
123 0.1422 0.2617 0.4812 0.0588 0.0503 0.0056
124 0.1245 0.4146 0.3601 0.0932 0.0024 0.0054
125 0.1328 0.0905 0.6235 0.0733 0.0684 0.0114
126 0.2468 0.2932 0.3975 0.0329 0.0152 0.0145
127 0.1600 0.4053 0.3928 0.0160 0.0197 0.0061
128 0.1207 0.3604 0.4590 0.0215 0.0181 0.0203
129 0.0894 0.0880 0.4832 0.3071 0.0206 0.0118
130 0.1963 0.4253 0.1349 0.0062 0.2258 0.0115
131 0.2649 0.2957 0.2734 0.0361 0.1140 0.0159
132 0.0538 0.4944 0.2908 0.0120 0.1461 0.0029
133 0.1138 0.2142 0.5913 0.0326 0.0446 0.0034
134 0.1744 0.1886 0.3208 0.2788 0.0291 0.0084
135 0.1688 0.2272 0.4885 0.0709 0.0433 0.0014
136 0.1710 0.3738 0.3376 0.0624 0.0446 0.0106
137 0.1560 0.0407 0.2825 0.3801 0.0228 0.1178
138 0.1721 0.2708 0.5142 0.0264 0.0100 0.0066
139 0.3164 0.3757 0.2042 0.0740 0.0201 0.0096
140 0.0763 0.0964 0.1692 0.5464 0.0751 0.0366
141 0.1035 0.5552 0.2581 0.0438 0.0199 0.0197
142 0.0890 0.4451 0.2169 0.0132 0.2345 0.0014
143 0.2277 0.3499 0.2769 0.1101 0.0161 0.0193
144 0.3550 0.3257 0.1550 0.0317 0.1041 0.0285
145 0.2406 0.1654 0.2522 0.2140 0.0928 0.0352
146 0.2202 0.1091 0.3105 0.3154 0.0232 0.0213
147 0.2438 0.1840 0.4380 0.0823 0.0511 0.0011
148 0.1188 0.4963 0.2720 0.0206 0.0856 0.0069
149 0.0980 0.5376 0.2747 0.0637 0.0149 0.0110
150 0.0376 0.3679 0.4104 0.0923 0.0901 0.0016
151 0.1160 0.0933 0.1125 0.3154 0.0269 0.3357
152 0.1934 0.0637 0.7183 0.0085 0.0146 0.0017
153 0.0653 0.0906 0.3999 0.3938 0.0104 0.0399
154 0.2112 0.4041 0.3401 0.0144 0.0189 0.0115
155 0.3413 0.3870 0.1412 0.0349 0.0632 0.0325
156 0.3013 0.2170 0.4055 0.0255 0.0458 0.0050
157 0.1494 0.2244 0.5381 0.0679 0.0156 0.0044
158 0.2299 0.0396 0.4099 0.2861 0.0175 0.0170
159 0.4373 0.0475 0.4512 0.0569 0.0053 0.0017
160 0.1864 0.4038 0.3220 0.0479 0.0275 0.0124
161 0.2590 0.0967 0.2756 0.2180 0.0204 0.1302
162 0.0944 0.3818 0.4260 0.0233 0.0674 0.0069
163 0.2264 0.2976 0.3704 0.0795 0.0094 0.0168
164 0.1171 0.1758 0.2898 0.0083 0.4023 0.0067
165 0.1938 0.2732 0.4834 0.0324 0.0130 0.0041
166 0.1919 0.3264 0.4426 0.0170 0.0209 0.0010
167 0.3333 0.1389 0.4084 0.1033 0.0114 0.0046
168 0.2010 0.0638 0.1979 0.4639 0.0504 0.0231
169 0.2905 0.0820 0.2817 0.2505 0.0453 0.0501
170 0.2103 0.0575 0.4185 0.2460 0.0477 0.0202
171 0.0399 0.4783 0.4495 0.0199 0.0039 0.0086
172 0.1625 0.2382 0.5806 0.0068 0.0115 0.0007
173 0.1448 0.1110 0.7295 0.0051 0.0084 0.0012
174 0.2288 0.1324 0.2554 0.3228 0.0388 0.0220
175 0.3938 0.2369 0.3164 0.0233 0.0272 0.0026
176 0.1086 0.1086 0.7598 0.0096 0.0100 0.0034
177 0.0568 0.5962 0.1790 0.0886 0.0559 0.0238
178 0.1431 0.1837 0.5234 0.0258 0.1014 0.0225
179 0.3181 0.3440 0.3181 0.0081 0.0095 0.0023
180 0.1069 0.4683 0.3479 0.0419 0.0195 0.0157
181 0.0511 0.4053 0.4739 0.0048 0.0621 0.0030
182 0.1307 0.4285 0.1381 0.0632 0.2347 0.0048
183 0.0386 0.5044 0.3254 0.1024 0.0160 0.0132
184 0.1489 0.2615 0.5537 0.0251 0.0078 0.0032
185 0.4587 0.1254 0.3152 0.0588 0.0208 0.0210
186 0.5776 0.1138 0.2563 0.0187 0.0204 0.0129
187 0.6660 0.0591 0.1724 0.0600 0.0237 0.0188
188 0.1708 0.3879 0.3503 0.0623 0.0187 0.0099
189 0.2349 0.0768 0.4746 0.1746 0.0217 0.0174
190 0.2428 0.1450 0.2927 0.2795 0.0136 0.0264
191 0.2216 0.2590 0.2216 0.2434 0.0391 0.0152
192 0.2788 0.1118 0.4893 0.1109 0.0063 0.0032
193 0.1169 0.1637 0.4663 0.1099 0.1057 0.0377
194 0.2061 0.2998 0.3909 0.0103 0.0928 0.0002
195 0.1409 0.5659 0.2434 0.0226 0.0221 0.0052
196 0.0790 0.1956 0.4766 0.1621 0.0450 0.0417
197 0.2661 0.1873 0.2703 0.2661 0.0045 0.0056
198 0.0995 0.1707 0.2406 0.4355 0.0452 0.0085
199 0.1017 0.3782 0.5088 0.0025 0.0084 0.0003
200 0.2620 0.2620 0.3931 0.0094 0.0721 0.0016
201 0.1084 0.4390 0.3499 0.0627 0.0165 0.0236
202 0.1449 0.4607 0.2563 0.0341 0.1028 0.0011
203 0.3213 0.1210 0.3584 0.1110 0.0722 0.0163
204 0.3943 0.1053 0.3618 0.1157 0.0195 0.0032
205 0.4543 0.1343 0.3052 0.0697 0.0147 0.0218
206 0.0363 0.2157 0.3728 0.2522 0.0806 0.0425
207 0.3032 0.2272 0.3687 0.0773 0.0218 0.0017
208 0.1451 0.1281 0.4402 0.2668 0.0136 0.0061
209 0.0834 0.1851 0.5703 0.1176 0.0367 0.0071
210 0.0820 0.1250 0.4868 0.2817 0.0125 0.0122
211 0.0878 0.6592 0.2351 0.0057 0.0113 0.0007
212 0.1243 0.3076 0.3950 0.0895 0.0436 0.0397
213 0.1823 0.3655 0.3276 0.1097 0.0087 0.0064
214 0.1143 0.1840 0.5581 0.1057 0.0213 0.0167
215 0.3254 0.0962 0.5078 0.0552 0.0142 0.0010
216 0.2727 0.2260 0.1903 0.2156 0.0711 0.0244
217 0.2416 0.2454 0.2269 0.2003 0.0539 0.0319
218 0.0576 0.4866 0.1617 0.0943 0.1920 0.0079
219 0.1356 0.3774 0.4246 0.0284 0.0110 0.0229
220 0.2083 0.1072 0.3462 0.1168 0.0348 0.1868
221 0.1406 0.6865 0.1351 0.0292 0.0068 0.0017
222 0.0621 0.4275 0.4922 0.0131 0.0043 0.0008
223 0.1646 0.3049 0.2910 0.1924 0.0078 0.0394
224 0.0630 0.5532 0.3411 0.0199 0.0197 0.0030
225 0.0781 0.5459 0.3418 0.0164 0.0143 0.0034
226 0.2466 0.4001 0.2905 0.0177 0.0331 0.0120
227 0.2952 0.3398 0.2773 0.0509 0.0154 0.0215
228 0.2235 0.3984 0.3252 0.0189 0.0338 0.0003
229 0.1572 0.0650 0.4995 0.2473 0.0117 0.0192
230 0.1713 0.0479 0.4307 0.2781 0.0225 0.0495
231 0.1307 0.4121 0.4287 0.0045 0.0231 0.0009
232 0.0939 0.0932 0.1573 0.2515 0.3545 0.0495
233 0.0844 0.4387 0.2832 0.0301 0.1307 0.0328
234 0.0718 0.5693 0.1148 0.0169 0.2264 0.0006
235 0.0525 0.5825 0.1231 0.0161 0.2246 0.0008
