time exciting_prob fearful_prob tense_prob sad_prob relaxing_prob neutral_prob
0 0.2363 0.0925 0.2152 0.3230 0.0230 0.1099
1 0.2106 0.1448 0.2277 0.3262 0.0185 0.0722
2 0.1454 0.4341 0.2891 0.0293 0.0565 0.0457
3 0.1604 0.0474 0.4941 0.0806 0.1630 0.0546
4 0.2048 0.0790 0.3950 0.0714 0.0103 0.2395
5 0.3481 0.0056 0.0429 0.5068 0.0952 0.0014
6 0.3376 0.0615 0.3484 0.1407 0.0139 0.0975
7 0.1063 0.0464 0.4915 0.2357 0.0219 0.0983
8 0.2578 0.0431 0.2966 0.3015 0.0473 0.0536
9 0.0659 0.0724 0.4949 0.2864 0.0337 0.0468
10 0.0845 0.0913 0.1229 0.5420 0.0344 0.1248
11 0.0990 0.1440 0.3916 0.2375 0.0591 0.0686
12 0.1638 0.1445 0.1855 0.3928 0.0593 0.0540
13 0.1423 0.1691 0.3635 0.2539 0.0200 0.0511
14 0.3135 0.2189 0.2944 0.0979 0.0571 0.0181
15 0.0512 0.1460 0.7417 0.0100 0.0060 0.0452
16 0.0875 0.1273 0.5977 0.1177 0.0156 0.0543
17 0.1500 0.1548 0.5322 0.1187 0.0082 0.0362
18 0.2764 0.3992 0.2576 0.0194 0.0386 0.0089
19 0.2544 0.3562 0.3345 0.0155 0.0306 0.0086
20 0.1660 0.2959 0.4956 0.0055 0.0237 0.0130
21 0.3259 0.0508 0.3259 0.1515 0.0798 0.0662
22 0.3259 0.1652 0.3752 0.0231 0.0728 0.0378
23 0.4138 0.1865 0.2651 0.0258 0.0178 0.0909
24 0.3296 0.2162 0.2732 0.0681 0.0620 0.0509
25 0.3367 0.0819 0.2881 0.2465 0.0088 0.0381
26 0.3044 0.2710 0.2605 0.0538 0.0396 0.0707
27 0.1499 0.1633 0.5229 0.0665 0.0468 0.0506
28 0.0944 0.3025 0.5068 0.0691 0.0090 0.0183
29 0.1313 0.2003 0.2306 0.3984 0.0086 0.0307
30 0.2788 0.0905 0.2832 0.3159 0.0106 0.0207
31 0.2173 0.3696 0.2368 0.1403 0.0272 0.0086
32 0.3513 0.2130 0.2693 0.0708 0.0359 0.0596
33 0.3413 0.2458 0.2966 0.0792 0.0203 0.0166
34 0.5215 0.2386 0.1035 0.0608 0.0316 0.0442
35 0.6665 0.1821 0.0510 0.0295 0.0560 0.0150
36 0.3069 0.3191 0.2175 0.0712 0.0679 0.0176
37 0.2507 0.2356 0.4167 0.0246 0.0471 0.0252
38 0.3062 0.2944 0.3062 0.0477 0.0354 0.0101
39 0.1689 0.2310 0.5542 0.0249 0.0097 0.0114
40 0.2986 0.1265 0.5493 0.0152 0.0048 0.0056
41 0.0885 0.2925 0.5547 0.0113 0.0355 0.0174
42 0.3762 0.0922 0.3425 0.0900 0.0550 0.0442
43 0.1450 0.2467 0.4536 0.0279 0.1174 0.0093
44 0.2004 0.2615 0.3252 0.1124 0.0215 0.0791
45 0.2249 0.1620 0.3323 0.0881 0.0615 0.1312
46 0.1852 0.2198 0.4802 0.0790 0.0204 0.0153
47 0.0820 0.0279 0.8149 0.0233 0.0049 0.0467
48 0.1923 0.0286 0.3025 0.3374 0.0168 0.1223
49 0.1562 0.0693 0.7227 0.0315 0.0038 0.0167
50 0.0455 0.3552 0.5503 0.0257 0.0019 0.0215
51 0.0663 0.0160 0.7246 0.1617 0.0060 0.0252
52 0.4187 0.1774 0.3064 0.0459 0.0381 0.0135
53 0.1102 0.1191 0.6440 0.1051 0.0097 0.0120
54 0.0870 0.0405 0.6040 0.1991 0.0080 0.0617
55 0.3308 0.1991 0.3992 0.0267 0.0227 0.0215
56 0.4504 0.1907 0.2487 0.0393 0.0443 0.0266
57 0.1215 0.2632 0.5073 0.0526 0.0156 0.0397
58 0.1689 0.1198 0.3013 0.2383 0.0203 0.1515
59 0.1464 0.1375 0.5972 0.0714 0.0178 0.0297
60 0.3301 0.0322 0.3625 0.1609 0.0348 0.0797
61 0.3784 0.1577 0.3186 0.0558 0.0240 0.0652
62 0.1421 0.0365 0.3516 0.1254 0.0620 0.2825
63 0.2891 0.1781 0.3201 0.0161 0.1740 0.0226
64 0.2499 0.2039 0.4490 0.0148 0.0504 0.0323
65 0.1907 0.1021 0.3455 0.1683 0.0144 0.1792
66 0.1541 0.0289 0.2703 0.4253 0.0739 0.0477
67 0.2029 0.0475 0.3452 0.2905 0.0770 0.0370
68 0.2886 0.1212 0.3706 0.0595 0.0092 0.1509
69 0.3049 0.1509 0.4578 0.0281 0.0400 0.0184
70 0.2786 0.2170 0.4023 0.0455 0.0215 0.0352
71 0.3115 0.2012 0.3264 0.1035 0.0290 0.0283
72 0.3508 0.2336 0.3677 0.0242 0.0140 0.0098
73 0.1846 0.0529 0.2859 0.4358 0.0207 0.0202
74 0.1296 0.0622 0.3469 0.4055 0.0149 0.0408
75 0.2930 0.1921 0.1777 0.2505 0.0329 0.0538
76 0.4385 0.1600 0.3389 0.0330 0.0231 0.0065
77 0.6621 0.0703 0.1714 0.0379 0.0312 0.0271
78 0.3101 0.1323 0.5034 0.0255 0.0137 0.0148
79 0.5757 0.0876 0.2964 0.0068 0.0156 0.0182
80 0.3787 0.1482 0.1934 0.2058 0.0194 0.0545
81 0.1515 0.5991 0.2203 0.0118 0.0116 0.0057
82 0.3037 0.4561 0.1317 0.0528 0.0325 0.0232
83 0.1586 0.4734 0.3464 0.0050 0.0066 0.0100
84 0.1088 0.4797 0.3796 0.0182 0.0047 0.0089
85 0.0671 0.2573 0.4517 0.1489 0.0120 0.0630
86 0.0818 0.1154 0.7827 0.0121 0.0047 0.0032
87 0.1625 0.1467 0.6733 0.0041 0.0113 0.0020
88 0.1228 0.3555 0.4492 0.0392 0.0240 0.0093
89 0.0413 0.4758 0.2213 0.1697 0.0789 0.0131
90 0.0318 0.0477 0.2274 0.6377 0.0157 0.0395
91 0.0447 0.3921 0.3008 0.1635 0.0889 0.0101
92 0.1279 0.2905 0.5181 0.0140 0.0244 0.0250
93 0.0432 0.2231 0.3350 0.2820 0.0629 0.0538
94 0.3369 0.0893 0.1763 0.0299 0.0559 0.3118
95 0.4043 0.2759 0.2651 0.0324 0.0133 0.0089
96 0.5322 0.1675 0.1958 0.0257 0.0420 0.0371
97 0.2554 0.0856 0.5664 0.0557 0.0203 0.0164
98 0.3372 0.1300 0.2429 0.2212 0.0242 0.0446
99 0.0981 0.1320 0.4004 0.2317 0.0302 0.1077
100 0.3752 0.1718 0.2104 0.1100 0.0369 0.0956
101 0.2537 0.2345 0.4812 0.0146 0.0085 0.0075
102 0.1304 0.2739 0.5532 0.0186 0.0116 0.0121
103 0.0262 0.2844 0.6309 0.0464 0.0062 0.0057
104 0.1802 0.4124 0.2791 0.0818 0.0264 0.0204
105 0.1528 0.2123 0.3965 0.0396 0.1248 0.0739
106 0.1176 0.2866 0.4580 0.0275 0.0450 0.0654
107 0.2122 0.1136 0.3723 0.1504 0.0657 0.0857
108 0.1036 0.5825 0.1450 0.1290 0.0337 0.0061
109 0.2212 0.3535 0.3591 0.0353 0.0235 0.0073
110 0.0723 0.0914 0.6650 0.1289 0.0214 0.0207
111 0.0378 0.0907 0.2427 0.5137 0.0256 0.0893
112 0.0520 0.2385 0.7012 0.0045 0.0011 0.0030
113 0.5625 0.1930 0.1445 0.0106 0.0119 0.0773
114 0.5161 0.2135 0.1663 0.0305 0.0253 0.0480
115 0.3872 0.2122 0.3723 0.0034 0.0062 0.0187
116 0.3357 0.3987 0.2068 0.0129 0.0130 0.0330
117 0.3379 0.3301 0.2913 0.0105 0.0100 0.0201
118 0.3328 0.3516 0.2673 0.0046 0.0090 0.0348
119 0.4619 0.1132 0.3328 0.0253 0.0172 0.0495
120 0.2328 0.1285 0.3037 0.0699 0.0133 0.2517
121 0.4067 0.1722 0.3425 0.0068 0.0126 0.0591
122 0.1860 0.2108 0.4395 0.0128 0.0147 0.1361
123 0.2920 0.1799 0.4814 0.0124 0.0109 0.0232
124 0.4441 0.0605 0.2377 0.0916 0.0457 0.1204
125 0.3247 0.2844 0.2844 0.0300 0.0209 0.0556
126 0.2079 0.0542 0.3374 0.3650 0.0186 0.0169
127 0.3230 0.0575 0.2720 0.1676 0.0411 0.1389
128 0.2864 0.2096 0.3296 0.0356 0.0670 0.0718
129 0.4521 0.2327 0.2556 0.0053 0.0315 0.0229
130 0.4150 0.3335 0.2120 0.0097 0.0156 0.0141
131 0.4395 0.1279 0.1555 0.0776 0.0390 0.1604
132 0.4744 0.1947 0.1787 0.0793 0.0255 0.0473
133 0.3511 0.4138 0.1954 0.0063 0.0078 0.0256
134 0.6367 0.1868 0.1064 0.0057 0.0440 0.0202
135 0.1665 0.4319 0.3694 0.0055 0.0116 0.0149
136 0.1666 0.3391 0.4636 0.0161 0.0120 0.0026
137 0.4500 0.0180 0.0638 0.1791 0.1156 0.1735
138 0.1754 0.1548 0.3953 0.2083 0.0232 0.0430
139 0.2061 0.4065 0.2974 0.0403 0.0302 0.0195
140 0.1670 0.2046 0.1364 0.3884 0.0222 0.0814
141 0.1603 0.0723 0.2124 0.3967 0.0497 0.1085
142 0.4653 0.3223 0.1333 0.0317 0.0243 0.0232
143 0.2114 0.2981 0.4546 0.0138 0.0144 0.0078
144 0.4436 0.1582 0.2411 0.0151 0.0237 0.1185
145 0.0299 0.0328 0.8472 0.0456 0.0044 0.0403
146 0.1310 0.4397 0.2585 0.0244 0.1231 0.0231
147 0.1716 0.2186 0.1785 0.0532 0.3494 0.0289
148 0.2112 0.0400 0.5830 0.1130 0.0331 0.0196
149 0.2861 0.1053 0.3674 0.1331 0.0467 0.0614
150 0.3352 0.2913 0.2396 0.0875 0.0200 0.0265
151 0.3572 0.0932 0.3203 0.1254 0.0143 0.0896
152 0.2930 0.1147 0.2429 0.2710 0.0122 0.0659
153 0.0439 0.4009 0.5068 0.0271 0.0074 0.0139
154 0.0919 0.0612 0.2273 0.4451 0.0232 0.1514
155 0.1056 0.3057 0.5278 0.0164 0.0012 0.0430
156 0.2524 0.5020 0.1936 0.0080 0.0116 0.0323
157 0.2900 0.2122 0.3782 0.0080 0.0168 0.0949
158 0.4187 0.1370 0.3840 0.0050 0.0123 0.0431
159 0.3120 0.3452 0.2546 0.0082 0.0115 0.0685
160 0.4592 0.1638 0.2103 0.0484 0.0227 0.0955
161 0.1450 0.5645 0.2159 0.0419 0.0186 0.0141
162 0.2830 0.5083 0.1885 0.0109 0.0033 0.0060
163 0.1561 0.2167 0.5708 0.0317 0.0099 0.0146
164 0.2629 0.1292 0.4910 0.0204 0.0321 0.0644
165 0.1320 0.2372 0.3972 0.1776 0.0372 0.0187
166 0.3171 0.3350 0.2451 0.0510 0.0413 0.0106
167 0.1771 0.1587 0.4629 0.0280 0.0145 0.1587
168 0.2871 0.2362 0.3601 0.0167 0.0732 0.0267
169 0.4089 0.2240 0.3337 0.0144 0.0070 0.0119
170 0.2361 0.3516 0.3408 0.0106 0.0310 0.0298
171 0.1774 0.2971 0.3611 0.0306 0.0186 0.1154
172 0.1843 0.0898 0.6235 0.0313 0.0162 0.0549
173 0.1855 0.3440 0.4558 0.0022 0.0065 0.0061
174 0.0362 0.1896 0.7383 0.0263 0.0020 0.0079
175 0.0708 0.2891 0.5571 0.0454 0.0112 0.0265
176 0.1202 0.0147 0.7363 0.0685 0.0095 0.0509
177 0.0622 0.1002 0.6846 0.0831 0.0119 0.0580
178 0.1159 0.0556 0.7920 0.0219 0.0044 0.0104
179 0.1205 0.5400 0.3030 0.0309 0.0037 0.0019
180 0.2573 0.1537 0.4810 0.0773 0.0145 0.0161
181 0.3411 0.1729 0.2783 0.0698 0.1032 0.0349
182 0.1715 0.2236 0.4448 0.0671 0.0767 0.0163
183 0.4109 0.2781 0.1726 0.0597 0.0134 0.0655
184 0.0963 0.1423 0.2700 0.3467 0.0948 0.0500
185 0.2194 0.1763 0.2974 0.0393 0.2605 0.0072
186 0.1930 0.4250 0.2966 0.0536 0.0060 0.0257
187 0.2468 0.4331 0.2732 0.0030 0.0108 0.0329
188 0.4946 0.3169 0.0936 0.0446 0.0108 0.0396
189 0.2207 0.4387 0.2993 0.0028 0.0166 0.0219
190 0.3284 0.2988 0.2617 0.0190 0.0637 0.0285
191 0.5376 0.2041 0.1887 0.0134 0.0438 0.0123
192 0.5645 0.2029 0.1655 0.0130 0.0294 0.0248
193 0.5371 0.2037 0.1637 0.0225 0.0368 0.0363
194 0.2023 0.1855 0.1975 0.0575 0.3157 0.0414
195 0.2419 0.1943 0.1467 0.2964 0.0570 0.0636
196 0.0696 0.6499 0.1862 0.0839 0.0086 0.0020
197 0.3113 0.2330 0.3904 0.0389 0.0138 0.0127
198 0.2700 0.2742 0.4116 0.0177 0.0181 0.0083
199 0.4512 0.1823 0.3174 0.0152 0.0120 0.0221
200 0.5093 0.1963 0.1381 0.0281 0.0296 0.0987
201 0.3313 0.2480 0.3259 0.0202 0.0272 0.0473
202 0.3640 0.1494 0.3367 0.0164 0.0134 0.1201
203 0.3306 0.0476 0.1514 0.2698 0.0773 0.1235
204 0.4502 0.2998 0.2228 0.0032 0.0088 0.0153
205 0.4333 0.2932 0.2489 0.0078 0.0079 0.0088
206 0.4832 0.1998 0.2430 0.0147 0.0124 0.0468
207 0.0448 0.3958 0.5005 0.0363 0.0177 0.0050
208 0.1829 0.1127 0.4187 0.1516 0.0315 0.1026
209 0.2927 0.1382 0.3215 0.1707 0.0321 0.0449
210 0.1141 0.0450 0.0615 0.0172 0.0241 0.7383
211 0.2910 0.3147 0.3623 0.0055 0.0164 0.0102
212 0.3271 0.2844 0.1725 0.1545 0.0370 0.0245
213 0.4780 0.1447 0.3235 0.0259 0.0167 0.0113
214 0.2954 0.1879 0.3196 0.0789 0.0974 0.0209
215 0.1251 0.3296 0.5269 0.0103 0.0068 0.0013
216 0.1447 0.0558 0.1718 0.4185 0.0294 0.1799
217 0.5605 0.1848 0.0419 0.0082 0.1937 0.0108
218 0.2194 0.3879 0.2505 0.0111 0.1174 0.0138
219 0.1462 0.2283 0.3821 0.0944 0.1395 0.0095
220 0.5356 0.1766 0.0847 0.0051 0.1880 0.0100
221 0.1014 0.2451 0.5107 0.0629 0.0748 0.0051
222 0.3403 0.2032 0.1621 0.0342 0.2549 0.0051
223 0.4175 0.2847 0.2217 0.0166 0.0269 0.0327
224 0.3174 0.2590 0.1823 0.0475 0.1608 0.0332
225 0.1385 0.1322 0.4202 0.2394 0.0345 0.0353
226 0.0613 0.4189 0.2424 0.1542 0.0252 0.0980
227 0.3220 0.2671 0.3271 0.0397 0.0175 0.0264
228 0.2517 0.2617 0.4182 0.0360 0.0227 0.0099
229 0.2136 0.1198 0.5669 0.0341 0.0511 0.0143
230 0.2346 0.2239 0.4417 0.0167 0.0580 0.0251
231 0.5791 0.2490 0.0748 0.0660 0.0256 0.0055
232 0.5786 0.2488 0.0747 0.0670 0.0256 0.0055
233 0.5786 0.2488 0.0747 0.0670 0.0256 0.0055
234 0.7002 0.2308 0.0437 0.0094 0.0152 0.0007
235 0.7002 0.2308 0.0437 0.0094 0.0152 0.0007
236 0.7002 0.2308 0.0437 0.0095 0.0152 0.0007
237 0.7002 0.2308 0.0437 0.0095 0.0152 0.0007
238 0.7002 0.2308 0.0437 0.0095 0.0152 0.0007
239 0.7002 0.2308 0.0437 0.0095 0.0152 0.0007
240 0.7002 0.2308 0.0437 0.0095 0.0152 0.0007
