time exciting_prob fearful_prob tense_prob sad_prob relaxing_prob neutral_prob
0 0.2083 0.2532 0.0666 0.2235 0.0267 0.2217
1 0.0397 0.2629 0.5830 0.0538 0.0068 0.0538
2 0.0861 0.2018 0.6313 0.0440 0.0209 0.0159
3 0.1111 0.1997 0.2297 0.3909 0.0226 0.0460
4 0.2119 0.2852 0.4084 0.0631 0.0076 0.0238
5 0.3125 0.0931 0.3857 0.1583 0.0049 0.0454
6 0.2446 0.1138 0.3093 0.2861 0.0070 0.0393
7 0.0319 0.6255 0.2690 0.0167 0.0490 0.0077
8 0.0427 0.1001 0.3440 0.3281 0.0503 0.1346
9 0.0434 0.2024 0.6333 0.0528 0.0571 0.0113
10 0.0598 0.3035 0.1959 0.1650 0.2678 0.0078
11 0.0567 0.3164 0.1775 0.3369 0.1044 0.0082
12 0.0531 0.1783 0.1573 0.5161 0.0856 0.0098
13 0.0289 0.0539 0.1089 0.7676 0.0175 0.0232
14 0.0413 0.2612 0.3352 0.2693 0.0407 0.0522
15 0.0321 0.2466 0.2883 0.3167 0.0695 0.0471
16 0.0504 0.5767 0.2520 0.0971 0.0160 0.0081
17 0.0365 0.6987 0.1686 0.0660 0.0225 0.0078
18 0.0626 0.2397 0.3831 0.2717 0.0269 0.0161
19 0.0612 0.6187 0.2040 0.0780 0.0310 0.0073
20 0.0655 0.5234 0.2286 0.1488 0.0234 0.0104
21 0.0370 0.6875 0.1079 0.1302 0.0185 0.0189
22 0.0192 0.4697 0.1389 0.3279 0.0220 0.0221
23 0.0227 0.3340 0.4092 0.1437 0.0673 0.0231
24 0.0188 0.2681 0.5332 0.1552 0.0102 0.0149
25 0.0063 0.4346 0.4346 0.0897 0.0141 0.0206
26 0.0157 0.3989 0.5044 0.0421 0.0144 0.0245
27 0.0054 0.4817 0.3208 0.1665 0.0141 0.0115
28 0.0158 0.4294 0.3850 0.1103 0.0240 0.0352
29 0.0074 0.5127 0.4055 0.0524 0.0120 0.0102
30 0.0795 0.3855 0.3977 0.0847 0.0254 0.0271
31 0.1226 0.5200 0.3254 0.0047 0.0147 0.0127
32 0.0313 0.4893 0.2440 0.0580 0.0438 0.1338
33 0.0721 0.3806 0.3384 0.0359 0.1356 0.0374
34 0.0461 0.3438 0.1943 0.0656 0.1065 0.2438
35 0.0082 0.7173 0.1481 0.0817 0.0129 0.0318
36 0.0099 0.6362 0.1740 0.1534 0.0101 0.0164
37 0.0154 0.3171 0.0719 0.2756 0.0218 0.2981
38 0.0827 0.5352 0.2162 0.0735 0.0564 0.0359
39 0.1006 0.2649 0.0783 0.0665 0.4302 0.0596
40 0.1364 0.1029 0.0997 0.2319 0.3765 0.0526
41 0.1284 0.1727 0.2534 0.1700 0.2344 0.0410
42 0.0253 0.0709 0.1388 0.7158 0.0221 0.0273
43 0.0559 0.2798 0.3823 0.2178 0.0391 0.0252
44 0.3547 0.2615 0.0829 0.0174 0.2783 0.0049
45 0.1993 0.3364 0.0994 0.1932 0.1228 0.0489
46 0.1017 0.3750 0.1135 0.2479 0.1153 0.0466
47 0.0425 0.3096 0.1362 0.2467 0.0439 0.2212
48 0.0783 0.2629 0.1122 0.1364 0.0453 0.3650
49 0.0103 0.0497 0.0262 0.0770 0.0088 0.8281
50 0.1565 0.4976 0.0878 0.0508 0.1553 0.0520
51 0.1344 0.4583 0.1272 0.0945 0.1293 0.0565
52 0.2634 0.3574 0.1016 0.1265 0.0904 0.0607
53 0.0515 0.5488 0.1525 0.1824 0.0181 0.0468
54 0.0136 0.7554 0.0692 0.1323 0.0226 0.0071
55 0.0620 0.6216 0.2018 0.0556 0.0317 0.0273
56 0.0332 0.0483 0.1765 0.3147 0.1821 0.2451
57 0.0562 0.3521 0.2852 0.2308 0.0278 0.0480
58 0.0866 0.4946 0.1644 0.0691 0.0887 0.0966
59 0.0724 0.6611 0.0479 0.0909 0.0802 0.0475
60 0.0322 0.6519 0.1133 0.0810 0.0574 0.0641
61 0.0162 0.1558 0.0930 0.1157 0.5698 0.0498
62 0.0287 0.2312 0.1565 0.1801 0.3638 0.0399
63 0.0804 0.3777 0.3896 0.0792 0.0315 0.0414
64 0.0266 0.1848 0.2449 0.4102 0.0490 0.0846
65 0.0135 0.4360 0.2075 0.0973 0.0366 0.2091
66 0.0223 0.7002 0.2169 0.0371 0.0200 0.0035
67 0.0512 0.5767 0.2443 0.0355 0.0662 0.0261
68 0.0511 0.2120 0.3184 0.2479 0.0598 0.1108
69 0.0135 0.1271 0.1332 0.5972 0.0115 0.1176
70 0.0303 0.5254 0.2189 0.0598 0.1553 0.0105
71 0.1196 0.2493 0.0483 0.0625 0.4619 0.0583
72 0.0390 0.0922 0.0509 0.6108 0.0429 0.1643
73 0.0093 0.6646 0.3091 0.0121 0.0028 0.0025
74 0.0203 0.3274 0.0714 0.3430 0.0471 0.1909
75 0.2247 0.4133 0.2178 0.0329 0.0542 0.0573
76 0.0670 0.3247 0.1620 0.0902 0.0888 0.2671
77 0.0667 0.4519 0.2515 0.1526 0.0540 0.0234
78 0.1793 0.3196 0.3271 0.0461 0.1185 0.0091
79 0.1005 0.1709 0.6353 0.0299 0.0542 0.0093
80 0.1194 0.2649 0.2957 0.1938 0.0490 0.0771
81 0.0548 0.4451 0.0963 0.0977 0.2917 0.0144
82 0.1373 0.3296 0.0770 0.1749 0.2283 0.0529
83 0.1018 0.5503 0.1705 0.1577 0.0156 0.0041
84 0.1230 0.3396 0.0914 0.3188 0.0886 0.0387
85 0.2224 0.0871 0.1172 0.3904 0.1210 0.0618
86 0.0537 0.2998 0.2605 0.1543 0.0428 0.1891
87 0.0145 0.2532 0.2494 0.1273 0.0200 0.3354
88 0.0945 0.3625 0.1243 0.1158 0.1956 0.1072
89 0.0925 0.3987 0.0773 0.1057 0.2362 0.0897
90 0.0697 0.4109 0.1150 0.3569 0.0342 0.0134
91 0.0140 0.3916 0.3298 0.1096 0.0288 0.1261
92 0.0330 0.3359 0.3748 0.0531 0.0667 0.1367
93 0.0337 0.4043 0.3052 0.0232 0.0440 0.1896
94 0.0434 0.4177 0.2917 0.0785 0.1501 0.0185
95 0.0944 0.4866 0.1495 0.0894 0.0316 0.1484
96 0.0459 0.3696 0.2367 0.1248 0.0313 0.1918
97 0.0391 0.4873 0.1821 0.1364 0.0419 0.1131
98 0.0662 0.4739 0.3359 0.0897 0.0190 0.0155
99 0.0840 0.2468 0.3169 0.2230 0.0204 0.1087
100 0.0313 0.2352 0.4751 0.0290 0.0047 0.2245
101 0.0100 0.0593 0.0408 0.3157 0.0024 0.5718
102 0.0210 0.1960 0.1135 0.4150 0.0488 0.2054
103 0.0300 0.1687 0.2961 0.0917 0.0829 0.3303
104 0.0468 0.1534 0.0930 0.2822 0.0999 0.3247
105 0.0183 0.1918 0.3364 0.1888 0.0066 0.2581
106 0.0948 0.3550 0.1638 0.0844 0.1960 0.1058
107 0.0662 0.2786 0.2656 0.0335 0.2874 0.0688
108 0.0665 0.3564 0.1185 0.2588 0.0601 0.1396
109 0.0696 0.5518 0.2194 0.0406 0.0425 0.0764
110 0.1865 0.0748 0.3379 0.1522 0.0999 0.1487
111 0.0481 0.1401 0.2832 0.4121 0.0524 0.0642
112 0.1047 0.0645 0.1000 0.3176 0.1283 0.2847
113 0.0404 0.5078 0.3381 0.0320 0.0698 0.0118
114 0.0388 0.5664 0.3032 0.0257 0.0527 0.0132
115 0.0364 0.3623 0.0867 0.1686 0.0108 0.3352
116 0.0063 0.0636 0.0817 0.0955 0.0140 0.7393
117 0.0168 0.5430 0.0880 0.1061 0.0147 0.2317
118 0.0992 0.1713 0.1039 0.2115 0.0280 0.3860
119 0.0212 0.0516 0.5376 0.1718 0.0075 0.2104
120 0.0715 0.2134 0.2554 0.2235 0.1089 0.1274
121 0.1356 0.2201 0.3628 0.2437 0.0171 0.0206
122 0.0131 0.2781 0.1525 0.2003 0.0230 0.3330
123 0.0220 0.0896 0.5234 0.1897 0.0078 0.1674
124 0.0626 0.6841 0.1188 0.0511 0.0056 0.0779
125 0.0779 0.4553 0.0755 0.0511 0.0552 0.2849
126 0.0060 0.6104 0.1212 0.1427 0.0076 0.1121
127 0.0264 0.3191 0.4863 0.0505 0.0109 0.1069
128 0.0859 0.1763 0.5605 0.1250 0.0217 0.0306
129 0.0926 0.2830 0.4087 0.1316 0.0142 0.0699
130 0.0200 0.4175 0.2473 0.0816 0.0220 0.2115
131 0.0688 0.2991 0.5010 0.0934 0.0141 0.0240
132 0.0539 0.1007 0.3684 0.0476 0.0725 0.3569
133 0.0622 0.1564 0.4741 0.1423 0.1091 0.0558
134 0.0273 0.2668 0.4756 0.1184 0.0568 0.0551
135 0.1259 0.3240 0.3474 0.1707 0.0161 0.0160
136 0.0418 0.0844 0.0668 0.4858 0.0311 0.2900
137 0.0086 0.4436 0.2096 0.2375 0.0039 0.0967
138 0.1171 0.3442 0.4780 0.0484 0.0065 0.0057
139 0.0507 0.0440 0.2361 0.5156 0.0124 0.1410
140 0.1130 0.1139 0.3401 0.2820 0.0094 0.1417
141 0.0883 0.1388 0.1649 0.5576 0.0109 0.0395
142 0.5498 0.2659 0.1526 0.0179 0.0054 0.0087
143 0.1881 0.1523 0.2148 0.4172 0.0096 0.0179
144 0.0478 0.2817 0.0497 0.2861 0.1221 0.2126
145 0.0412 0.2316 0.1542 0.2316 0.1027 0.2389
146 0.0160 0.2703 0.0608 0.4744 0.0536 0.1248
147 0.0293 0.5195 0.0640 0.1388 0.0102 0.2379
148 0.0417 0.4451 0.1143 0.1538 0.0196 0.2256
149 0.0651 0.6372 0.1057 0.0540 0.0548 0.0829
150 0.1237 0.0732 0.2421 0.3992 0.0194 0.1423
151 0.0320 0.3521 0.5713 0.0315 0.0109 0.0024
152 0.2656 0.4812 0.1216 0.0398 0.0291 0.0626
153 0.4497 0.1182 0.1788 0.0950 0.1350 0.0231
154 0.0098 0.1011 0.0313 0.3877 0.0097 0.4604
155 0.1436 0.0657 0.1577 0.3499 0.1018 0.1815
156 0.0185 0.1652 0.0424 0.0504 0.0224 0.7012
157 0.0289 0.2170 0.1588 0.2788 0.0762 0.2402
158 0.0434 0.3752 0.1153 0.2876 0.0727 0.1058
159 0.0875 0.4512 0.3005 0.1097 0.0273 0.0235
160 0.0326 0.4827 0.2177 0.0729 0.0152 0.1790
161 0.0365 0.5542 0.2054 0.0523 0.0105 0.1412
162 0.0182 0.5327 0.0762 0.1785 0.0238 0.1703
163 0.0207 0.5386 0.2177 0.0752 0.0275 0.1202
164 0.0721 0.2438 0.1549 0.2476 0.1315 0.1501
165 0.1930 0.0301 0.0897 0.4929 0.0417 0.1527
166 0.0835 0.2019 0.3008 0.0999 0.1106 0.2035
167 0.0836 0.1942 0.1324 0.0932 0.1133 0.3833
168 0.0375 0.0995 0.1318 0.1201 0.1720 0.4392
169 0.2283 0.4612 0.2195 0.0273 0.0551 0.0089
170 0.2372 0.5103 0.1394 0.0521 0.0563 0.0048
171 0.0070 0.5708 0.2695 0.1215 0.0085 0.0228
172 0.0177 0.3511 0.3147 0.0847 0.0634 0.1685
173 0.5518 0.0086 0.0260 0.3293 0.0193 0.0649
174 0.2852 0.0225 0.0236 0.5762 0.0532 0.0395
175 0.1025 0.0933 0.0431 0.7227 0.0145 0.0240
176 0.0097 0.4568 0.1372 0.3728 0.0045 0.0190
177 0.0185 0.6284 0.2969 0.0441 0.0023 0.0098
178 0.0132 0.2191 0.2091 0.4292 0.0381 0.0914
179 0.0552 0.3081 0.2554 0.0440 0.0146 0.3228
180 0.0458 0.3062 0.1100 0.1564 0.0732 0.3086
181 0.0999 0.1262 0.1608 0.2214 0.1006 0.2910
182 0.0983 0.2756 0.2490 0.0719 0.1186 0.1865
183 0.1218 0.3870 0.3931 0.0298 0.0641 0.0042
184 0.1059 0.3755 0.4124 0.0227 0.0706 0.0130
185 0.1273 0.2100 0.4622 0.0676 0.1064 0.0263
186 0.0714 0.2396 0.1571 0.1224 0.0822 0.3274
187 0.0143 0.2769 0.5508 0.0563 0.0787 0.0229
188 0.2201 0.4111 0.2573 0.0317 0.0714 0.0085
189 0.0506 0.5703 0.2610 0.0526 0.0113 0.0543
190 0.0034 0.6685 0.0566 0.2421 0.0014 0.0280
191 0.0441 0.2639 0.1930 0.3013 0.1664 0.0313
192 0.0412 0.6763 0.1544 0.0691 0.0342 0.0250
193 0.0120 0.5669 0.0693 0.2102 0.0119 0.1295
194 0.0031 0.0767 0.0259 0.8242 0.0068 0.0635
195 0.0250 0.7354 0.0381 0.1615 0.0248 0.0156
196 0.0834 0.2820 0.4436 0.0783 0.0288 0.0840
197 0.0340 0.5972 0.2113 0.0686 0.0578 0.0309
198 0.0119 0.8213 0.0260 0.1340 0.0006 0.0063
199 0.0215 0.3254 0.5039 0.0849 0.0305 0.0335
200 0.0637 0.5547 0.1162 0.0781 0.0473 0.1403
201 0.0189 0.1022 0.0506 0.1215 0.0079 0.6987
202 0.3433 0.2571 0.2002 0.0772 0.0552 0.0671
203 0.1746 0.4092 0.1101 0.1172 0.1381 0.0508
204 0.0390 0.4365 0.3975 0.1086 0.0127 0.0057
205 0.0090 0.5767 0.1247 0.0751 0.1786 0.0360
206 0.0437 0.1009 0.2595 0.0182 0.5161 0.0612
207 0.0573 0.1439 0.0457 0.0304 0.0573 0.6655
208 0.0714 0.3149 0.4512 0.1186 0.0159 0.0282
209 0.0840 0.2412 0.3123 0.1545 0.1232 0.0847
210 0.1653 0.2812 0.2725 0.1603 0.0734 0.0474
211 0.0159 0.3782 0.4893 0.0831 0.0137 0.0200
212 0.0073 0.3052 0.3147 0.1071 0.1909 0.0748
213 0.2206 0.1257 0.1067 0.0622 0.1614 0.3235
214 0.0339 0.3123 0.4988 0.0573 0.0436 0.0542
215 0.0597 0.1598 0.7388 0.0245 0.0048 0.0123
216 0.0248 0.2795 0.6704 0.0111 0.0107 0.0036
217 0.1045 0.3479 0.3535 0.1193 0.0329 0.0419
218 0.2727 0.3699 0.0121 0.1259 0.2141 0.0054
219 0.0224 0.6899 0.2500 0.0108 0.0227 0.0040
220 0.0306 0.3557 0.1860 0.1137 0.0189 0.2949
221 0.0249 0.3308 0.2363 0.0631 0.3308 0.0141
222 0.0535 0.2491 0.5112 0.0136 0.1511 0.0213
223 0.0252 0.0914 0.2092 0.1997 0.1555 0.3191
224 0.0643 0.1426 0.2664 0.2622 0.1448 0.1200
225 0.0905 0.4521 0.2103 0.1855 0.0312 0.0303
226 0.1027 0.5503 0.0885 0.0318 0.0885 0.1381
227 0.0194 0.6943 0.0904 0.1245 0.0535 0.0179
228 0.0037 0.0114 0.0027 0.0063 0.9751 0.0006
229 0.0029 0.0097 0.0019 0.0042 0.9810 0.0002
230 0.0464 0.2064 0.0482 0.0610 0.6357 0.0023
231 0.3101 0.3979 0.0183 0.1534 0.1055 0.0148
232 0.0420 0.1783 0.1478 0.1207 0.5083 0.0030
233 0.0392 0.2460 0.1190 0.0231 0.5718 0.0010
234 0.0399 0.1694 0.1111 0.0336 0.6348 0.0112
235 0.0213 0.0660 0.0376 0.0109 0.8628 0.0016
236 0.0115 0.0426 0.0264 0.0081 0.9102 0.0012
237 0.0113 0.0089 0.0058 0.0042 0.9692 0.0003
238 0.0151 0.0225 0.0144 0.0122 0.9351 0.0005
239 0.0342 0.1028 0.0429 0.2839 0.5347 0.0012
240 0.1093 0.1381 0.0700 0.0402 0.6284 0.0139
241 0.0710 0.3635 0.2422 0.1915 0.0786 0.0532
242 0.1047 0.4407 0.1088 0.2050 0.1282 0.0128
243 0.1271 0.3855 0.1938 0.1608 0.0152 0.1176
244 0.2266 0.1353 0.1332 0.4231 0.0169 0.0649
245 0.0701 0.1439 0.1736 0.3293 0.0184 0.2646
246 0.0273 0.3833 0.1525 0.2893 0.0791 0.0687
247 0.2109 0.1428 0.4573 0.0235 0.1165 0.0490
248 0.3044 0.1019 0.3140 0.1404 0.1094 0.0299
249 0.0970 0.1676 0.1676 0.2556 0.0182 0.2942
250 0.1197 0.1989 0.2253 0.2307 0.0236 0.2020
251 0.0743 0.0925 0.2167 0.2343 0.0138 0.3684
252 0.1350 0.1183 0.4941 0.1580 0.0294 0.0653
253 0.0812 0.1191 0.5337 0.1788 0.0352 0.0516
254 0.1602 0.1136 0.3088 0.3237 0.0366 0.0571
255 0.1082 0.1400 0.6133 0.0978 0.0150 0.0257
256 0.1714 0.2100 0.1072 0.2961 0.0300 0.1853
