time exciting_prob fearful_prob tense_prob sad_prob relaxing_prob neutral_prob
0 0.1136 0.1553 0.1349 0.1288 0.0181 0.4492
1 0.1968 0.1104 0.3794 0.2864 0.0233 0.0039
2 0.1531 0.0331 0.5776 0.2092 0.0173 0.0098
3 0.3948 0.0314 0.3538 0.1836 0.0258 0.0108
4 0.8232 0.0731 0.0578 0.0011 0.0443 0.0002
5 0.0432 0.4534 0.3318 0.1249 0.0406 0.0061
6 0.1552 0.3335 0.2205 0.2517 0.0346 0.0044
7 0.2183 0.3250 0.3176 0.0138 0.1124 0.0130
8 0.0941 0.4087 0.2402 0.1930 0.0637 0.0003
9 0.0446 0.2178 0.5391 0.1619 0.0358 0.0011
10 0.0370 0.0620 0.1880 0.6982 0.0113 0.0035
11 0.1147 0.1749 0.2751 0.4197 0.0110 0.0045
12 0.0677 0.0744 0.0912 0.2153 0.5498 0.0016
13 0.0468 0.1064 0.1454 0.4548 0.2435 0.0029
14 0.1550 0.1116 0.1265 0.2556 0.0480 0.3035
15 0.0797 0.1324 0.1727 0.2554 0.3545 0.0053
16 0.0149 0.0493 0.1103 0.3345 0.4866 0.0045
17 0.2397 0.0720 0.0939 0.3225 0.0882 0.1837
18 0.2397 0.0720 0.0939 0.3225 0.0882 0.1837
19 0.1136 0.1553 0.1349 0.1288 0.0181 0.4492
20 0.2969 0.2312 0.2275 0.1887 0.0414 0.0143
21 0.2157 0.0690 0.1760 0.4639 0.0452 0.0301
22 0.4207 0.2532 0.2133 0.0362 0.0660 0.0106
23 0.0301 0.0948 0.1091 0.5718 0.0798 0.1144
24 0.1022 0.4109 0.2532 0.0021 0.2234 0.0085
25 0.0400 0.4099 0.4575 0.0023 0.0840 0.0063
26 0.1031 0.3774 0.2593 0.1335 0.0444 0.0823
27 0.0631 0.3081 0.4810 0.0531 0.0241 0.0704
28 0.3718 0.1125 0.2808 0.0811 0.1326 0.0211
29 0.3804 0.1000 0.3357 0.0869 0.0939 0.0033
30 0.1054 0.0874 0.7910 0.0048 0.0078 0.0036
31 0.0345 0.1658 0.7427 0.0221 0.0307 0.0043
32 0.2661 0.1425 0.5464 0.0018 0.0363 0.0071
33 0.4331 0.0741 0.3242 0.0311 0.0586 0.0789
34 0.4851 0.1650 0.3181 0.0030 0.0157 0.0130
35 0.1975 0.0811 0.2830 0.1316 0.0761 0.2308
36 0.1656 0.1021 0.3733 0.1070 0.0741 0.1777
37 0.2003 0.2869 0.4307 0.0084 0.0362 0.0374
38 0.2803 0.1941 0.1399 0.0136 0.3655 0.0065
39 0.2986 0.1942 0.1179 0.0182 0.3630 0.0082
40 0.5103 0.1222 0.2932 0.0063 0.0505 0.0173
41 0.5156 0.1283 0.2717 0.0096 0.0420 0.0330
42 0.2866 0.1252 0.2610 0.1080 0.1376 0.0815
43 0.1978 0.5503 0.2367 0.0042 0.0094 0.0017
44 0.4792 0.1428 0.2544 0.0125 0.0741 0.0370
45 0.4761 0.1407 0.2610 0.0153 0.0645 0.0426
46 0.2976 0.4067 0.1936 0.0159 0.0381 0.0482
47 0.3474 0.2834 0.3113 0.0054 0.0352 0.0170
48 0.1516 0.1127 0.3901 0.0438 0.2854 0.0165
49 0.1221 0.0215 0.1967 0.2817 0.0384 0.3396
50 0.2756 0.0759 0.3650 0.1054 0.0498 0.1282
51 0.0567 0.1801 0.3472 0.3582 0.0199 0.0381
52 0.0875 0.1262 0.1476 0.5659 0.0583 0.0145
53 0.7139 0.1147 0.1095 0.0281 0.0113 0.0224
54 0.4805 0.1726 0.2234 0.0543 0.0483 0.0209
55 0.5532 0.1263 0.2201 0.0382 0.0089 0.0531
56 0.1346 0.2637 0.5581 0.0036 0.0188 0.0213
57 0.4167 0.1671 0.3350 0.0309 0.0129 0.0376
58 0.5347 0.1543 0.1876 0.0471 0.0654 0.0111
59 0.1580 0.2815 0.3191 0.0163 0.0126 0.2125
60 0.0654 0.4875 0.3738 0.0075 0.0043 0.0615
61 0.2126 0.1847 0.4465 0.0555 0.0600 0.0406
62 0.3787 0.1309 0.2227 0.1350 0.0943 0.0384
63 0.3281 0.1841 0.1357 0.0598 0.2786 0.0135
64 0.3521 0.0911 0.1798 0.0271 0.2637 0.0862
65 0.0231 0.0852 0.1860 0.1860 0.0058 0.5137
66 0.6611 0.1969 0.0254 0.0967 0.0066 0.0134
67 0.3638 0.2600 0.2854 0.0257 0.0504 0.0147
68 0.5234 0.3225 0.1141 0.0061 0.0198 0.0140
69 0.3760 0.1460 0.3396 0.0142 0.0907 0.0336
70 0.2080 0.0881 0.3003 0.1533 0.0834 0.1671
71 0.2415 0.0376 0.2532 0.2959 0.0342 0.1376
72 0.2205 0.3467 0.3257 0.0111 0.0850 0.0110
73 0.3201 0.1882 0.3462 0.0433 0.0931 0.0091
74 0.2617 0.0699 0.3750 0.1218 0.1434 0.0280
75 0.3027 0.2510 0.3596 0.0379 0.0245 0.0241
76 0.3347 0.2046 0.3000 0.0190 0.1212 0.0207
77 0.4971 0.1829 0.2189 0.0064 0.0825 0.0123
78 0.4751 0.1949 0.2544 0.0038 0.0684 0.0035
79 0.5474 0.1321 0.2566 0.0057 0.0493 0.0091
80 0.0789 0.6152 0.2354 0.0075 0.0581 0.0048
81 0.1428 0.5103 0.2627 0.0065 0.0701 0.0078
82 0.1802 0.1541 0.5298 0.0618 0.0378 0.0366
83 0.6714 0.1510 0.1262 0.0032 0.0453 0.0027
84 0.6284 0.1154 0.1287 0.0150 0.0949 0.0174
85 0.1875 0.0344 0.3845 0.1268 0.2058 0.0609
86 0.2720 0.1812 0.4519 0.0097 0.0755 0.0098
87 0.1508 0.0782 0.3560 0.2299 0.0563 0.1289
88 0.2507 0.1670 0.1953 0.0195 0.3508 0.0165
89 0.0842 0.3079 0.4412 0.0836 0.0388 0.0444
90 0.5410 0.2742 0.1274 0.0215 0.0298 0.0062
91 0.2847 0.2737 0.3381 0.0359 0.0666 0.0011
92 0.1616 0.1846 0.5137 0.0369 0.1011 0.0021
93 0.1356 0.1810 0.5938 0.0282 0.0611 0.0005
94 0.0712 0.2028 0.1832 0.0262 0.5137 0.0027
95 0.1205 0.2571 0.2416 0.0230 0.3486 0.0092
96 0.3770 0.1713 0.3918 0.0131 0.0420 0.0049
97 0.3872 0.3962 0.1614 0.0037 0.0504 0.0011
98 0.1555 0.3167 0.3879 0.0085 0.1165 0.0148
99 0.1454 0.2634 0.4111 0.0265 0.1345 0.0191
100 0.1772 0.3933 0.2581 0.0064 0.1447 0.0204
101 0.1228 0.0678 0.1873 0.1459 0.4421 0.0341
102 0.2446 0.1111 0.4226 0.1818 0.0352 0.0044
103 0.0446 0.0235 0.4573 0.3853 0.0124 0.0770
104 0.2074 0.4189 0.3137 0.0079 0.0442 0.0079
105 0.2832 0.1653 0.1705 0.0172 0.3472 0.0166
106 0.2251 0.1047 0.2847 0.0309 0.3354 0.0192
107 0.2769 0.1415 0.1229 0.0055 0.4495 0.0037
108 0.1470 0.2703 0.4744 0.0215 0.0485 0.0386
109 0.0920 0.4495 0.4224 0.0096 0.0181 0.0083
110 0.3433 0.1355 0.1114 0.0022 0.4043 0.0035
111 0.0445 0.5864 0.3501 0.0055 0.0102 0.0034
112 0.1488 0.4014 0.4272 0.0034 0.0123 0.0070
113 0.0261 0.6372 0.3254 0.0057 0.0024 0.0031
114 0.0269 0.6318 0.3228 0.0071 0.0067 0.0044
115 0.0956 0.4185 0.3086 0.0298 0.0877 0.0598
116 0.2744 0.0912 0.2404 0.0912 0.2766 0.0259
117 0.2189 0.1602 0.5088 0.0576 0.0268 0.0278
118 0.1292 0.3025 0.3735 0.0413 0.0901 0.0634
119 0.0940 0.2720 0.6226 0.0034 0.0062 0.0016
120 0.2815 0.1616 0.3215 0.0839 0.0981 0.0533
121 0.1978 0.3259 0.2810 0.0071 0.1652 0.0231
122 0.3848 0.0393 0.4226 0.0449 0.0489 0.0595
123 0.2991 0.0933 0.1434 0.0278 0.3691 0.0673
124 0.4639 0.1077 0.3447 0.0576 0.0150 0.0109
125 0.1028 0.0966 0.3647 0.0143 0.4197 0.0019
126 0.2725 0.0274 0.2122 0.3965 0.0283 0.0632
127 0.2588 0.1752 0.4580 0.0096 0.0945 0.0040
128 0.1550 0.0222 0.4084 0.1066 0.2764 0.0315
129 0.2448 0.1290 0.1473 0.0030 0.4719 0.0040
130 0.2593 0.0931 0.4143 0.0253 0.1912 0.0170
131 0.1512 0.4658 0.2593 0.0487 0.0602 0.0150
132 0.2861 0.0600 0.3789 0.1174 0.1373 0.0202
133 0.1719 0.1210 0.3137 0.0445 0.3340 0.0149
134 0.2314 0.0764 0.2793 0.1210 0.1278 0.1642
135 0.4700 0.1716 0.2457 0.0492 0.0540 0.0095
136 0.1742 0.4587 0.1255 0.1274 0.0925 0.0216
137 0.1417 0.1593 0.0759 0.5518 0.0464 0.0248
138 0.3242 0.1473 0.3704 0.0521 0.0331 0.0729
139 0.2522 0.3784 0.2278 0.0278 0.0663 0.0474
140 0.3721 0.0699 0.2274 0.1870 0.1217 0.0220
141 0.3323 0.0702 0.3564 0.0600 0.1670 0.0143
142 0.2435 0.2455 0.3831 0.0213 0.1039 0.0026
143 0.1411 0.2255 0.5493 0.0245 0.0566 0.0028
144 0.2717 0.1699 0.3406 0.0556 0.1560 0.0061
145 0.2739 0.2418 0.3081 0.0715 0.0732 0.0315
146 0.0548 0.4084 0.2363 0.2291 0.0473 0.0240
147 0.2338 0.2000 0.4761 0.0370 0.0293 0.0239
148 0.0754 0.0379 0.4729 0.1254 0.2532 0.0353
149 0.2081 0.1880 0.4512 0.0815 0.0309 0.0403
150 0.0817 0.0259 0.5845 0.1526 0.1160 0.0392
151 0.0435 0.0452 0.5957 0.0056 0.3088 0.0013
152 0.0510 0.0401 0.6670 0.0037 0.2378 0.0004
153 0.4392 0.0558 0.2244 0.0658 0.1681 0.0467
154 0.2842 0.0747 0.4910 0.0235 0.1232 0.0033
155 0.1805 0.1877 0.5225 0.0334 0.0729 0.0027
156 0.2174 0.4126 0.2664 0.0028 0.0899 0.0109
157 0.1840 0.1663 0.3357 0.0140 0.2827 0.0172
158 0.1819 0.0951 0.2688 0.0217 0.4229 0.0095
159 0.2551 0.0137 0.2759 0.2847 0.0720 0.0984
160 0.3303 0.0092 0.3054 0.2455 0.0660 0.0437
161 0.1255 0.1478 0.6523 0.0215 0.0327 0.0200
162 0.5527 0.1022 0.2756 0.0106 0.0565 0.0025
163 0.6143 0.0442 0.1210 0.0550 0.1615 0.0041
164 0.1735 0.0493 0.7476 0.0138 0.0028 0.0128
165 0.2260 0.0352 0.1437 0.1995 0.3213 0.0745
166 0.1860 0.0256 0.2124 0.0537 0.5015 0.0207
167 0.3213 0.1426 0.4531 0.0485 0.0281 0.0063
168 0.1185 0.0577 0.7905 0.0193 0.0125 0.0012
169 0.2742 0.0469 0.6475 0.0123 0.0165 0.0026
170 0.4604 0.0988 0.3342 0.0794 0.0246 0.0027
171 0.4355 0.1019 0.3755 0.0272 0.0590 0.0009
172 0.4253 0.1100 0.2744 0.0652 0.1237 0.0013
173 0.3611 0.1248 0.3557 0.0421 0.1136 0.0026
174 0.2365 0.1798 0.4666 0.0148 0.0933 0.0092
175 0.1945 0.1770 0.5806 0.0243 0.0085 0.0152
176 0.3469 0.2294 0.4026 0.0097 0.0047 0.0068
177 0.2834 0.2683 0.3611 0.0301 0.0372 0.0199
178 0.4062 0.3613 0.1137 0.0031 0.0980 0.0177
179 0.2437 0.4622 0.1700 0.0036 0.1178 0.0027
180 0.0814 0.5732 0.1833 0.0079 0.1520 0.0020
181 0.2051 0.0468 0.5938 0.0544 0.0882 0.0119
182 0.0455 0.1664 0.1337 0.2384 0.4055 0.0105
183 0.0809 0.3433 0.2050 0.2715 0.0953 0.0038
184 0.0338 0.0856 0.0305 0.0677 0.7749 0.0075
185 0.2147 0.3486 0.3223 0.0171 0.0708 0.0265
186 0.1721 0.3506 0.1776 0.2109 0.0463 0.0425
187 0.2075 0.1949 0.1748 0.3188 0.0331 0.0706
188 0.0500 0.4531 0.1859 0.2502 0.0599 0.0008
189 0.0617 0.4084 0.1091 0.3779 0.0411 0.0017
190 0.1936 0.4539 0.1982 0.0055 0.1439 0.0049
191 0.1339 0.5093 0.1874 0.0270 0.1414 0.0011
192 0.1958 0.2476 0.4343 0.0480 0.0168 0.0574
193 0.3899 0.1503 0.3284 0.0196 0.0699 0.0421
194 0.3281 0.1885 0.2496 0.0047 0.2186 0.0105
195 0.3340 0.1873 0.3813 0.0185 0.0608 0.0181
196 0.2271 0.0507 0.3801 0.0487 0.1853 0.1081
197 0.1400 0.0947 0.5986 0.0947 0.0349 0.0371
198 0.1741 0.0791 0.1661 0.2494 0.2068 0.1245
199 0.2491 0.3276 0.1794 0.0454 0.1548 0.0436
200 0.0632 0.0455 0.5898 0.1237 0.1638 0.0138
201 0.3208 0.1743 0.4248 0.0222 0.0462 0.0118
202 0.1349 0.4819 0.3337 0.0174 0.0296 0.0025
203 0.2981 0.1262 0.4475 0.0307 0.0815 0.0158
204 0.3665 0.1786 0.2922 0.0473 0.0941 0.0212
205 0.1647 0.2098 0.1881 0.0889 0.1420 0.2065
206 0.3621 0.1185 0.2842 0.1322 0.0860 0.0171
207 0.1760 0.2190 0.1288 0.0089 0.4290 0.0384
208 0.1663 0.2495 0.0918 0.0159 0.4414 0.0351
209 0.0443 0.2035 0.1584 0.0984 0.4919 0.0034
210 0.3047 0.0908 0.4539 0.0457 0.0859 0.0189
211 0.2542 0.1191 0.4126 0.0508 0.1578 0.0056
212 0.3442 0.1887 0.3015 0.0210 0.1359 0.0086
213 0.0665 0.1282 0.1122 0.4043 0.2778 0.0110
214 0.1445 0.0593 0.3928 0.1295 0.2274 0.0462
215 0.0435 0.2026 0.1085 0.4426 0.1995 0.0034
216 0.0795 0.0266 0.0486 0.0028 0.8413 0.0011
217 0.0363 0.2563 0.3093 0.2262 0.0313 0.1405
218 0.0254 0.5908 0.2351 0.1146 0.0164 0.0176
219 0.0458 0.6895 0.2169 0.0115 0.0335 0.0027
220 0.0697 0.6021 0.2891 0.0072 0.0263 0.0055
221 0.2074 0.1051 0.2812 0.0290 0.3726 0.0045
222 0.3086 0.1960 0.2854 0.1445 0.0190 0.0466
223 0.5444 0.1754 0.1466 0.0191 0.1081 0.0062
224 0.4705 0.2539 0.1552 0.0380 0.0455 0.0369
225 0.2289 0.3713 0.1769 0.0253 0.1700 0.0275
226 0.0611 0.0539 0.1648 0.0157 0.6938 0.0105
227 0.1995 0.2058 0.4031 0.0191 0.1616 0.0109
228 0.5293 0.1614 0.1993 0.0060 0.1010 0.0031
229 0.0492 0.0557 0.2186 0.0206 0.6523 0.0034
230 0.3528 0.3137 0.2856 0.0154 0.0270 0.0055
231 0.5874 0.1581 0.1709 0.0129 0.0634 0.0075
232 0.0446 0.1835 0.0916 0.0771 0.6016 0.0015
233 0.1708 0.1156 0.2446 0.2299 0.2299 0.0092
234 0.2382 0.2238 0.4180 0.0175 0.0744 0.0280
235 0.2129 0.1807 0.5024 0.0307 0.0685 0.0047
236 0.2576 0.2496 0.2617 0.0738 0.1316 0.0259
237 0.2664 0.1578 0.3474 0.0695 0.1437 0.0151
238 0.2460 0.1401 0.2744 0.1390 0.1247 0.0756
239 0.4304 0.0698 0.3198 0.0815 0.0714 0.0269
240 0.3494 0.0792 0.2186 0.1991 0.1456 0.0082
241 0.6997 0.0767 0.1305 0.0115 0.0698 0.0116
242 0.2473 0.1243 0.3301 0.0889 0.1686 0.0407
243 0.0364 0.3701 0.1790 0.0124 0.4004 0.0018
244 0.0673 0.1470 0.0325 0.0050 0.7466 0.0016
245 0.2369 0.1693 0.3501 0.0045 0.2333 0.0057
246 0.2377 0.1243 0.5112 0.0312 0.0854 0.0104
247 0.1248 0.0934 0.1447 0.0705 0.5459 0.0205
248 0.1643 0.1021 0.1036 0.0067 0.6201 0.0032
249 0.0620 0.4436 0.3049 0.1053 0.0814 0.0027
250 0.1346 0.0519 0.2896 0.0320 0.4775 0.0143
251 0.1653 0.2903 0.2600 0.1705 0.0995 0.0143
252 0.0564 0.1879 0.2374 0.0212 0.4949 0.0021
253 0.2463 0.1816 0.1903 0.0892 0.2878 0.0046
254 0.1143 0.1400 0.2805 0.0656 0.3896 0.0099
255 0.0897 0.0842 0.3601 0.0535 0.4082 0.0042
256 0.4700 0.1573 0.2764 0.0167 0.0755 0.0042
257 0.0876 0.4214 0.2920 0.0672 0.0948 0.0371
258 0.1064 0.4841 0.2532 0.0031 0.1500 0.0031
259 0.1357 0.4417 0.2054 0.0200 0.1915 0.0055
260 0.3337 0.2367 0.1154 0.1614 0.1237 0.0292
261 0.0939 0.3435 0.4551 0.0161 0.0829 0.0088
262 0.5977 0.0999 0.2305 0.0039 0.0616 0.0065
263 0.1257 0.0558 0.5210 0.0608 0.1947 0.0418
264 0.2096 0.0649 0.3884 0.1046 0.1984 0.0342
265 0.1964 0.1775 0.4675 0.0679 0.0663 0.0244
266 0.1864 0.2015 0.4299 0.0506 0.1006 0.0309
267 0.4148 0.1025 0.3157 0.0285 0.1285 0.0101
268 0.3984 0.2067 0.2937 0.0034 0.0961 0.0018
269 0.5566 0.1312 0.2471 0.0026 0.0596 0.0027
270 0.1197 0.3745 0.4380 0.0155 0.0359 0.0164
271 0.0801 0.4297 0.4502 0.0068 0.0264 0.0069
272 0.0366 0.0088 0.0380 0.0020 0.9141 0.0004
273 0.5586 0.0315 0.1962 0.1481 0.0424 0.0231
274 0.2277 0.2443 0.2747 0.0260 0.2073 0.0201
275 0.4307 0.1313 0.2847 0.0216 0.1205 0.0113
276 0.4058 0.1978 0.1528 0.0470 0.1504 0.0462
277 0.1970 0.0703 0.1312 0.3350 0.0433 0.2233
278 0.3477 0.2749 0.1052 0.1566 0.0729 0.0428
279 0.3901 0.2854 0.0956 0.1277 0.0688 0.0323
280 0.5659 0.3030 0.0518 0.0100 0.0671 0.0024
281 0.5693 0.3000 0.0517 0.0097 0.0670 0.0023
282 0.5796 0.2915 0.0491 0.0107 0.0666 0.0023
283 0.5796 0.2915 0.0491 0.0107 0.0666 0.0023
284 0.5796 0.2915 0.0491 0.0107 0.0666 0.0023
285 0.5796 0.2915 0.0491 0.0107 0.0666 0.0023
286 0.5796 0.2915 0.0491 0.0107 0.0666 0.0023
287 0.5796 0.2915 0.0491 0.0107 0.0666 0.0023
