time exciting_prob fearful_prob tense_prob sad_prob relaxing_prob neutral_prob
0 0.1140 0.1292 0.2490 0.3403 0.0759 0.0916
1 0.6211 0.1924 0.1632 0.0154 0.0067 0.0014
2 0.1344 0.5317 0.2512 0.0332 0.0379 0.0115
3 0.0416 0.3914 0.5352 0.0237 0.0072 0.0011
4 0.3491 0.0797 0.5493 0.0072 0.0079 0.0069
5 0.3303 0.4731 0.1512 0.0368 0.0046 0.0037
6 0.1591 0.4937 0.2406 0.0657 0.0303 0.0107
7 0.0281 0.3445 0.1528 0.3137 0.1602 0.0007
8 0.6343 0.0537 0.2881 0.0132 0.0061 0.0050
9 0.1674 0.2473 0.5488 0.0052 0.0210 0.0103
10 0.0661 0.1525 0.7451 0.0119 0.0153 0.0092
11 0.2003 0.1187 0.5981 0.0392 0.0300 0.0135
12 0.3909 0.0449 0.3450 0.0764 0.0936 0.0493
13 0.0721 0.0890 0.7930 0.0174 0.0174 0.0110
14 0.2981 0.0917 0.5151 0.0382 0.0510 0.0057
15 0.4036 0.1331 0.3618 0.0446 0.0295 0.0275
16 0.2152 0.1716 0.5942 0.0096 0.0077 0.0015
17 0.1844 0.1654 0.6001 0.0173 0.0252 0.0075
18 0.1395 0.1416 0.6396 0.0138 0.0525 0.0127
19 0.1492 0.3335 0.4968 0.0063 0.0083 0.0060
20 0.0676 0.1794 0.7095 0.0189 0.0109 0.0135
21 0.1128 0.0613 0.6289 0.1299 0.0331 0.0339
22 0.1263 0.3601 0.4658 0.0322 0.0072 0.0084
23 0.0815 0.0526 0.7158 0.0822 0.0569 0.0110
24 0.1124 0.0889 0.6270 0.0984 0.0666 0.0068
25 0.2085 0.2236 0.4114 0.0715 0.0726 0.0123
26 0.1033 0.0199 0.3870 0.0139 0.4666 0.0094
27 0.1655 0.0852 0.6968 0.0422 0.0077 0.0028
28 0.1466 0.0977 0.5488 0.1466 0.0382 0.0221
29 0.0564 0.0446 0.8096 0.0497 0.0017 0.0381
30 0.0968 0.4370 0.4580 0.0024 0.0047 0.0009
31 0.0340 0.0635 0.8691 0.0243 0.0057 0.0035
32 0.3274 0.1214 0.4839 0.0116 0.0464 0.0095
33 0.3289 0.3315 0.3162 0.0043 0.0164 0.0027
34 0.1862 0.0609 0.6104 0.0794 0.0355 0.0279
35 0.1594 0.1271 0.4136 0.0171 0.2712 0.0118
36 0.2532 0.0271 0.4998 0.1661 0.0186 0.0351
37 0.2688 0.2318 0.3975 0.0384 0.0538 0.0098
38 0.0837 0.1456 0.7285 0.0308 0.0057 0.0059
39 0.1594 0.2146 0.4651 0.1251 0.0235 0.0123
40 0.3362 0.0667 0.4248 0.1009 0.0043 0.0672
41 0.0532 0.1317 0.4055 0.2422 0.0060 0.1614
42 0.2015 0.1030 0.6406 0.0190 0.0254 0.0104
43 0.2732 0.2908 0.3347 0.0133 0.0758 0.0125
44 0.2742 0.0955 0.5581 0.0349 0.0200 0.0177
45 0.1311 0.0416 0.7539 0.0266 0.0108 0.0358
46 0.3440 0.1960 0.3284 0.0274 0.0948 0.0093
47 0.0526 0.1104 0.7969 0.0054 0.0113 0.0235
48 0.2603 0.1720 0.5015 0.0194 0.0260 0.0209
49 0.0746 0.0344 0.8408 0.0412 0.0031 0.0058
50 0.4282 0.1171 0.3062 0.0786 0.0366 0.0335
51 0.3850 0.1656 0.3506 0.0192 0.0707 0.0088
52 0.0612 0.1444 0.7568 0.0203 0.0168 0.0007
53 0.6963 0.0485 0.2173 0.0126 0.0118 0.0137
54 0.0931 0.1429 0.4951 0.2377 0.0128 0.0183
55 0.0863 0.3013 0.5850 0.0049 0.0162 0.0063
56 0.0565 0.0731 0.8633 0.0035 0.0029 0.0006
57 0.0399 0.0456 0.9082 0.0039 0.0013 0.0012
58 0.1058 0.2559 0.5586 0.0508 0.0082 0.0210
59 0.1294 0.1741 0.6318 0.0241 0.0267 0.0141
60 0.0678 0.0346 0.8936 0.0016 0.0022 0.0003
61 0.1323 0.0102 0.7979 0.0307 0.0234 0.0054
62 0.1072 0.1443 0.6885 0.0106 0.0479 0.0016
63 0.2627 0.0674 0.6401 0.0171 0.0107 0.0019
64 0.1842 0.0462 0.6230 0.0511 0.0744 0.0208
65 0.0880 0.1532 0.7422 0.0061 0.0096 0.0012
66 0.3267 0.0922 0.5264 0.0226 0.0238 0.0085
67 0.1395 0.3706 0.3884 0.0486 0.0486 0.0042
68 0.1059 0.2856 0.5635 0.0162 0.0181 0.0107
69 0.1493 0.2173 0.5547 0.0205 0.0508 0.0071
70 0.0742 0.2529 0.6309 0.0076 0.0324 0.0019
71 0.0213 0.1901 0.6953 0.0811 0.0026 0.0095
72 0.3169 0.1078 0.5103 0.0239 0.0329 0.0082
73 0.3774 0.1016 0.4734 0.0135 0.0307 0.0033
74 0.1459 0.0393 0.7705 0.0106 0.0323 0.0014
75 0.0685 0.0295 0.8286 0.0104 0.0624 0.0006
76 0.1389 0.0552 0.7627 0.0191 0.0211 0.0029
77 0.0148 0.3098 0.6460 0.0209 0.0024 0.0061
78 0.1550 0.0523 0.7690 0.0111 0.0103 0.0025
79 0.2439 0.0492 0.5454 0.0657 0.0657 0.0303
80 0.1467 0.0738 0.7632 0.0081 0.0067 0.0016
81 0.1917 0.0571 0.7119 0.0311 0.0040 0.0040
82 0.4480 0.1853 0.2361 0.0511 0.0153 0.0640
83 0.1824 0.0556 0.7100 0.0388 0.0076 0.0054
84 0.1656 0.1362 0.6011 0.0270 0.0538 0.0164
85 0.2119 0.1189 0.6479 0.0052 0.0149 0.0014
86 0.2129 0.1251 0.5269 0.0502 0.0675 0.0173
87 0.1318 0.0576 0.7954 0.0095 0.0049 0.0009
88 0.1008 0.0074 0.0593 0.0693 0.0414 0.7217
89 0.0469 0.0804 0.8052 0.0557 0.0073 0.0045
90 0.0870 0.0804 0.2988 0.4629 0.0368 0.0341
91 0.1132 0.2651 0.4729 0.0426 0.0130 0.0931
92 0.1367 0.1411 0.4626 0.0933 0.0089 0.1573
93 0.0979 0.5049 0.3752 0.0123 0.0091 0.0004
94 0.1367 0.0488 0.6274 0.1049 0.0532 0.0289
95 0.0815 0.1187 0.5317 0.0376 0.0122 0.2183
96 0.0909 0.2695 0.3860 0.2164 0.0317 0.0055
97 0.2122 0.0613 0.6436 0.0205 0.0399 0.0227
98 0.1780 0.1149 0.6411 0.0114 0.0362 0.0183
99 0.4495 0.1816 0.3447 0.0126 0.0069 0.0049
100 0.1164 0.2388 0.5684 0.0264 0.0252 0.0250
101 0.3115 0.0550 0.5469 0.0381 0.0331 0.0157
102 0.0781 0.1493 0.5815 0.0477 0.1298 0.0137
103 0.3013 0.2365 0.3748 0.0323 0.0282 0.0271
104 0.2305 0.2737 0.4656 0.0209 0.0063 0.0031
105 0.2117 0.4624 0.3057 0.0069 0.0112 0.0021
106 0.2603 0.0728 0.4639 0.1426 0.0482 0.0122
107 0.2124 0.0958 0.5776 0.0872 0.0122 0.0150
108 0.1554 0.1506 0.4639 0.2026 0.0145 0.0131
109 0.1602 0.0366 0.7070 0.0580 0.0051 0.0333
110 0.4856 0.0627 0.2810 0.0647 0.0739 0.0320
111 0.1736 0.0929 0.3191 0.2688 0.0387 0.1069
112 0.0804 0.2637 0.4084 0.1991 0.0383 0.0101
113 0.2537 0.0323 0.6899 0.0171 0.0037 0.0034
114 0.3508 0.1619 0.3120 0.1113 0.0482 0.0157
115 0.1863 0.2373 0.4795 0.0497 0.0187 0.0286
116 0.1479 0.4595 0.3157 0.0571 0.0177 0.0020
117 0.4585 0.0454 0.3201 0.1443 0.0280 0.0039
118 0.0712 0.2094 0.6919 0.0167 0.0108 0.0002
119 0.1191 0.0818 0.3611 0.3611 0.0161 0.0608
120 0.1758 0.0398 0.6899 0.0421 0.0182 0.0343
121 0.1228 0.2993 0.5332 0.0194 0.0173 0.0079
122 0.2964 0.1898 0.3057 0.0651 0.0420 0.1008
123 0.3284 0.1296 0.4778 0.0182 0.0259 0.0202
124 0.2047 0.2412 0.5186 0.0083 0.0201 0.0071
125 0.1305 0.4448 0.4177 0.0033 0.0030 0.0006
126 0.0406 0.0387 0.8408 0.0486 0.0049 0.0264
127 0.2205 0.0608 0.6187 0.0739 0.0180 0.0085
128 0.3875 0.3528 0.2208 0.0138 0.0186 0.0064
129 0.3696 0.1190 0.3555 0.0272 0.0812 0.0477
130 0.5117 0.0676 0.2676 0.0174 0.0862 0.0499
131 0.1398 0.0660 0.7207 0.0300 0.0376 0.0058
132 0.2505 0.1951 0.4607 0.0166 0.0634 0.0137
133 0.1167 0.0991 0.7319 0.0206 0.0150 0.0168
134 0.1272 0.1354 0.7148 0.0091 0.0061 0.0075
135 0.2031 0.3826 0.2910 0.0742 0.0439 0.0052
136 0.1445 0.1445 0.5166 0.0817 0.0768 0.0357
137 0.2394 0.3003 0.3484 0.0771 0.0168 0.0182
138 0.3113 0.1278 0.4861 0.0260 0.0248 0.0242
139 0.1638 0.2137 0.4316 0.1564 0.0174 0.0169
140 0.3572 0.2133 0.2455 0.1098 0.0388 0.0354
141 0.2485 0.0958 0.3674 0.1997 0.0453 0.0432
142 0.1930 0.0804 0.5005 0.1504 0.0368 0.0386
143 0.1921 0.2391 0.4756 0.0182 0.0690 0.0061
144 0.1422 0.0876 0.6895 0.0404 0.0308 0.0095
145 0.0594 0.2058 0.7070 0.0090 0.0122 0.0063
146 0.1652 0.1665 0.6235 0.0308 0.0070 0.0072
147 0.1477 0.1431 0.6934 0.0057 0.0062 0.0038
148 0.4297 0.1005 0.2732 0.0361 0.1484 0.0121
149 0.1735 0.0525 0.7251 0.0170 0.0226 0.0095
150 0.1150 0.1852 0.6362 0.0514 0.0105 0.0014
151 0.0411 0.0667 0.8784 0.0035 0.0086 0.0016
152 0.0861 0.0809 0.8110 0.0079 0.0076 0.0064
153 0.0545 0.0549 0.8799 0.0044 0.0038 0.0026
154 0.1836 0.0400 0.7207 0.0228 0.0243 0.0089
155 0.2377 0.1022 0.5747 0.0189 0.0433 0.0235
156 0.2634 0.0737 0.5449 0.0570 0.0365 0.0247
157 0.0309 0.0225 0.8359 0.0790 0.0136 0.0179
158 0.0811 0.0570 0.8125 0.0287 0.0196 0.0012
159 0.1931 0.0396 0.6636 0.0647 0.0257 0.0134
160 0.1393 0.1229 0.6963 0.0166 0.0222 0.0029
161 0.2188 0.0824 0.6685 0.0117 0.0160 0.0027
162 0.1848 0.0680 0.6812 0.0490 0.0131 0.0037
163 0.1431 0.1149 0.4839 0.2510 0.0036 0.0035
164 0.2761 0.2494 0.4275 0.0141 0.0265 0.0066
165 0.1646 0.0275 0.6660 0.1166 0.0209 0.0044
166 0.3850 0.1438 0.4431 0.0044 0.0229 0.0008
167 0.5117 0.1572 0.3228 0.0043 0.0039 0.0002
168 0.2385 0.1360 0.4387 0.0717 0.0622 0.0528
169 0.0703 0.0975 0.5356 0.0300 0.0178 0.2490
170 0.1815 0.2057 0.4355 0.0150 0.0116 0.1505
171 0.3252 0.4275 0.1597 0.0447 0.0312 0.0118
172 0.2355 0.2668 0.1321 0.2178 0.0866 0.0614
173 0.2979 0.1570 0.2284 0.0388 0.2015 0.0765
174 0.1572 0.0784 0.6992 0.0107 0.0410 0.0133
175 0.1984 0.1005 0.5308 0.0217 0.1037 0.0450
176 0.1604 0.1173 0.5176 0.1268 0.0638 0.0141
177 0.2035 0.2891 0.3984 0.0682 0.0330 0.0079
178 0.0797 0.1039 0.7559 0.0417 0.0092 0.0096
179 0.0745 0.1732 0.2026 0.3904 0.0155 0.1437
180 0.1782 0.1598 0.1755 0.4146 0.0265 0.0454
181 0.1014 0.1431 0.4270 0.2756 0.0128 0.0400
182 0.1504 0.0637 0.5947 0.1287 0.0481 0.0144
183 0.1080 0.2800 0.5835 0.0123 0.0125 0.0036
184 0.1528 0.5088 0.3064 0.0136 0.0159 0.0025
185 0.1696 0.2144 0.5645 0.0214 0.0204 0.0096
186 0.1569 0.0468 0.1384 0.5649 0.0139 0.0789
187 0.1245 0.2052 0.5894 0.0181 0.0574 0.0056
188 0.0876 0.0531 0.8379 0.0119 0.0090 0.0005
189 0.2947 0.0898 0.4526 0.0558 0.0355 0.0717
190 0.2423 0.1200 0.4187 0.1093 0.0627 0.0470
191 0.2196 0.2356 0.5068 0.0186 0.0146 0.0049
192 0.0823 0.4377 0.4482 0.0125 0.0172 0.0019
193 0.1033 0.3108 0.5498 0.0050 0.0234 0.0077
194 0.2123 0.2947 0.3186 0.1101 0.0268 0.0375
195 0.2864 0.3298 0.3403 0.0233 0.0094 0.0108
196 0.1370 0.3752 0.4387 0.0124 0.0287 0.0077
197 0.2329 0.2898 0.4185 0.0197 0.0296 0.0094
198 0.1512 0.3030 0.5117 0.0137 0.0198 0.0007
199 0.2216 0.1866 0.4692 0.0815 0.0271 0.0141
200 0.0976 0.1177 0.7100 0.0269 0.0124 0.0353
201 0.2598 0.1730 0.5205 0.0144 0.0200 0.0124
202 0.1506 0.1460 0.5425 0.0921 0.0432 0.0256
203 0.1919 0.1240 0.2465 0.3423 0.0653 0.0301
204 0.1738 0.3826 0.3916 0.0087 0.0364 0.0067
205 0.1537 0.0947 0.4961 0.1636 0.0338 0.0583
206 0.2827 0.4111 0.2253 0.0398 0.0298 0.0113
207 0.5850 0.1389 0.2021 0.0291 0.0338 0.0111
208 0.4473 0.2712 0.2451 0.0059 0.0284 0.0020
209 0.1222 0.0600 0.7310 0.0342 0.0321 0.0203
210 0.3281 0.1357 0.4280 0.0883 0.0075 0.0121
211 0.4648 0.1203 0.3193 0.0293 0.0530 0.0133
212 0.2583 0.0628 0.5869 0.0375 0.0292 0.0254
213 0.3938 0.2352 0.3215 0.0306 0.0152 0.0037
214 0.2605 0.1617 0.5259 0.0237 0.0214 0.0067
215 0.2405 0.0781 0.2854 0.3337 0.0328 0.0294
216 0.3411 0.1489 0.4412 0.0265 0.0348 0.0075
217 0.3423 0.1655 0.4644 0.0132 0.0117 0.0028
218 0.5635 0.0571 0.2944 0.0308 0.0333 0.0210
219 0.4783 0.1307 0.3582 0.0099 0.0197 0.0032
220 0.3169 0.0435 0.6157 0.0079 0.0086 0.0075
221 0.2137 0.0632 0.6953 0.0120 0.0098 0.0062
222 0.3086 0.0306 0.6436 0.0087 0.0066 0.0021
223 0.1608 0.0610 0.3352 0.3403 0.0277 0.0748
