time exciting_prob fearful_prob tense_prob sad_prob relaxing_prob neutral_prob
0 0.1136 0.1553 0.1349 0.1288 0.0181 0.4492
1 0.0685 0.1996 0.5601 0.0529 0.1085 0.0106
2 0.0853 0.1982 0.3882 0.1952 0.1260 0.0073
3 0.1324 0.1597 0.2324 0.1754 0.2847 0.0154
4 0.0863 0.4148 0.1326 0.0786 0.2764 0.0113
5 0.1279 0.2544 0.2974 0.0922 0.2228 0.0053
6 0.0273 0.2283 0.1619 0.0370 0.5391 0.0064
7 0.1425 0.0576 0.2747 0.3694 0.1403 0.0157
8 0.1294 0.1178 0.1489 0.2100 0.3862 0.0077
9 0.1029 0.2178 0.3591 0.2355 0.0534 0.0314
10 0.0769 0.2191 0.3088 0.2522 0.0238 0.1191
11 0.1367 0.1367 0.2218 0.1432 0.0286 0.3330
12 0.1898 0.2476 0.1411 0.2805 0.1245 0.0165
13 0.1279 0.2839 0.0936 0.3533 0.1321 0.0092
14 0.0461 0.0601 0.0630 0.0475 0.7798 0.0036
15 0.0323 0.3015 0.1219 0.0274 0.4973 0.0196
16 0.0654 0.2468 0.1005 0.0309 0.5308 0.0254
17 0.0274 0.0529 0.0387 0.5957 0.2483 0.0369
18 0.0698 0.1047 0.1866 0.3953 0.0220 0.2217
19 0.0289 0.4739 0.3157 0.1091 0.0612 0.0113
20 0.0565 0.1769 0.2961 0.0889 0.3572 0.0243
21 0.0357 0.1613 0.0934 0.0227 0.6582 0.0287
22 0.0625 0.2568 0.1583 0.0348 0.4653 0.0223
23 0.1592 0.0384 0.0764 0.1427 0.5059 0.0776
24 0.0417 0.5332 0.3496 0.0108 0.0524 0.0125
25 0.0670 0.4541 0.3884 0.0138 0.0610 0.0157
26 0.0900 0.5776 0.1052 0.1554 0.0489 0.0231
27 0.0676 0.5239 0.1549 0.1700 0.0444 0.0392
28 0.2438 0.1729 0.0779 0.4414 0.0440 0.0200
29 0.1560 0.1536 0.0803 0.5708 0.0239 0.0156
30 0.1407 0.3511 0.1440 0.2000 0.1261 0.0382
31 0.1356 0.3955 0.1884 0.1433 0.1160 0.0211
32 0.0302 0.6250 0.0446 0.1240 0.0669 0.1094
33 0.0852 0.0813 0.1279 0.5913 0.0788 0.0355
34 0.0902 0.1686 0.1583 0.0640 0.4441 0.0748
35 0.1261 0.1321 0.0916 0.2468 0.2886 0.1148
36 0.0676 0.5752 0.0760 0.0889 0.1234 0.0687
37 0.1205 0.1809 0.2435 0.1957 0.2083 0.0511
38 0.2029 0.2563 0.0467 0.1193 0.3616 0.0133
39 0.1520 0.2467 0.1112 0.2585 0.1952 0.0364
40 0.0518 0.3540 0.1213 0.0840 0.2866 0.1022
41 0.0952 0.3320 0.4399 0.0997 0.0209 0.0121
42 0.1162 0.4893 0.2240 0.0864 0.0733 0.0111
43 0.1048 0.2849 0.2437 0.2253 0.0646 0.0767
44 0.1816 0.0652 0.0533 0.5864 0.0818 0.0318
45 0.2815 0.3318 0.1012 0.2059 0.0449 0.0347
46 0.1029 0.7432 0.0982 0.0464 0.0050 0.0046
47 0.1907 0.1021 0.4036 0.2159 0.0685 0.0193
48 0.0699 0.1172 0.3782 0.3782 0.0227 0.0336
49 0.1470 0.0728 0.1381 0.5815 0.0452 0.0156
50 0.0855 0.1023 0.1168 0.3176 0.2473 0.1304
51 0.0998 0.3350 0.2112 0.1213 0.0591 0.1737
52 0.0764 0.0826 0.1497 0.6602 0.0180 0.0132
53 0.0922 0.4683 0.2468 0.1520 0.0140 0.0266
54 0.1212 0.0758 0.1631 0.5347 0.0820 0.0233
55 0.2119 0.1170 0.1841 0.4084 0.0570 0.0215
56 0.1035 0.2407 0.4824 0.1278 0.0180 0.0276
57 0.0453 0.3850 0.1592 0.3506 0.0372 0.0228
58 0.0874 0.1765 0.0975 0.2451 0.0930 0.3003
59 0.4209 0.0539 0.1674 0.2554 0.0666 0.0359
60 0.1914 0.2185 0.1884 0.3547 0.0371 0.0098
61 0.2047 0.2932 0.1487 0.1938 0.1533 0.0060
62 0.0575 0.2202 0.2037 0.3806 0.1091 0.0289
63 0.0847 0.3323 0.0506 0.1364 0.3594 0.0367
64 0.2123 0.4028 0.1517 0.1010 0.1110 0.0213
65 0.0967 0.2866 0.1793 0.3352 0.0173 0.0847
66 0.2532 0.3225 0.0848 0.2781 0.0330 0.0286
67 0.0952 0.1166 0.4331 0.0908 0.2355 0.0288
68 0.0597 0.2739 0.0992 0.5361 0.0111 0.0197
69 0.1659 0.1214 0.2377 0.3052 0.1398 0.0300
70 0.1948 0.1859 0.1589 0.3528 0.0769 0.0308
71 0.0207 0.0689 0.0405 0.8267 0.0231 0.0201
72 0.0709 0.1015 0.5073 0.1957 0.1187 0.0059
73 0.1114 0.0543 0.2216 0.4839 0.0719 0.0569
74 0.1804 0.0801 0.3589 0.3069 0.0525 0.0214
75 0.1031 0.2761 0.2253 0.3330 0.0300 0.0325
76 0.1444 0.2272 0.2102 0.3521 0.0208 0.0454
77 0.0954 0.1245 0.2399 0.4551 0.0245 0.0606
78 0.1311 0.0453 0.1792 0.5269 0.0771 0.0406
79 0.0511 0.5947 0.2328 0.0247 0.0310 0.0657
80 0.2460 0.3579 0.2788 0.0184 0.0524 0.0466
81 0.1823 0.1940 0.1970 0.3052 0.0991 0.0225
82 0.1192 0.1394 0.3789 0.3044 0.0474 0.0108
83 0.1663 0.0744 0.1009 0.2786 0.3467 0.0333
84 0.2306 0.0917 0.1234 0.4729 0.0506 0.0307
85 0.0814 0.6357 0.2015 0.0201 0.0186 0.0426
86 0.2251 0.1283 0.0909 0.2378 0.1583 0.1597
87 0.2145 0.0654 0.3538 0.2047 0.0952 0.0665
88 0.1365 0.1343 0.0953 0.5396 0.0518 0.0426
89 0.1245 0.1782 0.1840 0.4146 0.0656 0.0332
90 0.1753 0.1713 0.2844 0.1114 0.0494 0.2081
91 0.1399 0.3801 0.3008 0.1089 0.0621 0.0081
92 0.1445 0.1091 0.1198 0.1587 0.4521 0.0157
93 0.0596 0.1283 0.4338 0.1925 0.0077 0.1781
94 0.2776 0.0840 0.0814 0.3977 0.0901 0.0691
95 0.2246 0.0664 0.1643 0.3533 0.0442 0.1472
96 0.1769 0.1611 0.2380 0.3357 0.0271 0.0611
97 0.1268 0.1934 0.1249 0.4568 0.0237 0.0746
98 0.1144 0.3416 0.1447 0.3362 0.0402 0.0231
99 0.0975 0.1647 0.0991 0.1186 0.5151 0.0051
100 0.1016 0.2255 0.1456 0.0940 0.3059 0.1274
101 0.0982 0.0681 0.3945 0.3481 0.0214 0.0696
102 0.0777 0.0615 0.0854 0.2249 0.3887 0.1620
103 0.0368 0.6685 0.2383 0.0090 0.0401 0.0074
104 0.0294 0.0818 0.0898 0.0571 0.6533 0.0884
105 0.1434 0.1049 0.5005 0.1757 0.0199 0.0557
106 0.1097 0.0953 0.1726 0.5317 0.0166 0.0742
107 0.1255 0.1335 0.0798 0.1688 0.4849 0.0074
108 0.2251 0.0472 0.0461 0.3770 0.2869 0.0176
109 0.1082 0.0869 0.1913 0.3926 0.1715 0.0495
110 0.1310 0.2861 0.2299 0.2194 0.1230 0.0108
111 0.1281 0.1473 0.1952 0.3821 0.1362 0.0110
112 0.0345 0.0574 0.0660 0.2200 0.6074 0.0145
113 0.0949 0.3997 0.2620 0.0336 0.0197 0.1902
114 0.1011 0.0594 0.2075 0.5381 0.0301 0.0638
115 0.1353 0.1113 0.0937 0.4988 0.1213 0.0397
116 0.1013 0.1104 0.0887 0.4685 0.0702 0.1606
117 0.1113 0.1805 0.2373 0.1998 0.0373 0.2336
118 0.1731 0.1247 0.1414 0.3040 0.1552 0.1018
119 0.1216 0.1255 0.1444 0.4736 0.0444 0.0904
120 0.1204 0.0867 0.2549 0.4404 0.0719 0.0258
121 0.1077 0.1471 0.3264 0.3938 0.0129 0.0121
122 0.0842 0.3333 0.0970 0.2742 0.1074 0.1041
123 0.1749 0.3821 0.2646 0.0546 0.0922 0.0316
124 0.0686 0.4509 0.2032 0.1476 0.0719 0.0578
125 0.0269 0.7334 0.2134 0.0186 0.0036 0.0041
126 0.0595 0.7773 0.0776 0.0341 0.0485 0.0030
127 0.1641 0.5298 0.1011 0.1278 0.0524 0.0250
128 0.0677 0.1089 0.1142 0.6372 0.0257 0.0465
129 0.1040 0.1990 0.1284 0.4482 0.0561 0.0641
130 0.1057 0.0383 0.1357 0.1526 0.0349 0.5327
131 0.0750 0.6382 0.1786 0.0612 0.0396 0.0075
132 0.1433 0.1561 0.3438 0.1444 0.1770 0.0354
133 0.1088 0.1908 0.2163 0.3796 0.0639 0.0406
134 0.0999 0.1243 0.1243 0.5659 0.0394 0.0464
135 0.0716 0.2703 0.2832 0.2661 0.0455 0.0632
136 0.0463 0.3066 0.1995 0.2157 0.0262 0.2058
137 0.2109 0.0311 0.2109 0.2354 0.2708 0.0409
138 0.1832 0.0900 0.1519 0.1642 0.3164 0.0943
139 0.2159 0.0865 0.2372 0.1891 0.1763 0.0951
140 0.1132 0.1572 0.1957 0.1987 0.1454 0.1897
141 0.0782 0.8027 0.0517 0.0324 0.0295 0.0055
142 0.1282 0.2932 0.2469 0.1545 0.1079 0.0692
143 0.0578 0.3030 0.2593 0.2759 0.0365 0.0676
144 0.1074 0.3081 0.2255 0.2290 0.0544 0.0755
145 0.2084 0.5039 0.2167 0.0300 0.0404 0.0010
146 0.1219 0.5908 0.1043 0.1299 0.0421 0.0107
147 0.1011 0.0921 0.2502 0.5137 0.0106 0.0323
148 0.1462 0.1078 0.1053 0.3455 0.2649 0.0304
149 0.2756 0.2632 0.2844 0.0902 0.0502 0.0362
150 0.0495 0.2676 0.3330 0.2893 0.0424 0.0179
151 0.1495 0.1862 0.1981 0.2544 0.1790 0.0328
152 0.0780 0.2681 0.2991 0.3037 0.0280 0.0231
153 0.1575 0.1100 0.3232 0.2517 0.1327 0.0249
154 0.1126 0.0683 0.5205 0.2205 0.0750 0.0029
155 0.0729 0.5820 0.1427 0.1044 0.0685 0.0294
156 0.1300 0.2467 0.2627 0.2178 0.1290 0.0138
157 0.1371 0.6289 0.1603 0.0452 0.0201 0.0082
158 0.1572 0.5933 0.1572 0.0503 0.0370 0.0049
159 0.1273 0.2869 0.2781 0.2198 0.0382 0.0498
160 0.0818 0.1627 0.4424 0.1993 0.0942 0.0196
161 0.1306 0.1066 0.4739 0.2070 0.0374 0.0444
162 0.1168 0.2800 0.4766 0.0314 0.0945 0.0006
163 0.1677 0.1009 0.4487 0.2087 0.0580 0.0160
164 0.0688 0.6841 0.0562 0.1870 0.0024 0.0018
165 0.2306 0.1584 0.3127 0.2435 0.0468 0.0078
166 0.1002 0.2222 0.2329 0.1058 0.3184 0.0207
167 0.1644 0.1281 0.4009 0.1724 0.0952 0.0391
168 0.0864 0.3367 0.4822 0.0459 0.0418 0.0072
169 0.0510 0.4009 0.4333 0.0765 0.0348 0.0035
170 0.1210 0.2483 0.0942 0.4292 0.0576 0.0497
171 0.1077 0.0965 0.0341 0.7476 0.0027 0.0115
172 0.1011 0.7407 0.1238 0.0176 0.0133 0.0034
173 0.1637 0.1715 0.1161 0.4116 0.0883 0.0488
174 0.0980 0.2141 0.4360 0.1996 0.0442 0.0082
175 0.1017 0.1117 0.1625 0.3550 0.0401 0.2291
176 0.0981 0.1351 0.4753 0.2045 0.0614 0.0256
177 0.1453 0.1365 0.5400 0.1293 0.0298 0.0194
178 0.2019 0.0391 0.3435 0.3892 0.0105 0.0161
179 0.0423 0.5664 0.3176 0.0159 0.0124 0.0454
180 0.1963 0.2482 0.3186 0.1154 0.0906 0.0308
181 0.0606 0.1243 0.1499 0.5317 0.0676 0.0660
182 0.0744 0.1285 0.4702 0.2188 0.0064 0.1017
183 0.0568 0.0091 0.0152 0.8218 0.0206 0.0765
184 0.2074 0.0474 0.0190 0.6489 0.0463 0.0313
185 0.0780 0.6040 0.2440 0.0138 0.0536 0.0067
186 0.2783 0.0932 0.4111 0.1714 0.0128 0.0332
187 0.2549 0.1895 0.3123 0.1895 0.0356 0.0183
188 0.1846 0.1788 0.2522 0.3240 0.0425 0.0180
189 0.1405 0.2109 0.2245 0.1847 0.1605 0.0788
190 0.0349 0.0236 0.0372 0.7524 0.0402 0.1118
191 0.1154 0.1732 0.3186 0.3042 0.0627 0.0258
192 0.1376 0.0468 0.2097 0.4106 0.1158 0.0796
193 0.2373 0.2795 0.2078 0.1484 0.0801 0.0467
194 0.2120 0.0519 0.1730 0.5415 0.0130 0.0086
195 0.1569 0.0959 0.1863 0.5146 0.0233 0.0231
196 0.1146 0.1641 0.0812 0.2881 0.1788 0.1733
197 0.2407 0.4902 0.1427 0.0794 0.0367 0.0103
198 0.0690 0.0363 0.0988 0.7080 0.0061 0.0819
199 0.0345 0.2031 0.0821 0.6064 0.0443 0.0295
200 0.1104 0.2754 0.2932 0.2932 0.0176 0.0100
201 0.1038 0.1122 0.2196 0.4648 0.0691 0.0304
202 0.0939 0.1636 0.2235 0.4309 0.0382 0.0499
203 0.1873 0.1191 0.1993 0.3843 0.0657 0.0442
204 0.1035 0.2725 0.0700 0.2561 0.2241 0.0739
205 0.0660 0.2822 0.4727 0.1376 0.0186 0.0228
206 0.0529 0.4570 0.1230 0.1230 0.2335 0.0104
207 0.0959 0.2111 0.0966 0.4683 0.1166 0.0115
208 0.1923 0.0534 0.3428 0.2627 0.1385 0.0103
209 0.1299 0.1642 0.1580 0.3044 0.0674 0.1761
210 0.1239 0.0995 0.1404 0.5464 0.0478 0.0418
211 0.1184 0.4539 0.3218 0.0534 0.0321 0.0204
212 0.2988 0.2896 0.1990 0.1049 0.0662 0.0417
213 0.0825 0.4126 0.0838 0.3264 0.0643 0.0304
214 0.1353 0.0680 0.0846 0.4038 0.0266 0.2817
