time exciting_prob fearful_prob tense_prob sad_prob relaxing_prob neutral_prob
0 0.1136 0.1553 0.1349 0.1288 0.0181 0.4492
1 0.1444 0.1263 0.1840 0.5361 0.0059 0.0031
2 0.1727 0.0616 0.0579 0.6992 0.0081 0.0004
3 0.0684 0.0927 0.0818 0.7407 0.0093 0.0068
4 0.1188 0.4116 0.2085 0.2152 0.0430 0.0029
5 0.0450 0.2651 0.2269 0.4583 0.0029 0.0017
6 0.0935 0.2332 0.3726 0.2603 0.0396 0.0010
7 0.2188 0.0912 0.2898 0.3135 0.0589 0.0278
8 0.2756 0.2097 0.4727 0.0019 0.0329 0.0071
9 0.0628 0.2771 0.6147 0.0184 0.0260 0.0008
10 0.1954 0.0665 0.1821 0.4404 0.0140 0.1014
11 0.1744 0.4087 0.1758 0.0178 0.2188 0.0045
12 0.0759 0.2954 0.3564 0.2568 0.0097 0.0057
13 0.1226 0.5410 0.2273 0.0151 0.0911 0.0026
14 0.2084 0.5488 0.1957 0.0060 0.0374 0.0038
15 0.2610 0.0909 0.3298 0.1176 0.0376 0.1632
16 0.4626 0.1854 0.1422 0.1702 0.0325 0.0071
17 0.3464 0.1958 0.2134 0.2036 0.0385 0.0023
18 0.3123 0.4204 0.1646 0.0601 0.0269 0.0158
19 0.2888 0.5571 0.0725 0.0249 0.0376 0.0192
20 0.2871 0.4377 0.1727 0.0125 0.0836 0.0064
21 0.0825 0.4819 0.3525 0.0147 0.0632 0.0051
22 0.3203 0.3687 0.2185 0.0579 0.0228 0.0118
23 0.3684 0.2612 0.2269 0.0754 0.0440 0.0241
24 0.0550 0.5957 0.0775 0.1935 0.0130 0.0653
25 0.4570 0.2861 0.0489 0.1763 0.0161 0.0156
26 0.5444 0.1047 0.0754 0.2634 0.0095 0.0023
27 0.0711 0.6094 0.0706 0.1471 0.0165 0.0851
28 0.1736 0.4331 0.2954 0.0922 0.0058 0.0001
29 0.3115 0.3528 0.2834 0.0355 0.0090 0.0076
30 0.0701 0.1086 0.4297 0.3674 0.0222 0.0019
31 0.5737 0.2045 0.1183 0.0288 0.0664 0.0084
32 0.5601 0.1965 0.1449 0.0428 0.0439 0.0120
33 0.1962 0.3469 0.3933 0.0598 0.0033 0.0003
34 0.0856 0.6133 0.1266 0.0145 0.1469 0.0129
35 0.4668 0.3469 0.0323 0.1458 0.0064 0.0021
36 0.0427 0.6948 0.1255 0.0166 0.0721 0.0484
37 0.2469 0.1582 0.0605 0.4438 0.0802 0.0104
38 0.0561 0.5840 0.2166 0.0307 0.1015 0.0112
39 0.2185 0.4849 0.2219 0.0476 0.0171 0.0100
40 0.3452 0.4036 0.1138 0.0403 0.0764 0.0207
41 0.0396 0.6431 0.1126 0.0994 0.0818 0.0236
42 0.0423 0.6162 0.2693 0.0166 0.0410 0.0147
43 0.0995 0.0979 0.0695 0.7236 0.0067 0.0028
44 0.0774 0.5454 0.0557 0.0170 0.2966 0.0079
45 0.1958 0.5752 0.1048 0.0141 0.0785 0.0315
46 0.3735 0.1322 0.2000 0.1545 0.0795 0.0601
47 0.6445 0.1694 0.1085 0.0281 0.0313 0.0181
48 0.2162 0.6162 0.0707 0.0256 0.0388 0.0327
49 0.0778 0.7549 0.0916 0.0135 0.0560 0.0061
50 0.1471 0.4531 0.0812 0.0321 0.2012 0.0851
51 0.1081 0.6221 0.0875 0.0162 0.1432 0.0232
52 0.1409 0.4690 0.0578 0.1344 0.0560 0.1420
53 0.3589 0.1321 0.3167 0.1682 0.0133 0.0108
54 0.0649 0.2373 0.0582 0.3853 0.0513 0.2030
55 0.2930 0.0989 0.1631 0.4038 0.0394 0.0017
56 0.7227 0.1001 0.0593 0.0986 0.0149 0.0046
57 0.1654 0.0567 0.2123 0.3186 0.0064 0.2406
58 0.0158 0.3398 0.0406 0.4644 0.0033 0.1362
59 0.1584 0.1398 0.5708 0.1097 0.0089 0.0125
60 0.0470 0.5337 0.3137 0.0130 0.0580 0.0349
61 0.2450 0.3765 0.2162 0.1582 0.0033 0.0009
62 0.0983 0.3171 0.0264 0.0350 0.5190 0.0042
63 0.0450 0.6465 0.0461 0.0044 0.2573 0.0007
64 0.1348 0.2103 0.1638 0.4739 0.0124 0.0048
65 0.0720 0.5151 0.1224 0.1302 0.0182 0.1420
66 0.2590 0.0976 0.2844 0.3486 0.0049 0.0053
67 0.1007 0.1824 0.5620 0.1443 0.0095 0.0013
68 0.0190 0.0208 0.9395 0.0201 0.0008 0.0001
69 0.0743 0.3660 0.5449 0.0113 0.0025 0.0009
70 0.0290 0.8486 0.0923 0.0217 0.0028 0.0055
71 0.0679 0.5337 0.1350 0.2369 0.0082 0.0183
72 0.0157 0.8496 0.1047 0.0210 0.0050 0.0039
73 0.0668 0.4324 0.0658 0.0673 0.3115 0.0563
74 0.0843 0.6230 0.1170 0.1411 0.0191 0.0156
75 0.3308 0.3662 0.2700 0.0303 0.0024 0.0003
76 0.0931 0.4373 0.3352 0.0226 0.0522 0.0596
77 0.2742 0.2556 0.3660 0.0883 0.0102 0.0058
78 0.1147 0.0880 0.4983 0.2710 0.0161 0.0120
79 0.0712 0.0350 0.0076 0.8745 0.0051 0.0064
80 0.1346 0.0186 0.0621 0.7627 0.0056 0.0163
81 0.4973 0.2241 0.1528 0.1145 0.0108 0.0004
82 0.6948 0.1785 0.1117 0.0113 0.0026 0.0009
83 0.2715 0.1583 0.1055 0.4441 0.0125 0.0080
84 0.0976 0.0522 0.0450 0.7920 0.0029 0.0104
85 0.1638 0.6426 0.1575 0.0223 0.0083 0.0053
86 0.2642 0.4458 0.0987 0.0576 0.0934 0.0405
87 0.1409 0.4548 0.0407 0.0146 0.3459 0.0031
88 0.1923 0.3220 0.4541 0.0021 0.0226 0.0067
89 0.1841 0.2458 0.5454 0.0021 0.0210 0.0016
90 0.1871 0.2422 0.5371 0.0022 0.0253 0.0060
91 0.1559 0.1442 0.2651 0.4106 0.0094 0.0150
92 0.3149 0.3030 0.0569 0.0145 0.3030 0.0076
93 0.2773 0.2861 0.0901 0.0231 0.3071 0.0160
94 0.3101 0.3625 0.1273 0.0373 0.1159 0.0468
95 0.3203 0.4810 0.0773 0.0271 0.0511 0.0430
96 0.1035 0.3501 0.3669 0.0638 0.1146 0.0009
97 0.3079 0.1881 0.0822 0.0709 0.2378 0.1132
98 0.1235 0.2236 0.3357 0.1400 0.1611 0.0159
99 0.1078 0.5352 0.0479 0.0547 0.1968 0.0577
100 0.0519 0.2554 0.5493 0.1048 0.0368 0.0019
101 0.1528 0.1481 0.4353 0.2156 0.0352 0.0129
102 0.0673 0.6143 0.1948 0.0168 0.0831 0.0235
103 0.1084 0.4973 0.2969 0.0492 0.0392 0.0089
104 0.0588 0.6680 0.1702 0.0583 0.0317 0.0132
105 0.0643 0.5825 0.2505 0.0586 0.0120 0.0323
106 0.1993 0.3313 0.3418 0.0657 0.0613 0.0006
107 0.0542 0.1750 0.6401 0.0880 0.0403 0.0024
108 0.0762 0.0994 0.5415 0.2639 0.0060 0.0130
109 0.1537 0.1537 0.2874 0.2534 0.1378 0.0140
110 0.0551 0.1710 0.3677 0.2374 0.1658 0.0032
111 0.0548 0.4451 0.0978 0.2006 0.0149 0.1870
112 0.1089 0.2715 0.4077 0.2050 0.0060 0.0009
113 0.0818 0.3088 0.3237 0.2727 0.0123 0.0005
114 0.1321 0.4231 0.1892 0.0846 0.0295 0.1417
115 0.0479 0.3889 0.2551 0.2286 0.0464 0.0329
116 0.3711 0.4763 0.0719 0.0494 0.0269 0.0043
117 0.0569 0.1194 0.5972 0.1292 0.0945 0.0028
118 0.1956 0.1597 0.1141 0.0861 0.4341 0.0105
119 0.1584 0.4956 0.3149 0.0223 0.0079 0.0008
120 0.0760 0.6421 0.1455 0.0523 0.0278 0.0565
121 0.1060 0.0047 0.1219 0.7588 0.0062 0.0023
122 0.0941 0.1469 0.2383 0.4453 0.0622 0.0133
123 0.1210 0.2561 0.1680 0.2881 0.0231 0.1437
124 0.1221 0.1819 0.2795 0.4036 0.0036 0.0091
125 0.6133 0.1423 0.0352 0.1638 0.0444 0.0008
126 0.1231 0.1260 0.1631 0.5562 0.0068 0.0250
127 0.6206 0.1271 0.0406 0.1710 0.0358 0.0049
128 0.4524 0.3013 0.1010 0.1348 0.0069 0.0037
129 0.5288 0.2401 0.0667 0.0884 0.0612 0.0149
130 0.5952 0.1759 0.0793 0.0920 0.0562 0.0014
131 0.4253 0.2520 0.2104 0.0545 0.0363 0.0217
132 0.2234 0.5317 0.1941 0.0162 0.0322 0.0024
133 0.1790 0.5381 0.2445 0.0152 0.0215 0.0016
134 0.2277 0.5210 0.1589 0.0500 0.0402 0.0021
135 0.1102 0.6196 0.2092 0.0347 0.0248 0.0013
136 0.0289 0.5708 0.1586 0.2343 0.0066 0.0008
137 0.1538 0.4890 0.2439 0.0688 0.0368 0.0076
138 0.0168 0.1570 0.0370 0.5146 0.0114 0.2629
139 0.1802 0.2644 0.3264 0.0787 0.1298 0.0205
140 0.1324 0.4309 0.2654 0.0954 0.0404 0.0356
141 0.2258 0.2559 0.2223 0.2024 0.0462 0.0473
142 0.3206 0.2273 0.2808 0.1337 0.0354 0.0023
143 0.1107 0.5493 0.2939 0.0238 0.0211 0.0011
144 0.1052 0.4790 0.2974 0.0361 0.0701 0.0122
145 0.5542 0.3311 0.0627 0.0346 0.0165 0.0011
146 0.6924 0.1464 0.0691 0.0730 0.0185 0.0005
147 0.6587 0.1287 0.0711 0.0508 0.0878 0.0029
148 0.1254 0.3801 0.3201 0.0611 0.0539 0.0597
149 0.7173 0.1285 0.0584 0.0780 0.0166 0.0012
150 0.4614 0.1953 0.1594 0.1418 0.0353 0.0067
151 0.7197 0.0741 0.1290 0.0471 0.0290 0.0010
152 0.1880 0.1558 0.2568 0.2302 0.1375 0.0316
153 0.4595 0.3635 0.1066 0.0341 0.0320 0.0043
154 0.1120 0.5469 0.2076 0.1004 0.0279 0.0050
155 0.2749 0.4001 0.2125 0.0489 0.0482 0.0154
156 0.2223 0.3752 0.2703 0.0263 0.0912 0.0147
157 0.3306 0.3987 0.1624 0.0862 0.0073 0.0148
158 0.1436 0.7402 0.0751 0.0100 0.0299 0.0011
159 0.0606 0.7803 0.0540 0.0143 0.0903 0.0004
160 0.7607 0.1176 0.0596 0.0286 0.0309 0.0026
161 0.1000 0.1056 0.0743 0.4446 0.2532 0.0223
162 0.1815 0.2993 0.1917 0.1172 0.2040 0.0065
163 0.1443 0.2759 0.1536 0.1323 0.2847 0.0092
164 0.1615 0.2791 0.1145 0.1172 0.3210 0.0066
165 0.1971 0.3030 0.1263 0.0737 0.2891 0.0106
166 0.1964 0.2426 0.1288 0.0892 0.3367 0.0062
167 0.2085 0.2874 0.1161 0.0836 0.2964 0.0082
168 0.2233 0.2957 0.1140 0.0703 0.2910 0.0057
169 0.1461 0.2751 0.1351 0.2061 0.2317 0.0057
170 0.2230 0.2776 0.0952 0.0747 0.3193 0.0103
171 0.6768 0.1375 0.1251 0.0486 0.0115 0.0006
172 0.2139 0.5679 0.1759 0.0199 0.0205 0.0017
173 0.2952 0.3167 0.0572 0.0399 0.2428 0.0482
174 0.1213 0.0873 0.0759 0.6978 0.0137 0.0038
175 0.3806 0.1467 0.2152 0.1613 0.0484 0.0476
176 0.2773 0.2094 0.2246 0.2281 0.0292 0.0314
177 0.4219 0.1962 0.2223 0.0492 0.1075 0.0030
178 0.2231 0.4470 0.1232 0.0747 0.1241 0.0077
179 0.2856 0.1505 0.2208 0.1844 0.1172 0.0412
180 0.4724 0.1658 0.2213 0.0923 0.0471 0.0011
181 0.1259 0.5908 0.0613 0.0425 0.1201 0.0594
182 0.2708 0.2686 0.0839 0.0995 0.2664 0.0109
183 0.1497 0.3618 0.1722 0.1833 0.1260 0.0069
184 0.4050 0.1549 0.2272 0.1116 0.0531 0.0480
185 0.1183 0.1221 0.0866 0.6655 0.0014 0.0060
186 0.5005 0.2678 0.0798 0.1091 0.0265 0.0166
187 0.1780 0.4688 0.0461 0.0295 0.2629 0.0148
188 0.2166 0.6074 0.1115 0.0225 0.0261 0.0161
189 0.3047 0.2585 0.3647 0.0326 0.0381 0.0011
190 0.0155 0.8643 0.1099 0.0042 0.0049 0.0010
191 0.1814 0.4526 0.2725 0.0745 0.0184 0.0008
192 0.4771 0.0519 0.0414 0.4211 0.0074 0.0013
193 0.0850 0.5166 0.1217 0.0792 0.0427 0.1550
194 0.0505 0.4541 0.1281 0.2319 0.0547 0.0807
195 0.5161 0.0588 0.0312 0.3838 0.0069 0.0030
196 0.5547 0.0705 0.1287 0.2137 0.0124 0.0202
197 0.4897 0.2947 0.1248 0.0227 0.0562 0.0116
198 0.0858 0.0956 0.4783 0.3088 0.0027 0.0289
199 0.2742 0.3359 0.0925 0.0646 0.2152 0.0175
200 0.1638 0.1527 0.5498 0.1246 0.0080 0.0009
201 0.4216 0.3335 0.2054 0.0267 0.0124 0.0002
202 0.1240 0.3142 0.1776 0.3345 0.0281 0.0215
203 0.4893 0.0632 0.0870 0.3442 0.0118 0.0047
204 0.0716 0.5811 0.0745 0.1786 0.0540 0.0405
205 0.2896 0.3748 0.1057 0.0710 0.1490 0.0099
206 0.1604 0.4033 0.3240 0.1052 0.0068 0.0003
207 0.1993 0.5767 0.0941 0.0225 0.0608 0.0466
208 0.1371 0.2313 0.1307 0.4189 0.0576 0.0244
209 0.7524 0.0851 0.0571 0.0927 0.0090 0.0040
210 0.1876 0.3423 0.0706 0.1310 0.0576 0.2109
211 0.0784 0.1909 0.1909 0.4761 0.0494 0.0143
212 0.0836 0.5986 0.1854 0.1073 0.0239 0.0014
213 0.0820 0.6924 0.1013 0.0342 0.0867 0.0035
214 0.4675 0.0594 0.0695 0.3394 0.0384 0.0260
215 0.2654 0.0458 0.0816 0.5981 0.0054 0.0036
216 0.6079 0.0709 0.1082 0.1854 0.0200 0.0077
217 0.5762 0.1135 0.0883 0.1870 0.0096 0.0255
218 0.2441 0.3752 0.0898 0.0642 0.2223 0.0043
219 0.1866 0.5752 0.1768 0.0265 0.0332 0.0020
220 0.1757 0.4148 0.2419 0.0773 0.0863 0.0039
221 0.1333 0.2673 0.3596 0.2147 0.0228 0.0021
222 0.2524 0.3972 0.1951 0.0285 0.1156 0.0111
223 0.0126 0.3589 0.2466 0.3372 0.0442 0.0008
224 0.1136 0.1553 0.1349 0.1288 0.0181 0.4492
