time exciting_prob fearful_prob tense_prob sad_prob relaxing_prob neutral_prob
0 0.1136 0.1553 0.1349 0.1288 0.0181 0.4492
1 0.1686 0.0725 0.1006 0.5791 0.0514 0.0277
2 0.7095 0.0264 0.1442 0.0834 0.0307 0.0060
3 0.6782 0.0579 0.1008 0.0903 0.0698 0.0030
4 0.2002 0.0620 0.0592 0.6025 0.0322 0.0440
5 0.2396 0.0815 0.1595 0.4546 0.0125 0.0522
6 0.1975 0.1960 0.3606 0.1813 0.0144 0.0503
7 0.0817 0.1870 0.2942 0.2942 0.1116 0.0312
8 0.1677 0.1100 0.5166 0.0571 0.0948 0.0536
9 0.5195 0.2251 0.1597 0.0397 0.0530 0.0032
10 0.8496 0.0071 0.0091 0.1263 0.0053 0.0025
11 0.1207 0.4810 0.1676 0.0075 0.1884 0.0349
12 0.1135 0.2423 0.3811 0.0728 0.0637 0.1267
13 0.0335 0.0436 0.2019 0.5571 0.0374 0.1263
14 0.0869 0.4695 0.3655 0.0225 0.0447 0.0110
15 0.0886 0.4094 0.2158 0.0240 0.2227 0.0396
16 0.1034 0.0920 0.3933 0.3638 0.0299 0.0177
17 0.0409 0.2815 0.1531 0.5098 0.0019 0.0128
18 0.1000 0.2896 0.1305 0.0152 0.4211 0.0437
19 0.1043 0.3188 0.2261 0.0142 0.0227 0.3140
20 0.0301 0.1370 0.4973 0.0182 0.0157 0.3015
21 0.0729 0.4871 0.3975 0.0107 0.0132 0.0187
22 0.3997 0.2207 0.2705 0.0231 0.0648 0.0212
23 0.2064 0.4761 0.1475 0.0233 0.0874 0.0591
24 0.1476 0.4878 0.1465 0.0298 0.0754 0.1132
25 0.1879 0.4368 0.3564 0.0100 0.0030 0.0059
26 0.0669 0.1655 0.6055 0.0996 0.0576 0.0050
27 0.2302 0.2394 0.3271 0.1038 0.0543 0.0453
28 0.0798 0.3721 0.2086 0.0068 0.3232 0.0096
29 0.0511 0.3806 0.0955 0.0121 0.4521 0.0084
30 0.0836 0.2637 0.2363 0.1411 0.0496 0.2256
31 0.0587 0.2959 0.1726 0.2493 0.0214 0.2019
32 0.0491 0.4807 0.4587 0.0009 0.0049 0.0058
33 0.0721 0.3359 0.3928 0.0843 0.0424 0.0726
34 0.0918 0.2135 0.1514 0.1715 0.0225 0.3494
35 0.0485 0.1588 0.0762 0.0225 0.6792 0.0145
36 0.1224 0.2695 0.5273 0.0359 0.0200 0.0247
37 0.0320 0.2827 0.5894 0.0398 0.0338 0.0223
38 0.1688 0.3987 0.3408 0.0129 0.0476 0.0312
39 0.2727 0.1459 0.3967 0.0508 0.0508 0.0831
40 0.1798 0.1074 0.4663 0.1041 0.0602 0.0823
41 0.2333 0.2296 0.3906 0.1027 0.0274 0.0163
42 0.0580 0.0837 0.0218 0.0145 0.8193 0.0025
43 0.2153 0.4592 0.1785 0.0158 0.0177 0.1135
44 0.1218 0.6479 0.1744 0.0238 0.0057 0.0263
45 0.0959 0.6113 0.2249 0.0050 0.0582 0.0047
46 0.5254 0.1328 0.1732 0.0128 0.1493 0.0064
47 0.1770 0.1099 0.2700 0.2102 0.0444 0.1885
48 0.1956 0.2305 0.4729 0.0186 0.0300 0.0526
49 0.4043 0.3076 0.1865 0.0060 0.0539 0.0416
50 0.2573 0.3079 0.3381 0.0100 0.0335 0.0531
51 0.2798 0.2529 0.2864 0.0286 0.0410 0.1113
52 0.2490 0.3298 0.3376 0.0091 0.0275 0.0468
53 0.1936 0.0412 0.3972 0.1156 0.0648 0.1876
54 0.1299 0.2316 0.5552 0.0142 0.0274 0.0415
55 0.1152 0.1469 0.5806 0.0191 0.0185 0.1198
56 0.3577 0.2517 0.2722 0.0149 0.0140 0.0897
57 0.1809 0.0784 0.3921 0.0214 0.0312 0.2959
58 0.2083 0.1177 0.4478 0.0522 0.0374 0.1366
59 0.1646 0.1158 0.4268 0.0443 0.0147 0.2339
60 0.1471 0.1875 0.2157 0.0942 0.0415 0.3140
61 0.1940 0.1333 0.3403 0.0601 0.0232 0.2490
62 0.3667 0.1298 0.3525 0.0392 0.0259 0.0858
63 0.2546 0.0846 0.3347 0.0337 0.0358 0.2566
64 0.1710 0.1184 0.3401 0.0304 0.0281 0.3120
65 0.2135 0.1274 0.3633 0.1152 0.0143 0.1663
66 0.1511 0.0961 0.5527 0.0205 0.0645 0.1150
67 0.3306 0.1064 0.2939 0.0440 0.0469 0.1782
68 0.0227 0.1516 0.6899 0.0374 0.0047 0.0934
69 0.0565 0.2676 0.6123 0.0167 0.0126 0.0343
70 0.3225 0.1187 0.3569 0.0249 0.0198 0.1572
71 0.1501 0.1388 0.3081 0.0552 0.0348 0.3130
72 0.2952 0.0764 0.4226 0.0116 0.0788 0.1155
73 0.4834 0.1203 0.2488 0.0071 0.0735 0.0670
74 0.3796 0.1510 0.2778 0.0526 0.0587 0.0802
75 0.1158 0.1558 0.6460 0.0085 0.0526 0.0216
76 0.1406 0.1968 0.6064 0.0169 0.0206 0.0187
77 0.0188 0.2073 0.5547 0.0980 0.1145 0.0066
78 0.0191 0.2273 0.3748 0.2576 0.1143 0.0071
79 0.1130 0.2607 0.5522 0.0083 0.0186 0.0471
80 0.0878 0.2993 0.1603 0.1482 0.2482 0.0562
81 0.1215 0.1926 0.6270 0.0078 0.0172 0.0340
82 0.1296 0.2223 0.5996 0.0077 0.0173 0.0236
83 0.0904 0.1914 0.2830 0.3928 0.0087 0.0338
84 0.1169 0.4019 0.3130 0.0263 0.0031 0.1389
85 0.1699 0.0708 0.2590 0.2590 0.0426 0.1986
86 0.0521 0.4192 0.4978 0.0095 0.0039 0.0177
87 0.0584 0.2257 0.5415 0.0488 0.0330 0.0927
88 0.1238 0.3018 0.3813 0.0787 0.0352 0.0793
89 0.1539 0.2329 0.4780 0.0912 0.0276 0.0164
90 0.0401 0.1527 0.5850 0.1434 0.0076 0.0710
91 0.0735 0.0439 0.3093 0.5020 0.0168 0.0546
92 0.0945 0.3005 0.3198 0.0494 0.1215 0.1141
93 0.0742 0.3196 0.5107 0.0064 0.0067 0.0827
94 0.1698 0.1522 0.3298 0.0502 0.0569 0.2412
95 0.1860 0.2352 0.4429 0.0509 0.0599 0.0252
96 0.2152 0.1368 0.2617 0.0876 0.0750 0.2238
97 0.0234 0.3411 0.4734 0.1073 0.0099 0.0451
98 0.0593 0.3958 0.3896 0.0377 0.0069 0.1108
99 0.0369 0.5132 0.3528 0.0689 0.0226 0.0055
100 0.0753 0.3323 0.4614 0.1014 0.0111 0.0183
101 0.0941 0.5674 0.2942 0.0179 0.0068 0.0197
102 0.0552 0.3464 0.4661 0.1107 0.0065 0.0150
103 0.2299 0.3533 0.2177 0.1495 0.0186 0.0311
104 0.0598 0.2072 0.4185 0.2172 0.0123 0.0850
105 0.1965 0.1891 0.4678 0.0422 0.0415 0.0628
106 0.2319 0.1096 0.2754 0.1849 0.1556 0.0426
107 0.2030 0.4038 0.2864 0.0100 0.0765 0.0204
108 0.2595 0.2720 0.1455 0.0407 0.0407 0.2418
109 0.2498 0.3662 0.3083 0.0171 0.0289 0.0296
110 0.2195 0.4946 0.2161 0.0103 0.0419 0.0175
111 0.1092 0.2240 0.2639 0.1436 0.0152 0.2441
112 0.0399 0.0723 0.2998 0.4714 0.0537 0.0628
113 0.2676 0.0743 0.1549 0.0925 0.3545 0.0561
114 0.0838 0.2522 0.5171 0.0384 0.0272 0.0812
115 0.0276 0.1917 0.6797 0.0103 0.0236 0.0673
116 0.1375 0.1953 0.2979 0.1375 0.0624 0.1697
117 0.1393 0.2903 0.3342 0.0763 0.1110 0.0489
118 0.1379 0.1976 0.6230 0.0157 0.0208 0.0048
119 0.1351 0.3618 0.4609 0.0051 0.0077 0.0295
120 0.1106 0.1089 0.5889 0.1687 0.0072 0.0161
121 0.0960 0.1570 0.5522 0.0208 0.0625 0.1113
122 0.1844 0.2769 0.4858 0.0084 0.0207 0.0236
123 0.1743 0.3838 0.2039 0.0269 0.0151 0.1960
124 0.1388 0.4175 0.3303 0.0133 0.0153 0.0848
125 0.1346 0.1226 0.3958 0.1025 0.0631 0.1813
126 0.0972 0.2749 0.0839 0.1278 0.0163 0.3999
127 0.0465 0.1283 0.5117 0.1159 0.0182 0.1796
128 0.0292 0.1722 0.7720 0.0242 0.0009 0.0015
129 0.1656 0.2300 0.4646 0.0306 0.0119 0.0974
130 0.0660 0.0946 0.5889 0.1398 0.0156 0.0953
131 0.0804 0.4485 0.3718 0.0133 0.0343 0.0519
132 0.0597 0.1082 0.4019 0.1206 0.0544 0.2554
133 0.0868 0.2358 0.5527 0.0061 0.0088 0.1097
134 0.2247 0.2886 0.4612 0.0034 0.0133 0.0088
135 0.2437 0.1782 0.3894 0.0565 0.0362 0.0961
136 0.0952 0.1736 0.2507 0.0231 0.0037 0.4539
137 0.2135 0.2786 0.3867 0.0386 0.0612 0.0215
138 0.0996 0.4097 0.3503 0.0104 0.0428 0.0872
139 0.0311 0.2012 0.7134 0.0050 0.0110 0.0384
140 0.0539 0.2150 0.6221 0.0251 0.0359 0.0483
141 0.1157 0.2566 0.4719 0.0182 0.1005 0.0370
142 0.1312 0.2375 0.4302 0.1312 0.0591 0.0108
143 0.0647 0.3784 0.2123 0.0637 0.2405 0.0405
144 0.0945 0.5112 0.2415 0.0171 0.1273 0.0083
145 0.0260 0.1300 0.4756 0.2839 0.0490 0.0356
146 0.0976 0.0714 0.5796 0.1234 0.0121 0.1159
147 0.0939 0.3125 0.4917 0.0407 0.0353 0.0257
148 0.0624 0.2842 0.3538 0.2842 0.0136 0.0016
149 0.0740 0.1415 0.5508 0.1604 0.0663 0.0068
150 0.1086 0.6812 0.1891 0.0084 0.0088 0.0043
151 0.1589 0.3313 0.4746 0.0066 0.0225 0.0061
152 0.1293 0.5796 0.2612 0.0123 0.0117 0.0061
153 0.3267 0.3318 0.2211 0.0788 0.0387 0.0028
154 0.0514 0.1583 0.3457 0.3147 0.0260 0.1038
155 0.1837 0.2869 0.2781 0.1224 0.0848 0.0443
156 0.1179 0.1913 0.5283 0.1356 0.0189 0.0080
157 0.0862 0.3181 0.2764 0.0651 0.1216 0.1326
158 0.0915 0.4722 0.3618 0.0337 0.0179 0.0230
159 0.0890 0.1057 0.5200 0.2534 0.0163 0.0155
160 0.0397 0.1511 0.2268 0.4954 0.0167 0.0703
161 0.2023 0.3132 0.1960 0.0738 0.2054 0.0094
162 0.1416 0.2408 0.4570 0.0943 0.0628 0.0035
163 0.0895 0.3569 0.4512 0.0302 0.0620 0.0100
164 0.0546 0.4392 0.4192 0.0489 0.0149 0.0231
165 0.0343 0.2003 0.0269 0.0479 0.6777 0.0129
166 0.0818 0.1732 0.4092 0.2156 0.1136 0.0066
167 0.2612 0.1740 0.3054 0.0440 0.2065 0.0090
168 0.0430 0.6270 0.2236 0.0072 0.0305 0.0687
169 0.0955 0.3523 0.4248 0.0898 0.0177 0.0199
170 0.1348 0.1992 0.2329 0.4153 0.0119 0.0060
171 0.1934 0.2812 0.2644 0.0129 0.2369 0.0113
172 0.1114 0.0754 0.5566 0.1780 0.0510 0.0275
173 0.0857 0.0844 0.7759 0.0462 0.0049 0.0028
174 0.0397 0.2491 0.0487 0.0245 0.6074 0.0307
175 0.2289 0.1366 0.4243 0.0377 0.0237 0.1489
176 0.4028 0.0554 0.3726 0.1076 0.0500 0.0114
177 0.3762 0.1473 0.3535 0.0795 0.0171 0.0264
178 0.3313 0.1277 0.4189 0.0757 0.0357 0.0107
179 0.2756 0.2590 0.2715 0.0267 0.0479 0.1195
180 0.1794 0.0312 0.2491 0.1159 0.1141 0.3101
181 0.4082 0.0779 0.2827 0.0602 0.1378 0.0332
182 0.1089 0.0822 0.3921 0.2100 0.0127 0.1941
183 0.2878 0.0188 0.3997 0.2313 0.0396 0.0227
184 0.2292 0.2744 0.4150 0.0046 0.0438 0.0330
185 0.3611 0.1163 0.3064 0.0338 0.0170 0.1653
186 0.2290 0.2203 0.4590 0.0179 0.0179 0.0557
187 0.3057 0.0992 0.3804 0.0890 0.0458 0.0798
188 0.1214 0.0999 0.7207 0.0416 0.0116 0.0046
189 0.5327 0.1611 0.1929 0.0417 0.0575 0.0142
190 0.2113 0.0867 0.6309 0.0327 0.0188 0.0200
191 0.2466 0.1862 0.4465 0.0471 0.0131 0.0605
192 0.3035 0.1256 0.3777 0.1490 0.0325 0.0115
193 0.3428 0.1078 0.2754 0.1005 0.0436 0.1301
194 0.3418 0.1360 0.3872 0.0207 0.0448 0.0695
195 0.3091 0.3396 0.3240 0.0034 0.0081 0.0159
196 0.2561 0.1919 0.3877 0.0179 0.0445 0.1019
197 0.2013 0.0826 0.2930 0.3533 0.0281 0.0416
198 0.2296 0.1068 0.4092 0.1603 0.0148 0.0793
199 0.4060 0.1229 0.2424 0.1328 0.0533 0.0428
200 0.2588 0.2629 0.4202 0.0098 0.0064 0.0416
201 0.2751 0.3477 0.3167 0.0033 0.0256 0.0318
202 0.0705 0.2329 0.5767 0.0190 0.0091 0.0919
203 0.1925 0.0305 0.4270 0.2510 0.0211 0.0778
204 0.2291 0.3662 0.2598 0.1108 0.0276 0.0066
205 0.2205 0.2153 0.5332 0.0152 0.0122 0.0035
206 0.1891 0.1556 0.3674 0.1581 0.1174 0.0124
207 0.0643 0.2159 0.6758 0.0181 0.0136 0.0122
208 0.3020 0.3267 0.2644 0.0156 0.0352 0.0559
209 0.2288 0.4412 0.2593 0.0054 0.0053 0.0602
210 0.3433 0.1283 0.4692 0.0195 0.0332 0.0065
211 0.0886 0.1270 0.3291 0.3242 0.0886 0.0425
212 0.2379 0.3462 0.3489 0.0227 0.0181 0.0261
213 0.3635 0.1638 0.4055 0.0129 0.0126 0.0417
214 0.2424 0.1470 0.4822 0.0248 0.0173 0.0864
215 0.2861 0.2795 0.3372 0.0183 0.0141 0.0648
216 0.1667 0.0372 0.1077 0.3530 0.0428 0.2927
217 0.1895 0.0923 0.1323 0.3223 0.0587 0.2048
