time exciting_prob fearful_prob tense_prob sad_prob relaxing_prob neutral_prob
0 0.1136 0.1553 0.1349 0.1288 0.0181 0.4492
1 0.0676 0.2081 0.3950 0.1647 0.1114 0.0534
2 0.1290 0.2128 0.4038 0.0614 0.1683 0.0248
3 0.1466 0.1124 0.3657 0.0433 0.3279 0.0042
4 0.1833 0.0429 0.5142 0.0944 0.0266 0.1384
5 0.8716 0.0105 0.0137 0.0817 0.0045 0.0181
6 0.8872 0.0077 0.0077 0.0819 0.0021 0.0134
7 0.0731 0.3979 0.3569 0.0403 0.1224 0.0094
8 0.0414 0.3357 0.1884 0.1854 0.2344 0.0148
9 0.0452 0.1887 0.4670 0.2008 0.0637 0.0346
10 0.0457 0.3647 0.4133 0.0981 0.0724 0.0057
11 0.0561 0.1197 0.6372 0.0798 0.1040 0.0033
12 0.0533 0.1383 0.6914 0.0334 0.0764 0.0075
13 0.0325 0.2327 0.4775 0.1378 0.0715 0.0480
14 0.0433 0.0991 0.2147 0.4441 0.0502 0.1487
15 0.0983 0.1262 0.3223 0.4009 0.0248 0.0275
16 0.0530 0.1986 0.4338 0.0413 0.0337 0.2395
17 0.0916 0.3538 0.2450 0.2179 0.0873 0.0045
18 0.0546 0.0246 0.1996 0.6343 0.0393 0.0474
19 0.0958 0.1069 0.2192 0.1230 0.1555 0.2996
20 0.1077 0.0858 0.0701 0.0366 0.6494 0.0505
21 0.0595 0.0262 0.0759 0.1395 0.6606 0.0385
22 0.1224 0.0635 0.2323 0.0969 0.4077 0.0772
23 0.0972 0.0663 0.1628 0.0723 0.4978 0.1035
24 0.1195 0.1140 0.3247 0.0518 0.1522 0.2377
25 0.0496 0.0878 0.1392 0.0274 0.1370 0.5591
26 0.0792 0.0672 0.0561 0.0141 0.7627 0.0206
27 0.0425 0.1036 0.2927 0.5298 0.0163 0.0150
28 0.0244 0.1774 0.3420 0.2313 0.1565 0.0684
29 0.1377 0.2803 0.0984 0.0526 0.4241 0.0072
30 0.1160 0.1400 0.3987 0.0447 0.1478 0.1526
31 0.0674 0.1967 0.0989 0.2045 0.4163 0.0165
32 0.0488 0.0360 0.0257 0.0190 0.8589 0.0116
33 0.0527 0.1432 0.4341 0.0703 0.2717 0.0280
34 0.0563 0.1259 0.1949 0.0396 0.5684 0.0150
35 0.0249 0.0186 0.0539 0.0188 0.8359 0.0479
36 0.0465 0.2167 0.3103 0.0476 0.0487 0.3303
37 0.0409 0.0321 0.0696 0.0068 0.8345 0.0160
38 0.0379 0.0348 0.1113 0.0629 0.6509 0.1022
39 0.0320 0.0163 0.1316 0.0404 0.7114 0.0682
40 0.0358 0.0149 0.0669 0.0852 0.6807 0.1165
41 0.0244 0.0145 0.0573 0.0385 0.8350 0.0302
42 0.0107 0.0054 0.0169 0.0508 0.8657 0.0508
43 0.0350 0.0190 0.0860 0.0089 0.8418 0.0092
44 0.0734 0.0318 0.2834 0.0396 0.5464 0.0257
45 0.0337 0.0277 0.0440 0.0902 0.8042 0.0003
46 0.0153 0.0201 0.0596 0.3884 0.4988 0.0179
47 0.0290 0.0908 0.0795 0.4644 0.3345 0.0018
48 0.0748 0.0847 0.2778 0.0670 0.2693 0.2267
49 0.1796 0.1056 0.2271 0.3628 0.1008 0.0243
50 0.0103 0.0086 0.0130 0.0231 0.9375 0.0077
51 0.0329 0.0848 0.3918 0.0587 0.3740 0.0578
52 0.0249 0.0984 0.3801 0.0797 0.3433 0.0737
53 0.0128 0.1564 0.5723 0.1296 0.0516 0.0775
54 0.0338 0.2219 0.5845 0.0656 0.0320 0.0621
55 0.0930 0.0887 0.3401 0.0997 0.1658 0.2128
56 0.0732 0.0817 0.2764 0.1152 0.3208 0.1327
57 0.1121 0.1290 0.2776 0.1658 0.1792 0.1364
58 0.2820 0.2588 0.1096 0.0748 0.2690 0.0056
59 0.1118 0.2241 0.4856 0.0642 0.1002 0.0141
60 0.1101 0.1448 0.2856 0.2295 0.1705 0.0594
61 0.2142 0.2644 0.2974 0.1299 0.0734 0.0206
62 0.1499 0.3433 0.4141 0.0650 0.0208 0.0071
63 0.1917 0.3638 0.3391 0.0352 0.0545 0.0157
64 0.1389 0.1813 0.4148 0.1841 0.0465 0.0343
65 0.3105 0.2676 0.2219 0.0810 0.1016 0.0175
66 0.0662 0.0825 0.2620 0.1447 0.2206 0.2241
67 0.0591 0.1021 0.1792 0.1863 0.1439 0.3296
68 0.2515 0.2534 0.3228 0.0785 0.0515 0.0424
69 0.0838 0.5728 0.1628 0.0806 0.0831 0.0169
70 0.0497 0.4197 0.3071 0.1497 0.0248 0.0490
71 0.1059 0.2139 0.6045 0.0266 0.0441 0.0049
72 0.0833 0.0493 0.1104 0.3452 0.1165 0.2952
73 0.0863 0.0434 0.1100 0.2966 0.1058 0.3579
74 0.3152 0.2184 0.2698 0.0939 0.0621 0.0407
75 0.3154 0.1825 0.1958 0.1573 0.0607 0.0883
76 0.1244 0.1244 0.2435 0.0650 0.3772 0.0656
77 0.0440 0.2081 0.4841 0.1499 0.0725 0.0413
78 0.0773 0.0761 0.2168 0.1537 0.2020 0.2739
79 0.2844 0.2413 0.3826 0.0224 0.0625 0.0069
80 0.1113 0.5352 0.2213 0.0443 0.0724 0.0158
81 0.0829 0.3547 0.4214 0.0792 0.0407 0.0210
82 0.2651 0.2017 0.1880 0.0748 0.2357 0.0348
83 0.0694 0.3523 0.3870 0.1247 0.0441 0.0224
84 0.0152 0.7769 0.1329 0.0512 0.0202 0.0034
85 0.1328 0.1018 0.1932 0.3237 0.0154 0.2332
86 0.1759 0.0528 0.1392 0.2224 0.0598 0.3499
87 0.1212 0.0235 0.0936 0.2998 0.0047 0.4573
88 0.1786 0.1002 0.2330 0.4153 0.0247 0.0481
89 0.0626 0.0178 0.2988 0.4214 0.0097 0.1899
90 0.0487 0.0269 0.3862 0.3203 0.0410 0.1769
91 0.1302 0.2285 0.2002 0.2097 0.0216 0.2097
92 0.0962 0.0726 0.0947 0.4482 0.0666 0.2218
93 0.1888 0.0609 0.1448 0.3066 0.1506 0.1483
94 0.0483 0.1000 0.1324 0.1648 0.0098 0.5444
95 0.0527 0.1650 0.3958 0.3132 0.0641 0.0091
96 0.0778 0.0539 0.2097 0.1272 0.0436 0.4878
97 0.0971 0.0508 0.4023 0.0549 0.0612 0.3335
98 0.0981 0.0887 0.2194 0.4099 0.0753 0.1086
99 0.0509 0.0429 0.3914 0.3735 0.0199 0.1213
100 0.0153 0.0489 0.0844 0.2900 0.0108 0.5503
101 0.0610 0.1038 0.1213 0.2527 0.0311 0.4299
102 0.1141 0.0249 0.0543 0.2166 0.0417 0.5483
103 0.0439 0.0563 0.5176 0.1965 0.0943 0.0914
104 0.0571 0.0399 0.6533 0.1436 0.0191 0.0870
105 0.0416 0.0429 0.1194 0.2231 0.0117 0.5610
106 0.0670 0.0742 0.0670 0.1671 0.0461 0.5786
107 0.1152 0.0424 0.1812 0.1914 0.0616 0.4082
108 0.1298 0.0545 0.1011 0.3997 0.1042 0.2107
109 0.1033 0.0249 0.5498 0.2440 0.0593 0.0187
110 0.1118 0.0520 0.2349 0.2073 0.0303 0.3638
111 0.1895 0.0790 0.1595 0.1780 0.0538 0.3403
112 0.1749 0.1270 0.3821 0.1833 0.0432 0.0894
113 0.1015 0.0991 0.4238 0.1243 0.0097 0.2416
114 0.1816 0.1085 0.3613 0.2191 0.0381 0.0914
115 0.1958 0.1197 0.3862 0.0962 0.0238 0.1782
116 0.1436 0.0553 0.2137 0.1552 0.0627 0.3694
117 0.0864 0.0386 0.2578 0.2366 0.0366 0.3442
118 0.1265 0.0698 0.0492 0.2053 0.0249 0.5244
119 0.0862 0.0354 0.2827 0.3057 0.0159 0.2739
120 0.0773 0.0667 0.2345 0.2917 0.0641 0.2656
121 0.0435 0.0995 0.1471 0.1471 0.0728 0.4900
122 0.1112 0.2566 0.2646 0.1670 0.1112 0.0894
123 0.1028 0.3618 0.2045 0.0186 0.0929 0.2194
124 0.1150 0.1039 0.0924 0.3125 0.0221 0.3542
125 0.1802 0.1288 0.1084 0.1067 0.1448 0.3313
126 0.1345 0.2379 0.3892 0.0896 0.0495 0.0992
127 0.1560 0.3599 0.3030 0.0234 0.0192 0.1387
128 0.1055 0.0875 0.3486 0.0391 0.0302 0.3889
129 0.1063 0.1545 0.2339 0.0555 0.0930 0.3567
130 0.0576 0.1904 0.2406 0.4126 0.0438 0.0550
131 0.1260 0.0619 0.0966 0.0669 0.0974 0.5513
132 0.1311 0.1157 0.0866 0.0542 0.0901 0.5225
133 0.0983 0.2375 0.4370 0.0213 0.0526 0.1534
134 0.0399 0.3875 0.1979 0.0311 0.1578 0.1859
135 0.1859 0.1788 0.2208 0.0516 0.0964 0.2664
136 0.0556 0.1500 0.2654 0.0692 0.0388 0.4209
137 0.0164 0.0209 0.0606 0.2065 0.0494 0.6460
138 0.0748 0.0439 0.2339 0.3027 0.1301 0.2146
139 0.1957 0.0518 0.0447 0.2474 0.0651 0.3953
140 0.1035 0.0920 0.3018 0.2107 0.0567 0.2351
141 0.0426 0.3027 0.4170 0.1194 0.0094 0.1088
142 0.0884 0.0544 0.0408 0.0330 0.0257 0.7578
143 0.0450 0.3682 0.3301 0.1794 0.0228 0.0547
144 0.0770 0.0292 0.1461 0.0680 0.1061 0.5737
145 0.0830 0.2203 0.3108 0.1326 0.0113 0.2419
146 0.0649 0.1005 0.0966 0.3193 0.0086 0.4102
147 0.0504 0.1337 0.2966 0.1083 0.0057 0.4053
148 0.0255 0.0163 0.1768 0.1273 0.0079 0.6465
149 0.0674 0.0958 0.2092 0.1630 0.0217 0.4429
150 0.1165 0.1996 0.2996 0.2815 0.0572 0.0456
151 0.1326 0.0548 0.2255 0.0984 0.0227 0.4661
152 0.1667 0.0201 0.4902 0.1340 0.0463 0.1427
153 0.2399 0.0338 0.4019 0.1324 0.0743 0.1179
154 0.1281 0.0506 0.3171 0.1232 0.0436 0.3374
155 0.6284 0.0333 0.0632 0.1083 0.0331 0.1338
156 0.1385 0.1698 0.3767 0.2712 0.0273 0.0165
157 0.0643 0.2467 0.4163 0.1473 0.0795 0.0460
158 0.1177 0.0342 0.2981 0.2551 0.0514 0.2434
159 0.0632 0.0320 0.1257 0.2461 0.0201 0.5127
160 0.1798 0.0662 0.3035 0.1217 0.0392 0.2896
161 0.1335 0.1422 0.4519 0.1125 0.1356 0.0243
162 0.0848 0.0234 0.1769 0.4114 0.0210 0.2827
163 0.1037 0.0148 0.2568 0.2568 0.0279 0.3401
164 0.0955 0.4519 0.1676 0.0602 0.0062 0.2186
165 0.1611 0.0451 0.0955 0.3411 0.0343 0.3230
166 0.1497 0.0409 0.5645 0.1021 0.0334 0.1094
167 0.0655 0.2888 0.4580 0.0790 0.0031 0.1055
168 0.2810 0.0792 0.2329 0.1886 0.0545 0.1638
169 0.0781 0.0212 0.2073 0.3933 0.0169 0.2832
170 0.0650 0.0300 0.2737 0.2003 0.0069 0.4241
171 0.1990 0.1226 0.2327 0.3179 0.0667 0.0612
172 0.1316 0.2311 0.2153 0.1180 0.0096 0.2944
173 0.1055 0.0176 0.3027 0.1725 0.0307 0.3708
174 0.0685 0.0171 0.1260 0.2976 0.0439 0.4468
175 0.4568 0.1309 0.1655 0.1694 0.0292 0.0482
176 0.2190 0.4155 0.1874 0.0554 0.0806 0.0421
177 0.1113 0.4302 0.2471 0.0783 0.0938 0.0394
178 0.1586 0.0531 0.4111 0.2271 0.0322 0.1178
179 0.0176 0.0406 0.0501 0.1362 0.0075 0.7480
180 0.1907 0.0167 0.2373 0.2527 0.0381 0.2646
181 0.1158 0.0867 0.2432 0.1204 0.0204 0.4136
182 0.0536 0.2495 0.2495 0.1335 0.0104 0.3035
183 0.0627 0.1058 0.1613 0.2920 0.0092 0.3691
184 0.0210 0.0102 0.0925 0.3230 0.0041 0.5493
185 0.0397 0.0835 0.2341 0.0640 0.0081 0.5703
186 0.0606 0.1536 0.2739 0.4375 0.0174 0.0569
187 0.0269 0.0457 0.5234 0.3276 0.0314 0.0450
188 0.0992 0.0755 0.2495 0.3333 0.0291 0.2134
189 0.0409 0.0224 0.0674 0.0776 0.0147 0.7773
190 0.0633 0.0525 0.1138 0.2688 0.1567 0.3450
191 0.1008 0.0557 0.1769 0.2380 0.0423 0.3862
192 0.2244 0.0442 0.2445 0.1483 0.0679 0.2708
193 0.0936 0.0334 0.1460 0.2075 0.0590 0.4604
194 0.0549 0.0994 0.5903 0.2139 0.0272 0.0143
195 0.1061 0.0712 0.0701 0.1202 0.0981 0.5342
196 0.0562 0.4253 0.1947 0.2089 0.0352 0.0799
197 0.0511 0.4888 0.1742 0.1899 0.0111 0.0849
198 0.1268 0.2812 0.1506 0.1382 0.0906 0.2124
199 0.1831 0.5054 0.1846 0.0599 0.0576 0.0094
200 0.1469 0.1199 0.2460 0.2578 0.1017 0.1277
201 0.1097 0.1224 0.2435 0.3655 0.0539 0.1047
202 0.1572 0.1548 0.3030 0.1648 0.1536 0.0666
203 0.0768 0.3110 0.1390 0.1171 0.0377 0.3184
204 0.0407 0.1295 0.4116 0.1041 0.2786 0.0357
205 0.0612 0.2238 0.2764 0.1943 0.1929 0.0515
206 0.0729 0.3240 0.3044 0.1268 0.0316 0.1404
207 0.1084 0.1993 0.1084 0.2642 0.0956 0.2241
208 0.0680 0.5474 0.2646 0.0493 0.0229 0.0475
209 0.0962 0.2167 0.3254 0.1913 0.1064 0.0641
210 0.0645 0.2568 0.5029 0.0960 0.0186 0.0610
211 0.2981 0.1140 0.2321 0.1880 0.1487 0.0192
212 0.1637 0.0677 0.0341 0.1108 0.1716 0.4521
213 0.0464 0.6250 0.1863 0.0887 0.0036 0.0501
214 0.0250 0.1062 0.3677 0.0742 0.0037 0.4233
215 0.0114 0.0398 0.5239 0.0465 0.0006 0.3774
216 0.1281 0.1521 0.2932 0.1364 0.1429 0.1475
217 0.2264 0.1271 0.4297 0.0450 0.1417 0.0302
218 0.1326 0.0626 0.0890 0.1335 0.0897 0.4924
219 0.0485 0.3752 0.2057 0.1719 0.0296 0.1692
220 0.0678 0.0684 0.1059 0.3755 0.0187 0.3638
221 0.0606 0.0616 0.0651 0.3357 0.0112 0.4658
222 0.0729 0.0581 0.4260 0.0852 0.0099 0.3477
223 0.0425 0.0139 0.1460 0.2444 0.0193 0.5337
224 0.0287 0.0344 0.0965 0.1542 0.0058 0.6802
225 0.0433 0.4175 0.3833 0.0835 0.0255 0.0468
226 0.1125 0.2438 0.2495 0.1226 0.0444 0.2272
227 0.2041 0.1248 0.1199 0.1528 0.0594 0.3391
228 0.0440 0.3682 0.1970 0.2737 0.0058 0.1114
229 0.1168 0.1610 0.2893 0.2634 0.1293 0.0404
230 0.0753 0.3762 0.2930 0.2246 0.0058 0.0250
231 0.2842 0.2979 0.1157 0.0959 0.1364 0.0702
232 0.3013 0.2810 0.0571 0.1758 0.1317 0.0532
233 0.1995 0.0851 0.1903 0.1371 0.0885 0.2996
234 0.0876 0.1478 0.4448 0.1757 0.0667 0.0773
235 0.2070 0.0941 0.2039 0.2346 0.0330 0.2274
236 0.1282 0.0967 0.0551 0.1698 0.2097 0.3403
237 0.1323 0.1272 0.3796 0.1659 0.1376 0.0573
238 0.3230 0.1032 0.3777 0.0709 0.1169 0.0083
239 0.1787 0.0536 0.1541 0.1425 0.0253 0.4458
240 0.1736 0.0358 0.0981 0.2954 0.0464 0.3508
241 0.1434 0.3110 0.1718 0.1285 0.0508 0.1946
242 0.1049 0.1276 0.4927 0.1434 0.0646 0.0667
243 0.1259 0.2107 0.4639 0.0643 0.0674 0.0679
244 0.1885 0.0662 0.4739 0.0462 0.1703 0.0549
245 0.3110 0.0562 0.3015 0.0283 0.2744 0.0287
246 0.0147 0.0141 0.1081 0.1345 0.0015 0.7271
247 0.1539 0.1390 0.3181 0.1379 0.1161 0.1348
248 0.1456 0.0897 0.5366 0.1235 0.0553 0.0492
249 0.3193 0.2976 0.0914 0.0595 0.1270 0.1053
250 0.0613 0.1192 0.2881 0.1904 0.0482 0.2927
251 0.0501 0.0173 0.1053 0.1937 0.0082 0.6255
252 0.1317 0.2539 0.2744 0.2578 0.0308 0.0516
253 0.0894 0.1148 0.1807 0.0654 0.0350 0.5146
254 0.0253 0.0434 0.1915 0.2537 0.0046 0.4814
255 0.2542 0.0942 0.1666 0.2010 0.0177 0.2664
256 0.0795 0.0542 0.1130 0.1908 0.0273 0.5352
257 0.0614 0.0419 0.1212 0.1669 0.0442 0.5645
258 0.0474 0.0318 0.4358 0.1210 0.0084 0.3557
259 0.0108 0.0198 0.1342 0.0966 0.0021 0.7363
260 0.0215 0.0126 0.0781 0.1577 0.0063 0.7236
261 0.1736 0.1281 0.1569 0.3000 0.0638 0.1777
262 0.1086 0.1877 0.2668 0.0690 0.0358 0.3320
263 0.1656 0.0959 0.0240 0.3374 0.0345 0.3425
264 0.0952 0.1045 0.1232 0.4539 0.0233 0.1998
265 0.1088 0.1851 0.2778 0.0778 0.0050 0.3457
266 0.0831 0.3367 0.3042 0.1003 0.0489 0.1268
267 0.2744 0.2104 0.1370 0.2991 0.0657 0.0132
268 0.1226 0.2576 0.1151 0.3438 0.0579 0.1032
269 0.2111 0.1417 0.2817 0.3193 0.0319 0.0145
270 0.2622 0.2791 0.2242 0.1802 0.0435 0.0107
271 0.1973 0.2474 0.2397 0.2937 0.0132 0.0085
272 0.0392 0.2703 0.0787 0.0562 0.5547 0.0011
273 0.0347 0.4197 0.1508 0.0347 0.3589 0.0013
274 0.0558 0.5293 0.1541 0.0986 0.1614 0.0010
275 0.1000 0.1974 0.2255 0.0312 0.4448 0.0012
276 0.1020 0.0764 0.3450 0.0706 0.0770 0.3291
277 0.0546 0.2279 0.4192 0.0576 0.0331 0.2075
278 0.0515 0.0621 0.0287 0.0469 0.8052 0.0057
279 0.0601 0.4041 0.4724 0.0416 0.0138 0.0081
280 0.0870 0.1626 0.1704 0.0424 0.5010 0.0366
281 0.0854 0.1821 0.1453 0.0895 0.4763 0.0214
282 0.0060 0.0026 0.0027 0.0030 0.9849 0.0008
283 0.0832 0.0326 0.0347 0.0872 0.7241 0.0384
284 0.0978 0.0401 0.0351 0.0351 0.7749 0.0169
285 0.0687 0.0310 0.2019 0.6318 0.0340 0.0325
286 0.0647 0.1256 0.2898 0.4490 0.0357 0.0352
287 0.0598 0.2620 0.1947 0.4319 0.0333 0.0182
288 0.0657 0.1991 0.3960 0.2222 0.0941 0.0231
289 0.0570 0.2291 0.4485 0.1599 0.0897 0.0156
290 0.0734 0.1761 0.2297 0.4570 0.0169 0.0467
291 0.1572 0.2218 0.2986 0.0869 0.1500 0.0855
292 0.1581 0.1362 0.2355 0.4006 0.0211 0.0486
293 0.0521 0.1707 0.4292 0.2996 0.0311 0.0174
294 0.1315 0.0761 0.1335 0.5713 0.0491 0.0383
295 0.1131 0.1570 0.1364 0.1282 0.0182 0.4473
