time exciting_prob fearful_prob tense_prob sad_prob relaxing_prob neutral_prob
0 0.1136 0.1553 0.1349 0.1288 0.0181 0.4492
1 0.1382 0.2749 0.2708 0.2465 0.0609 0.0089
2 0.2537 0.1975 0.2659 0.1855 0.0876 0.0098
3 0.2358 0.1499 0.2322 0.2756 0.0867 0.0197
4 0.2102 0.1798 0.3467 0.1975 0.0536 0.0121
5 0.1761 0.4429 0.2028 0.1210 0.0509 0.0064
6 0.2246 0.4465 0.1921 0.0559 0.0776 0.0032
7 0.0543 0.7329 0.1141 0.0666 0.0175 0.0147
8 0.0567 0.5957 0.1903 0.0892 0.0412 0.0270
9 0.0533 0.3787 0.1995 0.0481 0.2686 0.0520
10 0.0078 0.0498 0.0433 0.1055 0.7798 0.0139
11 0.0102 0.0763 0.0627 0.0987 0.7349 0.0170
12 0.0347 0.2014 0.1095 0.0568 0.5918 0.0058
13 0.0060 0.3167 0.1495 0.4829 0.0021 0.0428
14 0.0059 0.2255 0.1812 0.5669 0.0020 0.0185
15 0.0221 0.5972 0.2957 0.0350 0.0471 0.0032
16 0.0500 0.7471 0.1775 0.0107 0.0086 0.0061
17 0.0363 0.7642 0.1602 0.0120 0.0170 0.0104
18 0.1348 0.4932 0.1652 0.0067 0.1814 0.0190
19 0.0139 0.7437 0.2233 0.0036 0.0122 0.0036
20 0.0659 0.5024 0.3455 0.0144 0.0639 0.0076
21 0.0601 0.5439 0.3623 0.0087 0.0195 0.0056
22 0.0523 0.5845 0.3228 0.0078 0.0253 0.0072
23 0.0429 0.6499 0.2795 0.0082 0.0097 0.0095
24 0.1342 0.1069 0.1394 0.0137 0.5732 0.0323
25 0.0385 0.1780 0.1302 0.0119 0.6309 0.0105
26 0.0484 0.5947 0.1434 0.1327 0.0481 0.0328
27 0.0180 0.8159 0.1353 0.0143 0.0039 0.0126
28 0.0299 0.6646 0.2603 0.0113 0.0299 0.0042
29 0.1292 0.2690 0.3455 0.0248 0.1594 0.0719
30 0.0571 0.3870 0.5376 0.0056 0.0065 0.0065
31 0.0464 0.3167 0.5918 0.0094 0.0180 0.0177
32 0.1021 0.2954 0.3000 0.0221 0.2355 0.0450
33 0.1129 0.3848 0.1460 0.0623 0.1803 0.1137
34 0.0143 0.7954 0.0740 0.0418 0.0695 0.0051
35 0.0681 0.1910 0.1055 0.3540 0.2715 0.0098
36 0.0032 0.3457 0.1880 0.4106 0.0027 0.0498
37 0.0036 0.4106 0.1766 0.3738 0.0039 0.0314
38 0.1285 0.2220 0.3806 0.0544 0.1599 0.0544
39 0.0977 0.1525 0.0842 0.0515 0.3489 0.2654
40 0.0398 0.4739 0.4182 0.0098 0.0469 0.0111
41 0.1234 0.2593 0.3276 0.0356 0.2067 0.0472
42 0.0136 0.2529 0.1398 0.5791 0.0027 0.0119
43 0.0791 0.3516 0.3103 0.2100 0.0392 0.0097
44 0.0568 0.2299 0.3450 0.1438 0.1310 0.0936
45 0.0236 0.2783 0.6274 0.0404 0.0118 0.0186
46 0.0621 0.4180 0.4448 0.0192 0.0149 0.0410
47 0.0634 0.1271 0.2030 0.0582 0.4263 0.1221
48 0.1287 0.2661 0.4219 0.0532 0.1025 0.0278
49 0.2290 0.1265 0.4280 0.0704 0.0904 0.0557
50 0.0972 0.2581 0.4187 0.0149 0.2073 0.0039
51 0.0250 0.6113 0.3430 0.0025 0.0123 0.0058
52 0.0178 0.4478 0.0815 0.0447 0.3892 0.0191
53 0.2209 0.1920 0.1981 0.0695 0.1361 0.1832
54 0.0555 0.5513 0.3396 0.0490 0.0012 0.0034
55 0.0930 0.3594 0.4072 0.0494 0.0538 0.0373
56 0.0695 0.1804 0.1183 0.0387 0.4902 0.1028
57 0.0314 0.0782 0.0432 0.0116 0.7603 0.0753
58 0.1100 0.1458 0.2991 0.0313 0.3635 0.0504
59 0.2079 0.3096 0.3794 0.0180 0.0665 0.0186
60 0.1489 0.1898 0.3130 0.1421 0.0607 0.1455
61 0.0877 0.5415 0.1306 0.0857 0.1153 0.0392
62 0.0324 0.4543 0.4763 0.0262 0.0050 0.0056
63 0.0931 0.3127 0.4919 0.0282 0.0531 0.0211
64 0.0905 0.4282 0.4314 0.0187 0.0197 0.0116
65 0.0737 0.5400 0.1726 0.1523 0.0044 0.0569
66 0.0891 0.3606 0.2808 0.1217 0.0704 0.0774
67 0.0801 0.3506 0.4644 0.0283 0.0586 0.0180
68 0.2627 0.2861 0.3372 0.0439 0.0513 0.0189
69 0.0613 0.4126 0.3420 0.0972 0.0793 0.0074
70 0.0707 0.2126 0.4719 0.0171 0.2046 0.0231
71 0.1035 0.3291 0.3970 0.0279 0.1249 0.0179
72 0.0710 0.1444 0.1770 0.1688 0.2382 0.2006
73 0.0978 0.4521 0.2896 0.0282 0.1082 0.0241
74 0.2108 0.1904 0.1111 0.0663 0.3560 0.0653
75 0.0053 0.3936 0.5054 0.0739 0.0143 0.0079
76 0.0137 0.3401 0.5605 0.0134 0.0568 0.0153
77 0.1287 0.3665 0.2661 0.0470 0.1306 0.0612
78 0.1937 0.3591 0.2030 0.0271 0.1569 0.0600
79 0.0433 0.5884 0.1726 0.0026 0.1837 0.0092
80 0.0614 0.4536 0.1111 0.0071 0.3450 0.0219
81 0.0586 0.4395 0.1935 0.0879 0.1102 0.1102
82 0.0242 0.2996 0.5259 0.0133 0.0764 0.0609
83 0.0878 0.4568 0.2664 0.0323 0.0508 0.1060
84 0.0372 0.7964 0.0981 0.0396 0.0158 0.0131
85 0.0945 0.5034 0.1376 0.2065 0.0111 0.0468
86 0.0307 0.7617 0.0397 0.0999 0.0154 0.0526
87 0.0232 0.8105 0.1168 0.0241 0.0183 0.0069
88 0.0337 0.2268 0.4875 0.1940 0.0262 0.0317
89 0.0452 0.3064 0.1093 0.2971 0.1201 0.1219
90 0.1328 0.2368 0.2174 0.1371 0.1859 0.0899
91 0.0487 0.4766 0.4546 0.0060 0.0081 0.0060
92 0.0417 0.3870 0.5205 0.0162 0.0094 0.0249
93 0.0966 0.3069 0.1138 0.0845 0.3586 0.0396
94 0.0834 0.3352 0.3625 0.1583 0.0049 0.0556
95 0.0804 0.1675 0.2515 0.2117 0.1501 0.1388
96 0.0415 0.0751 0.0775 0.6797 0.0878 0.0384
97 0.0160 0.0180 0.0120 0.0061 0.9434 0.0048
98 0.0286 0.0809 0.0332 0.0075 0.8438 0.0061
99 0.0700 0.1426 0.0806 0.0139 0.6440 0.0489
100 0.0420 0.2363 0.1284 0.0245 0.5493 0.0192
101 0.0293 0.2111 0.0614 0.0559 0.6206 0.0217
102 0.0424 0.5986 0.2742 0.0363 0.0441 0.0044
103 0.1736 0.4434 0.2688 0.0157 0.0471 0.0513
104 0.0224 0.6587 0.2385 0.0266 0.0405 0.0134
105 0.0423 0.6362 0.1881 0.0273 0.0560 0.0498
106 0.0581 0.5259 0.2091 0.0965 0.0412 0.0695
107 0.0361 0.1892 0.1222 0.4070 0.0277 0.2178
108 0.0350 0.0815 0.0967 0.5566 0.0218 0.2081
109 0.0807 0.4470 0.2468 0.0619 0.0853 0.0782
110 0.0325 0.3186 0.4221 0.1248 0.0311 0.0711
111 0.0157 0.3958 0.1974 0.2457 0.0129 0.1326
112 0.0944 0.6299 0.1764 0.0443 0.0275 0.0275
113 0.0518 0.1821 0.0670 0.0059 0.6816 0.0114
114 0.0641 0.5415 0.2617 0.0093 0.1171 0.0062
115 0.1973 0.3953 0.3054 0.0491 0.0398 0.0132
116 0.1050 0.4287 0.3445 0.0227 0.0787 0.0204
117 0.0727 0.3362 0.2478 0.0584 0.2087 0.0762
118 0.0481 0.6641 0.1830 0.0123 0.0871 0.0057
119 0.0755 0.2915 0.4111 0.0548 0.0133 0.1537
120 0.0141 0.3088 0.2332 0.0222 0.4155 0.0062
121 0.1620 0.4136 0.1022 0.0490 0.2671 0.0062
122 0.0085 0.0089 0.0066 0.0141 0.9404 0.0214
123 0.0165 0.0164 0.0116 0.0067 0.9287 0.0201
124 0.0415 0.0393 0.0096 0.0051 0.8936 0.0109
125 0.0737 0.1168 0.1726 0.0255 0.3982 0.2131
126 0.0567 0.1239 0.1846 0.0215 0.5864 0.0268
127 0.0170 0.8740 0.0833 0.0073 0.0173 0.0010
128 0.1252 0.3098 0.2321 0.0610 0.2064 0.0654
129 0.0542 0.3701 0.4065 0.0471 0.0740 0.0482
130 0.0356 0.7676 0.1196 0.0578 0.0189 0.0005
131 0.0273 0.7036 0.1498 0.0163 0.0923 0.0108
132 0.0484 0.4629 0.3335 0.0830 0.0631 0.0092
133 0.0359 0.2959 0.0976 0.0889 0.2651 0.2166
134 0.2216 0.4512 0.2510 0.0057 0.0573 0.0131
135 0.1501 0.3203 0.3103 0.0760 0.0343 0.1089
136 0.2783 0.1989 0.2739 0.0335 0.1598 0.0557
137 0.0701 0.5601 0.3398 0.0091 0.0132 0.0076
138 0.1185 0.4951 0.2932 0.0551 0.0233 0.0146
139 0.0619 0.1937 0.3096 0.2488 0.1113 0.0747
140 0.2036 0.2656 0.3435 0.0531 0.0862 0.0480
141 0.0369 0.4001 0.3643 0.0980 0.0663 0.0344
142 0.1141 0.2571 0.3149 0.1971 0.0587 0.0578
143 0.0310 0.2086 0.1575 0.0744 0.2152 0.3132
144 0.0618 0.3367 0.3877 0.1128 0.0287 0.0723
145 0.0278 0.3391 0.5679 0.0323 0.0024 0.0306
146 0.3364 0.2944 0.3015 0.0155 0.0466 0.0055
147 0.2441 0.1665 0.3086 0.0941 0.1349 0.0516
148 0.1799 0.1991 0.3550 0.0933 0.1208 0.0519
149 0.0201 0.5469 0.2012 0.1404 0.0590 0.0326
150 0.0296 0.6235 0.1627 0.1118 0.0562 0.0161
151 0.0543 0.4954 0.2822 0.0284 0.1186 0.0213
152 0.0818 0.4673 0.3113 0.0128 0.1011 0.0256
153 0.1904 0.1249 0.2028 0.2563 0.1102 0.1155
154 0.0684 0.3020 0.2793 0.0485 0.2279 0.0740
155 0.0447 0.1729 0.1501 0.1729 0.3896 0.0698
156 0.0523 0.0612 0.1074 0.5806 0.0693 0.1295
157 0.1287 0.2991 0.1180 0.0227 0.4153 0.0161
158 0.0498 0.2957 0.3826 0.0233 0.1194 0.1292
159 0.0917 0.3201 0.3127 0.0273 0.2378 0.0105
160 0.1218 0.3364 0.2189 0.0678 0.2089 0.0462
161 0.0811 0.2722 0.3335 0.0811 0.1152 0.1171
162 0.1278 0.3340 0.1318 0.1127 0.1191 0.1747
163 0.0850 0.2517 0.1743 0.1207 0.1188 0.2496
164 0.0390 0.2336 0.1617 0.2030 0.0764 0.2861
165 0.0406 0.6880 0.2233 0.0206 0.0135 0.0142
166 0.0208 0.4963 0.4519 0.0074 0.0056 0.0181
167 0.0246 0.4714 0.4790 0.0093 0.0047 0.0111
168 0.0275 0.5737 0.3704 0.0079 0.0120 0.0087
169 0.0897 0.4961 0.0977 0.0312 0.2289 0.0565
170 0.0962 0.2438 0.1143 0.0876 0.2345 0.2238
171 0.0784 0.1824 0.1465 0.3462 0.1443 0.1023
172 0.1536 0.3489 0.2847 0.0194 0.1754 0.0182
173 0.1576 0.3870 0.2966 0.0278 0.0792 0.0519
174 0.2791 0.1858 0.1830 0.0722 0.1027 0.1774
175 0.0338 0.3806 0.5122 0.0178 0.0300 0.0259
176 0.0483 0.4209 0.2474 0.0507 0.0676 0.1649
177 0.0449 0.4094 0.3669 0.0123 0.1628 0.0037
178 0.1599 0.3333 0.1116 0.0548 0.0985 0.2419
179 0.1581 0.2908 0.1036 0.0509 0.0922 0.3047
180 0.1117 0.3308 0.1144 0.0335 0.3257 0.0837
181 0.0289 0.2939 0.4148 0.2053 0.0476 0.0095
182 0.0174 0.2686 0.4292 0.2522 0.0121 0.0206
183 0.0857 0.3086 0.4250 0.0224 0.1504 0.0081
184 0.1028 0.4004 0.1749 0.0629 0.2263 0.0326
185 0.1185 0.1836 0.1223 0.1396 0.0983 0.3376
186 0.0983 0.1986 0.1387 0.3274 0.1186 0.1186
187 0.3352 0.3125 0.1823 0.0174 0.1283 0.0243
188 0.0952 0.6709 0.1290 0.0248 0.0707 0.0094
189 0.0374 0.2120 0.2120 0.1135 0.3550 0.0699
190 0.0312 0.2913 0.6069 0.0483 0.0075 0.0146
191 0.0105 0.1081 0.8369 0.0351 0.0010 0.0083
192 0.1208 0.3962 0.2024 0.0850 0.1731 0.0224
193 0.0095 0.7588 0.2278 0.0018 0.0012 0.0009
194 0.0155 0.4829 0.4905 0.0028 0.0048 0.0036
195 0.0176 0.5913 0.2466 0.0833 0.0262 0.0350
196 0.0332 0.1411 0.4414 0.1812 0.0163 0.1869
197 0.0372 0.5469 0.3940 0.0040 0.0138 0.0040
198 0.0259 0.0849 0.2764 0.1049 0.0667 0.4414
199 0.0432 0.2229 0.4502 0.2299 0.0412 0.0127
200 0.0157 0.5244 0.4211 0.0223 0.0109 0.0056
201 0.0416 0.2065 0.2532 0.4583 0.0385 0.0019
202 0.0323 0.6035 0.0732 0.1991 0.0897 0.0020
203 0.0850 0.6685 0.2136 0.0151 0.0163 0.0016
204 0.1038 0.2527 0.2820 0.1053 0.2489 0.0072
205 0.0166 0.2352 0.4194 0.0669 0.0339 0.2280
206 0.0141 0.1517 0.3474 0.1720 0.0035 0.3113
207 0.0412 0.0586 0.3479 0.5391 0.0062 0.0069
208 0.0552 0.4343 0.2117 0.0298 0.1345 0.1345
209 0.1627 0.1815 0.1084 0.1932 0.0355 0.3186
210 0.1204 0.2649 0.0983 0.1054 0.0403 0.3708
211 0.1702 0.0779 0.4280 0.2363 0.0325 0.0553
212 0.0660 0.5234 0.3489 0.0175 0.0379 0.0061
213 0.4392 0.3877 0.0825 0.0121 0.0481 0.0304
214 0.3279 0.5156 0.0810 0.0296 0.0236 0.0223
215 0.3049 0.3945 0.0930 0.0982 0.0649 0.0446
216 0.0359 0.7925 0.1313 0.0087 0.0223 0.0094
217 0.0349 0.2500 0.2224 0.3472 0.0878 0.0576
218 0.0442 0.3369 0.3789 0.1183 0.1111 0.0107
219 0.2163 0.2048 0.0543 0.0983 0.2197 0.2064
220 0.1002 0.3933 0.0357 0.0215 0.1181 0.3313
221 0.0761 0.1826 0.1676 0.0084 0.5581 0.0071
222 0.0370 0.7905 0.1212 0.0381 0.0074 0.0057
223 0.0825 0.3018 0.3018 0.2225 0.0449 0.0466
224 0.0548 0.1768 0.3572 0.1224 0.2306 0.0583
225 0.0525 0.1020 0.2109 0.0060 0.6147 0.0137
226 0.2344 0.3254 0.2456 0.0540 0.1024 0.0383
227 0.2446 0.1012 0.0555 0.3789 0.0669 0.1531
228 0.0523 0.1356 0.1611 0.4050 0.0947 0.1514
229 0.2191 0.1964 0.4785 0.0402 0.0613 0.0044
230 0.2620 0.2499 0.1017 0.1296 0.1677 0.0891
231 0.0452 0.3042 0.1035 0.0116 0.5337 0.0019
232 0.0129 0.3799 0.1488 0.1465 0.2913 0.0208
233 0.1399 0.3081 0.2986 0.1700 0.0491 0.0343
234 0.0536 0.1772 0.1614 0.4819 0.0934 0.0323
235 0.0184 0.2659 0.1638 0.4248 0.0773 0.0500
236 0.0453 0.6401 0.1498 0.0394 0.1130 0.0123
237 0.1189 0.4182 0.1091 0.0978 0.0357 0.2203
238 0.1210 0.2351 0.1642 0.0035 0.4675 0.0085
239 0.2979 0.3706 0.1570 0.0361 0.1078 0.0307
240 0.0450 0.0656 0.0413 0.0052 0.8364 0.0064
241 0.0872 0.1483 0.1249 0.0083 0.6191 0.0121
242 0.0402 0.0706 0.1519 0.5728 0.0103 0.1542
243 0.0818 0.2725 0.2480 0.3552 0.0160 0.0264
244 0.0467 0.2373 0.2688 0.4165 0.0076 0.0231
245 0.2671 0.0828 0.1698 0.2588 0.1262 0.0953
246 0.0373 0.1880 0.1302 0.0188 0.5273 0.0983
247 0.0107 0.0980 0.0838 0.0086 0.7949 0.0037
248 0.0118 0.1487 0.0660 0.0596 0.7095 0.0044
249 0.0253 0.5376 0.2620 0.1296 0.0434 0.0020
250 0.1069 0.4983 0.2839 0.0304 0.0770 0.0033
251 0.0231 0.1180 0.0963 0.0040 0.7578 0.0009
252 0.0562 0.2313 0.3213 0.0663 0.2769 0.0481
253 0.1098 0.3684 0.3801 0.0198 0.1047 0.0170
254 0.1099 0.4666 0.3748 0.0120 0.0173 0.0196
255 0.0569 0.3628 0.5039 0.0227 0.0206 0.0332
256 0.0512 0.2837 0.5469 0.0201 0.0529 0.0456
257 0.0578 0.4766 0.3542 0.0131 0.0861 0.0120
258 0.0478 0.2708 0.1642 0.0375 0.4604 0.0195
259 0.0553 0.2103 0.1915 0.0285 0.5005 0.0138
260 0.1899 0.1575 0.2637 0.2764 0.0710 0.0414
261 0.1969 0.2339 0.2607 0.2129 0.0789 0.0165
262 0.1388 0.0487 0.1366 0.6123 0.0437 0.0197
