time exciting_prob fearful_prob tense_prob sad_prob relaxing_prob neutral_prob
0 0.1136 0.1553 0.1349 0.1288 0.0181 0.4492
1 0.1545 0.2064 0.2489 0.3003 0.0551 0.0348
2 0.3948 0.0534 0.1046 0.3484 0.0416 0.0573
3 0.7783 0.0347 0.0649 0.0894 0.0233 0.0096
4 0.5767 0.0281 0.0594 0.2725 0.0431 0.0201
5 0.1154 0.2480 0.4026 0.1493 0.0762 0.0086
6 0.0209 0.0331 0.2209 0.0177 0.7021 0.0053
7 0.1619 0.0201 0.4006 0.0096 0.4067 0.0011
8 0.3198 0.0213 0.4656 0.0017 0.1910 0.0005
9 0.4304 0.0305 0.4238 0.0062 0.1072 0.0019
10 0.0502 0.1114 0.7554 0.0510 0.0235 0.0087
11 0.0849 0.1057 0.6323 0.0955 0.0621 0.0195
12 0.0767 0.2325 0.5894 0.0371 0.0491 0.0151
13 0.1837 0.1837 0.3831 0.0772 0.1559 0.0164
14 0.1230 0.2465 0.3503 0.0770 0.1875 0.0156
15 0.0921 0.2771 0.4604 0.0757 0.0800 0.0145
16 0.0752 0.3267 0.2974 0.1449 0.0643 0.0914
17 0.1310 0.3450 0.2861 0.0928 0.1120 0.0331
18 0.4890 0.1049 0.2346 0.0477 0.0368 0.0870
19 0.0686 0.4509 0.3682 0.0183 0.0655 0.0284
20 0.4741 0.0458 0.2007 0.0607 0.0301 0.1886
21 0.3059 0.0891 0.2920 0.2238 0.0232 0.0662
22 0.7183 0.0689 0.1494 0.0220 0.0235 0.0181
23 0.2571 0.0430 0.1039 0.3684 0.0379 0.1896
24 0.2510 0.1453 0.3298 0.1608 0.0881 0.0252
25 0.5303 0.0192 0.2045 0.1920 0.0319 0.0222
26 0.6558 0.0223 0.1908 0.0777 0.0256 0.0281
27 0.1901 0.0768 0.2023 0.4087 0.0528 0.0694
28 0.2102 0.2849 0.2964 0.1000 0.0491 0.0593
29 0.3623 0.1571 0.3298 0.0429 0.0796 0.0282
30 0.1708 0.1361 0.2905 0.0914 0.0321 0.2793
31 0.0277 0.0821 0.3916 0.2163 0.0854 0.1969
32 0.1257 0.1732 0.3667 0.1414 0.0316 0.1615
33 0.4229 0.1847 0.2076 0.0600 0.0820 0.0428
34 0.1694 0.3423 0.3477 0.0418 0.0412 0.0576
35 0.2252 0.3892 0.2959 0.0404 0.0324 0.0170
36 0.1174 0.2544 0.2930 0.0659 0.0634 0.2061
37 0.0980 0.3474 0.5254 0.0126 0.0109 0.0056
38 0.1108 0.3718 0.3577 0.0580 0.0278 0.0738
39 0.2244 0.2262 0.4714 0.0193 0.0428 0.0160
40 0.1003 0.3391 0.5171 0.0231 0.0103 0.0099
41 0.2571 0.1954 0.3223 0.0565 0.1038 0.0649
42 0.0825 0.5425 0.3091 0.0323 0.0112 0.0224
43 0.1981 0.1655 0.2729 0.1790 0.0643 0.1202
44 0.5103 0.0435 0.3730 0.0199 0.0370 0.0164
45 0.1204 0.1213 0.3171 0.1418 0.0670 0.2321
46 0.0362 0.1740 0.5977 0.0479 0.0335 0.1106
47 0.1049 0.2023 0.3184 0.1901 0.0710 0.1135
48 0.1088 0.0991 0.1821 0.2957 0.0573 0.2568
49 0.3540 0.1030 0.2935 0.0895 0.0286 0.1312
50 0.2482 0.0837 0.3391 0.1248 0.0169 0.1873
51 0.3516 0.1699 0.3459 0.0388 0.0376 0.0561
52 0.1702 0.2939 0.3806 0.0677 0.0621 0.0255
53 0.1097 0.3516 0.3743 0.0969 0.0197 0.0479
54 0.1537 0.4734 0.3228 0.0247 0.0158 0.0095
55 0.2708 0.0872 0.2729 0.2389 0.0685 0.0618
56 0.0772 0.0835 0.2473 0.2695 0.0635 0.2590
57 0.4255 0.1027 0.3040 0.0844 0.0445 0.0390
58 0.0991 0.1214 0.3430 0.2130 0.0185 0.2048
59 0.0991 0.0748 0.5034 0.1595 0.0121 0.1511
60 0.2971 0.1732 0.4321 0.0402 0.0138 0.0435
61 0.3235 0.0647 0.2155 0.3040 0.0246 0.0678
62 0.3767 0.2285 0.1633 0.0605 0.0534 0.1176
63 0.0341 0.4700 0.2438 0.1550 0.0341 0.0631
64 0.0995 0.1903 0.3501 0.1309 0.2026 0.0266
65 0.0531 0.2134 0.4312 0.1367 0.0289 0.1367
66 0.1214 0.2002 0.3569 0.1753 0.0305 0.1158
67 0.0397 0.1194 0.4685 0.2820 0.0244 0.0659
68 0.1268 0.4463 0.3066 0.0872 0.0264 0.0067
69 0.1326 0.0829 0.1411 0.4592 0.0315 0.1526
70 0.1660 0.3921 0.2737 0.0835 0.0468 0.0379
71 0.2123 0.1979 0.3875 0.0812 0.1110 0.0102
72 0.2067 0.2454 0.4409 0.0692 0.0282 0.0097
73 0.1231 0.2795 0.1805 0.2566 0.0795 0.0807
74 0.1129 0.1416 0.0813 0.4941 0.0193 0.1508
75 0.0437 0.2825 0.0760 0.5532 0.0255 0.0194
76 0.1302 0.4172 0.2937 0.0841 0.0225 0.0522
77 0.0537 0.2157 0.3162 0.2462 0.0290 0.1393
78 0.2524 0.2045 0.2688 0.0929 0.1221 0.0595
79 0.0513 0.6353 0.2014 0.0696 0.0033 0.0391
80 0.0974 0.0209 0.0974 0.5645 0.0219 0.1981
81 0.2371 0.0690 0.0489 0.0096 0.6348 0.0009
82 0.1276 0.3157 0.2292 0.1049 0.0383 0.1842
83 0.0597 0.1274 0.2676 0.4277 0.0307 0.0869
84 0.2196 0.1407 0.1232 0.0224 0.4912 0.0028
85 0.1570 0.4170 0.1895 0.0370 0.0400 0.1595
86 0.0497 0.6401 0.2449 0.0460 0.0103 0.0092
87 0.0922 0.5688 0.3093 0.0079 0.0104 0.0111
88 0.0980 0.0272 0.1340 0.5137 0.0096 0.2175
89 0.2205 0.1976 0.1287 0.3416 0.0528 0.0589
90 0.1907 0.1923 0.1606 0.3218 0.0765 0.0582
91 0.5845 0.1854 0.1016 0.0977 0.0195 0.0111
92 0.4727 0.1149 0.1132 0.2216 0.0670 0.0108
93 0.2522 0.1060 0.1350 0.2664 0.1641 0.0763
94 0.2454 0.0869 0.1055 0.3921 0.0291 0.1410
95 0.1547 0.2216 0.2510 0.2491 0.0267 0.0968
96 0.1702 0.2986 0.2515 0.2515 0.0141 0.0143
97 0.1503 0.1490 0.3281 0.3035 0.0437 0.0255
98 0.0888 0.1559 0.1686 0.2632 0.0565 0.2673
99 0.1805 0.1045 0.3022 0.0490 0.2646 0.0989
100 0.1475 0.1185 0.2649 0.2249 0.0264 0.2179
101 0.3403 0.2888 0.1925 0.1464 0.0247 0.0071
102 0.2189 0.1436 0.2810 0.1873 0.0301 0.1392
103 0.4277 0.1913 0.0773 0.1216 0.0897 0.0925
104 0.5078 0.0925 0.1410 0.2100 0.0259 0.0232
105 0.0428 0.1359 0.1190 0.0229 0.6582 0.0212
106 0.1121 0.3096 0.2566 0.1112 0.1069 0.1036
107 0.0994 0.1108 0.2766 0.3870 0.0330 0.0933
108 0.1240 0.1567 0.4128 0.1249 0.0525 0.1289
109 0.0547 0.1851 0.4763 0.1522 0.0213 0.1105
110 0.2170 0.4153 0.2120 0.0185 0.0898 0.0473
111 0.1548 0.4309 0.2035 0.0315 0.0910 0.0883
112 0.1180 0.3550 0.3284 0.0312 0.0688 0.0986
113 0.2866 0.2147 0.3352 0.0494 0.0766 0.0373
114 0.1766 0.0945 0.2050 0.2512 0.0861 0.1866
115 0.2795 0.3401 0.2886 0.0490 0.0254 0.0175
116 0.2600 0.2330 0.2155 0.0473 0.1516 0.0927
117 0.0669 0.0915 0.2605 0.2487 0.0081 0.3242
118 0.1217 0.2186 0.5005 0.0320 0.1152 0.0120
119 0.3337 0.1338 0.1639 0.1075 0.2441 0.0168
120 0.2090 0.1993 0.4529 0.0541 0.0346 0.0500
121 0.1120 0.1580 0.5688 0.0590 0.0486 0.0537
122 0.1205 0.0889 0.2654 0.2166 0.0476 0.2612
123 0.0983 0.2163 0.3918 0.1711 0.0364 0.0861
124 0.1727 0.1366 0.3892 0.2019 0.0465 0.0531
125 0.0984 0.0810 0.0737 0.0889 0.0211 0.6367
126 0.0493 0.1147 0.2095 0.2839 0.0206 0.3218
127 0.2191 0.1846 0.1210 0.1191 0.2388 0.1173
128 0.0256 0.3477 0.4983 0.0179 0.0155 0.0951
129 0.4133 0.1384 0.2247 0.0490 0.0634 0.1112
130 0.2148 0.2825 0.2847 0.1031 0.0379 0.0772
131 0.0994 0.3389 0.3840 0.0637 0.0141 0.1002
132 0.4238 0.1168 0.3740 0.0172 0.0446 0.0237
133 0.0842 0.5620 0.3008 0.0282 0.0140 0.0109
134 0.0435 0.2771 0.5557 0.0375 0.0250 0.0614
135 0.0789 0.0997 0.2178 0.0228 0.5562 0.0248
136 0.0187 0.0632 0.0716 0.0159 0.7944 0.0363
137 0.0886 0.2837 0.4360 0.0879 0.0331 0.0706
138 0.3225 0.3655 0.1254 0.0201 0.1007 0.0656
139 0.1548 0.2435 0.4412 0.0407 0.0302 0.0896
140 0.4226 0.1996 0.2644 0.0349 0.0546 0.0240
141 0.0948 0.2205 0.6230 0.0303 0.0194 0.0119
142 0.2478 0.1915 0.0727 0.0598 0.4248 0.0033
143 0.0792 0.0864 0.0798 0.0267 0.7173 0.0105
144 0.0565 0.5576 0.3435 0.0271 0.0069 0.0085
145 0.0611 0.0420 0.0487 0.0569 0.7861 0.0051
146 0.2517 0.0756 0.1689 0.0519 0.4382 0.0139
147 0.2354 0.2976 0.2646 0.1735 0.0140 0.0150
148 0.1050 0.0448 0.1719 0.3262 0.0775 0.2747
149 0.3459 0.1621 0.2002 0.2341 0.0464 0.0110
150 0.6582 0.1025 0.0652 0.0117 0.1379 0.0244
151 0.0328 0.4092 0.4937 0.0390 0.0063 0.0190
152 0.2080 0.2888 0.1671 0.1311 0.0506 0.1545
153 0.1323 0.1365 0.3379 0.1097 0.2551 0.0286
154 0.4583 0.1141 0.1477 0.0875 0.1355 0.0569
155 0.1251 0.0339 0.5605 0.2301 0.0204 0.0297
156 0.1193 0.1450 0.1320 0.0674 0.5264 0.0103
157 0.1775 0.1761 0.3450 0.1735 0.0734 0.0546
158 0.3337 0.2443 0.3015 0.0325 0.0580 0.0299
159 0.0497 0.4128 0.2605 0.1804 0.0196 0.0770
160 0.0653 0.0375 0.0170 0.0418 0.8335 0.0049
161 0.2666 0.0839 0.1230 0.3020 0.0485 0.1761
162 0.4287 0.0558 0.0927 0.2600 0.1101 0.0528
163 0.0545 0.2461 0.1256 0.0512 0.5127 0.0098
164 0.0964 0.0818 0.0799 0.1127 0.6235 0.0056
165 0.2310 0.1057 0.1411 0.3132 0.1305 0.0786
166 0.1770 0.1008 0.1335 0.2515 0.1869 0.1501
167 0.1635 0.1022 0.1547 0.0487 0.4077 0.1234
168 0.3005 0.1940 0.1204 0.0655 0.3027 0.0168
169 0.4275 0.2737 0.0507 0.1377 0.0976 0.0129
170 0.4514 0.2306 0.0992 0.1187 0.0626 0.0376
171 0.2285 0.0790 0.1088 0.3979 0.0275 0.1583
172 0.5952 0.0124 0.1602 0.1436 0.0637 0.0251
173 0.5703 0.0413 0.1635 0.0687 0.1443 0.0118
174 0.6250 0.0429 0.1532 0.0669 0.1021 0.0099
175 0.3486 0.0909 0.4207 0.0616 0.0620 0.0161
176 0.4038 0.1104 0.2585 0.0501 0.0568 0.1203
177 0.1594 0.4797 0.1166 0.1194 0.0309 0.0938
178 0.0754 0.6562 0.1986 0.0394 0.0182 0.0122
179 0.2954 0.1046 0.1396 0.2179 0.2213 0.0211
180 0.2479 0.2810 0.1602 0.1652 0.0594 0.0864
181 0.0947 0.1974 0.2849 0.1913 0.0081 0.2236
182 0.1938 0.1451 0.1130 0.2412 0.0290 0.2776
183 0.4446 0.0698 0.2961 0.0962 0.0720 0.0211
184 0.7197 0.0373 0.1053 0.0644 0.0654 0.0076
185 0.2130 0.2800 0.3918 0.0400 0.0483 0.0269
186 0.1356 0.0720 0.0797 0.0939 0.5532 0.0656
187 0.4807 0.0171 0.1215 0.3008 0.0198 0.0602
188 0.0659 0.3401 0.5435 0.0180 0.0109 0.0217
189 0.0630 0.2065 0.6514 0.0340 0.0079 0.0370
190 0.4949 0.0675 0.0908 0.1078 0.0569 0.1820
191 0.0999 0.1168 0.1926 0.4548 0.0261 0.1097
192 0.1660 0.2305 0.2593 0.1511 0.0597 0.1334
193 0.3120 0.0518 0.1148 0.1658 0.0600 0.2954
194 0.3528 0.2173 0.2705 0.0892 0.0191 0.0512
195 0.1226 0.1008 0.1107 0.4924 0.0461 0.1274
196 0.2988 0.1715 0.3105 0.1161 0.0651 0.0380
197 0.3486 0.2081 0.3027 0.0803 0.0113 0.0490
198 0.1541 0.1678 0.2241 0.4155 0.0124 0.0260
199 0.1483 0.1068 0.2157 0.5015 0.0067 0.0209
200 0.1083 0.1117 0.2944 0.4558 0.0069 0.0229
201 0.4075 0.3740 0.1522 0.0216 0.0235 0.0213
202 0.1372 0.2408 0.3760 0.1279 0.0254 0.0928
203 0.1708 0.3701 0.2092 0.0752 0.0321 0.1427
204 0.1244 0.2306 0.3489 0.1635 0.0176 0.1151
205 0.3645 0.1981 0.2446 0.1567 0.0250 0.0110
206 0.1142 0.0869 0.0773 0.3984 0.0078 0.3152
207 0.1935 0.1681 0.2484 0.3020 0.0142 0.0740
208 0.5786 0.1354 0.0649 0.1105 0.0457 0.0649
209 0.0547 0.0370 0.1738 0.5107 0.0138 0.2097
210 0.1032 0.2515 0.3228 0.1989 0.0171 0.1064
211 0.3542 0.3301 0.1686 0.0772 0.0468 0.0232
212 0.3865 0.1688 0.1161 0.2400 0.0480 0.0404
213 0.2974 0.1052 0.1630 0.2644 0.0169 0.1531
214 0.2227 0.3672 0.2262 0.0806 0.0235 0.0800
215 0.1737 0.1582 0.2031 0.2820 0.0063 0.1765
216 0.1869 0.2515 0.3411 0.1757 0.0327 0.0120
217 0.1140 0.1104 0.2864 0.3347 0.0853 0.0691
218 0.0519 0.6221 0.1356 0.1151 0.0075 0.0677
219 0.1040 0.1346 0.4849 0.1255 0.0688 0.0823
220 0.0666 0.0587 0.1187 0.6416 0.0175 0.0969
221 0.3152 0.2117 0.2654 0.0698 0.0237 0.1142
222 0.1685 0.4724 0.2778 0.0277 0.0172 0.0364
223 0.1558 0.2146 0.1510 0.2529 0.0163 0.2096
224 0.5503 0.0541 0.0818 0.2683 0.0188 0.0266
225 0.4087 0.0677 0.1503 0.2944 0.0451 0.0338
226 0.2041 0.1182 0.2705 0.2260 0.0308 0.1505
227 0.4658 0.2435 0.1273 0.1072 0.0201 0.0359
228 0.3411 0.2917 0.2477 0.0688 0.0243 0.0263
229 0.1481 0.1843 0.4187 0.1034 0.0508 0.0948
230 0.2397 0.0790 0.1838 0.3892 0.0208 0.0875
231 0.2874 0.1490 0.0523 0.1514 0.0265 0.3333
232 0.1318 0.1027 0.3313 0.3313 0.0240 0.0787
233 0.4277 0.0656 0.1561 0.2896 0.0395 0.0215
234 0.3662 0.0499 0.1575 0.3547 0.0303 0.0414
235 0.5205 0.2742 0.0688 0.0225 0.0431 0.0710
236 0.0661 0.0661 0.2168 0.4810 0.0365 0.1335
237 0.4387 0.3962 0.0688 0.0424 0.0318 0.0220
238 0.0798 0.0622 0.2700 0.4385 0.0259 0.1237
239 0.2087 0.1316 0.0768 0.1691 0.0178 0.3960
240 0.1009 0.0536 0.1108 0.2656 0.0099 0.4592
241 0.3621 0.0867 0.1558 0.2488 0.0691 0.0777
242 0.6421 0.1727 0.0939 0.0327 0.0557 0.0029
243 0.6396 0.1020 0.1260 0.0260 0.0943 0.0122
244 0.6294 0.0928 0.1279 0.0513 0.0776 0.0209
245 0.7124 0.0762 0.1436 0.0116 0.0541 0.0021
246 0.1121 0.1555 0.1351 0.1289 0.0181 0.4502
247 0.1121 0.1555 0.1351 0.1289 0.0181 0.4502
248 0.1136 0.1553 0.1349 0.1288 0.0181 0.4492
249 0.1136 0.1553 0.1349 0.1288 0.0181 0.4492
