time exciting_prob fearful_prob tense_prob sad_prob relaxing_prob neutral_prob
0 0.0804 0.2291 0.2021 0.0993 0.3718 0.0173
1 0.0861 0.4688 0.3540 0.0123 0.0724 0.0064
2 0.1669 0.3818 0.1260 0.1111 0.1543 0.0599
3 0.1591 0.4426 0.2407 0.0381 0.1111 0.0084
4 0.0839 0.6709 0.2062 0.0120 0.0240 0.0031
5 0.1438 0.1847 0.2998 0.1270 0.2262 0.0187
6 0.2722 0.2054 0.1479 0.1757 0.1306 0.0682
7 0.1697 0.3916 0.2690 0.0670 0.0659 0.0367
8 0.0307 0.3306 0.5664 0.0265 0.0238 0.0220
9 0.0671 0.5117 0.3923 0.0068 0.0189 0.0028
10 0.1646 0.1272 0.2032 0.0555 0.2888 0.1608
11 0.1345 0.1688 0.3894 0.2307 0.0720 0.0045
12 0.1038 0.0385 0.5615 0.1038 0.0748 0.1177
13 0.0695 0.0886 0.7417 0.0161 0.0800 0.0042
14 0.1365 0.2433 0.4915 0.0748 0.0510 0.0028
15 0.3254 0.1755 0.2576 0.0511 0.1573 0.0330
16 0.3342 0.1788 0.1980 0.0328 0.2314 0.0246
17 0.1700 0.2343 0.2150 0.0491 0.3228 0.0088
18 0.0963 0.4087 0.1677 0.0884 0.2205 0.0182
19 0.0970 0.1799 0.6089 0.0580 0.0402 0.0162
20 0.1837 0.2216 0.5195 0.0578 0.0085 0.0090
21 0.0574 0.1072 0.2050 0.4841 0.0703 0.0760
22 0.1681 0.2227 0.2524 0.1340 0.1949 0.0279
23 0.1506 0.4094 0.3394 0.0215 0.0554 0.0235
24 0.2258 0.2766 0.2520 0.0386 0.1425 0.0647
25 0.1569 0.5347 0.1497 0.0581 0.0795 0.0212
26 0.0985 0.4521 0.3413 0.0750 0.0065 0.0267
27 0.2079 0.2338 0.2932 0.0681 0.0795 0.1176
28 0.1881 0.2166 0.5361 0.0370 0.0174 0.0049
29 0.1289 0.1320 0.5430 0.1484 0.0350 0.0128
30 0.0950 0.2974 0.4128 0.1299 0.0505 0.0145
31 0.1921 0.6201 0.1321 0.0337 0.0177 0.0042
32 0.3762 0.2429 0.2751 0.0082 0.0944 0.0032
33 0.0233 0.4675 0.4324 0.0272 0.0449 0.0046
34 0.2142 0.1484 0.4163 0.0914 0.0807 0.0490
35 0.0790 0.2651 0.4438 0.0967 0.0601 0.0551
36 0.1705 0.1887 0.3726 0.0684 0.1815 0.0183
37 0.1130 0.2954 0.4946 0.0654 0.0273 0.0043
38 0.0591 0.1486 0.6064 0.0808 0.0670 0.0382
39 0.1973 0.3545 0.1796 0.0362 0.2117 0.0210
40 0.0592 0.2341 0.5034 0.1334 0.0514 0.0183
41 0.0422 0.2842 0.3591 0.1750 0.0922 0.0471
42 0.0692 0.5269 0.3679 0.0189 0.0095 0.0076
43 0.0391 0.5273 0.3860 0.0291 0.0106 0.0077
44 0.1271 0.1045 0.5264 0.0555 0.1037 0.0826
45 0.0836 0.1702 0.6323 0.0444 0.0544 0.0153
46 0.1508 0.0746 0.4829 0.1951 0.0619 0.0347
47 0.1296 0.1827 0.5005 0.1199 0.0622 0.0048
48 0.0801 0.1321 0.4231 0.1484 0.0801 0.1362
49 0.1587 0.0993 0.5371 0.1236 0.0374 0.0441
50 0.1543 0.2859 0.3787 0.1279 0.0272 0.0260
51 0.2122 0.2878 0.3311 0.0445 0.0920 0.0325
52 0.0947 0.2805 0.4961 0.0755 0.0404 0.0129
53 0.0459 0.2859 0.5508 0.1060 0.0067 0.0045
54 0.0770 0.0231 0.6655 0.1417 0.0337 0.0591
55 0.0641 0.3306 0.5625 0.0216 0.0168 0.0043
56 0.1233 0.0615 0.5229 0.1149 0.0214 0.1559
57 0.1197 0.0682 0.5078 0.1514 0.0395 0.1133
58 0.3435 0.1598 0.3462 0.1039 0.0300 0.0166
59 0.5571 0.1313 0.2651 0.0185 0.0245 0.0035
60 0.1089 0.0666 0.5493 0.1206 0.1048 0.0499
61 0.1450 0.0659 0.5781 0.0497 0.1417 0.0195
62 0.1273 0.0939 0.6416 0.0625 0.0552 0.0197
63 0.1111 0.1404 0.2771 0.1483 0.2297 0.0935
64 0.2314 0.1566 0.3640 0.1060 0.0957 0.0463
65 0.1276 0.1799 0.5415 0.0870 0.0566 0.0072
66 0.2832 0.1626 0.3782 0.0325 0.1327 0.0107
67 0.1522 0.2114 0.3567 0.0999 0.0874 0.0923
68 0.1910 0.3381 0.2166 0.0289 0.2083 0.0172
69 0.1443 0.3860 0.1584 0.0211 0.2781 0.0120
70 0.1733 0.3447 0.2834 0.0800 0.0935 0.0252
71 0.1616 0.2427 0.3560 0.1555 0.0590 0.0252
72 0.0487 0.1853 0.6675 0.0511 0.0305 0.0170
73 0.0977 0.2961 0.5620 0.0090 0.0227 0.0127
74 0.0859 0.6104 0.1776 0.0513 0.0425 0.0323
75 0.0358 0.7021 0.2209 0.0138 0.0177 0.0096
76 0.2411 0.3823 0.3455 0.0076 0.0206 0.0030
77 0.2365 0.1885 0.4966 0.0368 0.0389 0.0029
78 0.0975 0.1070 0.6558 0.0510 0.0685 0.0204
79 0.1285 0.1638 0.4487 0.0688 0.1246 0.0657
80 0.1356 0.1410 0.4114 0.1188 0.1561 0.0371
81 0.1248 0.1210 0.4092 0.0858 0.2157 0.0435
82 0.0516 0.2771 0.5015 0.0633 0.0358 0.0706
83 0.0589 0.4153 0.4421 0.0622 0.0139 0.0074
84 0.0496 0.2856 0.5952 0.0485 0.0140 0.0071
85 0.0731 0.0731 0.6719 0.1097 0.0676 0.0045
86 0.1160 0.0671 0.5239 0.1073 0.1755 0.0101
87 0.2554 0.2637 0.3835 0.0225 0.0672 0.0077
88 0.3389 0.1814 0.3962 0.0234 0.0492 0.0107
89 0.0941 0.1469 0.5850 0.1108 0.0466 0.0166
90 0.2487 0.1892 0.4539 0.0110 0.0900 0.0074
91 0.2371 0.1616 0.4128 0.0794 0.0695 0.0396
92 0.1948 0.2925 0.3420 0.0508 0.1051 0.0146
93 0.2837 0.0928 0.3474 0.0886 0.1137 0.0740
94 0.4084 0.3335 0.1757 0.0193 0.0602 0.0029
95 0.3494 0.2153 0.2808 0.0721 0.0473 0.0352
96 0.4280 0.3413 0.1368 0.0274 0.0641 0.0025
97 0.3081 0.3105 0.2964 0.0380 0.0401 0.0068
98 0.1617 0.3760 0.3479 0.0555 0.0559 0.0031
99 0.0948 0.3135 0.3184 0.0222 0.0144 0.2366
100 0.0945 0.0759 0.6606 0.1087 0.0243 0.0359
101 0.1765 0.0457 0.6211 0.1140 0.0337 0.0089
102 0.0622 0.0511 0.7754 0.0627 0.0323 0.0161
103 0.0854 0.0766 0.4143 0.2512 0.0348 0.1377
104 0.2852 0.3308 0.2598 0.0392 0.0602 0.0247
105 0.1017 0.0180 0.3284 0.3608 0.0721 0.1190
106 0.0943 0.2708 0.3423 0.1003 0.1155 0.0770
107 0.1617 0.0839 0.4067 0.1921 0.0634 0.0922
108 0.1349 0.2703 0.1978 0.0396 0.0871 0.2703
109 0.2581 0.2925 0.2313 0.0818 0.1059 0.0306
110 0.0783 0.0439 0.1261 0.1087 0.5610 0.0821
111 0.2476 0.1549 0.4663 0.0798 0.0298 0.0216
112 0.0565 0.1132 0.4915 0.0999 0.0275 0.2114
113 0.2927 0.1372 0.5020 0.0439 0.0229 0.0011
114 0.3330 0.2252 0.3801 0.0239 0.0330 0.0047
115 0.1603 0.3784 0.1541 0.0177 0.2856 0.0040
116 0.2976 0.2688 0.3398 0.0387 0.0521 0.0031
117 0.3086 0.2023 0.4316 0.0383 0.0165 0.0027
118 0.2886 0.1095 0.2030 0.1005 0.0840 0.2145
119 0.2354 0.2773 0.4363 0.0214 0.0277 0.0019
120 0.1488 0.3379 0.4270 0.0334 0.0410 0.0118
121 0.1564 0.1296 0.5591 0.0528 0.0374 0.0647
122 0.0299 0.2583 0.7017 0.0033 0.0026 0.0042
123 0.0978 0.4629 0.2920 0.0911 0.0272 0.0291
124 0.3711 0.1699 0.1186 0.0778 0.0953 0.1672
125 0.3098 0.1440 0.1396 0.1364 0.0748 0.1954
126 0.1783 0.5117 0.1610 0.0368 0.0284 0.0836
127 0.1478 0.4312 0.3203 0.0191 0.0779 0.0036
128 0.1804 0.3167 0.2976 0.1709 0.0281 0.0062
129 0.1582 0.2488 0.4612 0.0789 0.0475 0.0054
130 0.1373 0.5186 0.1670 0.0654 0.0753 0.0364
131 0.0411 0.7998 0.0738 0.0242 0.0298 0.0315
132 0.0198 0.4907 0.4070 0.0409 0.0124 0.0293
133 0.3811 0.1915 0.1481 0.2120 0.0395 0.0278
134 0.2346 0.0536 0.5762 0.0187 0.0919 0.0249
135 0.1573 0.1489 0.0666 0.0423 0.5039 0.0810
136 0.1532 0.4541 0.1848 0.0670 0.0908 0.0501
137 0.1555 0.1736 0.4536 0.0460 0.0826 0.0886
138 0.1680 0.1494 0.5254 0.1042 0.0210 0.0320
139 0.0744 0.2384 0.6279 0.0346 0.0077 0.0167
140 0.1351 0.1748 0.5732 0.1028 0.0101 0.0041
141 0.0747 0.0691 0.8091 0.0258 0.0135 0.0076
142 0.1189 0.0515 0.4851 0.2401 0.0263 0.0779
143 0.0709 0.3545 0.4768 0.0773 0.0132 0.0074
144 0.0720 0.0552 0.6030 0.2184 0.0245 0.0269
145 0.0842 0.6030 0.1064 0.0954 0.0791 0.0320
146 0.0660 0.2434 0.4272 0.1476 0.0298 0.0861
147 0.0551 0.2930 0.2886 0.0937 0.0304 0.2393
148 0.1117 0.0607 0.4417 0.1613 0.0532 0.1716
149 0.1477 0.1196 0.6318 0.0635 0.0226 0.0149
150 0.0919 0.4707 0.1887 0.0528 0.1576 0.0383
151 0.0280 0.4419 0.5010 0.0107 0.0097 0.0087
152 0.1566 0.0879 0.2837 0.4258 0.0082 0.0378
153 0.0359 0.2032 0.3979 0.2267 0.0293 0.1071
154 0.0265 0.2632 0.4841 0.1571 0.0510 0.0181
155 0.0092 0.8062 0.0792 0.0693 0.0111 0.0249
156 0.0082 0.8042 0.0841 0.0736 0.0221 0.0080
157 0.2156 0.2386 0.4355 0.0734 0.0281 0.0088
158 0.1956 0.2825 0.2612 0.1344 0.0991 0.0273
159 0.0790 0.0464 0.2303 0.0714 0.0620 0.5107
160 0.0549 0.1600 0.4558 0.1390 0.0598 0.1306
161 0.3020 0.1566 0.3213 0.1720 0.0369 0.0111
162 0.0961 0.2512 0.5239 0.0237 0.0592 0.0458
163 0.0630 0.0271 0.4375 0.3054 0.0848 0.0822
164 0.0624 0.0569 0.4949 0.3298 0.0151 0.0410
165 0.0906 0.0316 0.1844 0.3784 0.1059 0.2090
166 0.0930 0.3196 0.5435 0.0293 0.0128 0.0018
167 0.1981 0.3318 0.3909 0.0474 0.0316 0.0004
168 0.1467 0.3010 0.5078 0.0168 0.0269 0.0005
169 0.0934 0.0378 0.3875 0.3162 0.1318 0.0333
170 0.1171 0.2681 0.4851 0.0811 0.0343 0.0143
171 0.1458 0.3899 0.2876 0.0553 0.0941 0.0274
172 0.5288 0.1492 0.2537 0.0365 0.0261 0.0059
173 0.6421 0.1107 0.1315 0.0709 0.0404 0.0047
174 0.1447 0.2056 0.4705 0.0673 0.0558 0.0562
175 0.3323 0.2231 0.3220 0.0569 0.0461 0.0195
176 0.0946 0.2961 0.5708 0.0267 0.0101 0.0018
177 0.1613 0.0891 0.2700 0.1716 0.1180 0.1901
178 0.1959 0.0933 0.4592 0.0756 0.1134 0.0626
179 0.2524 0.2012 0.4065 0.0679 0.0659 0.0061
180 0.0724 0.1462 0.7603 0.0096 0.0109 0.0008
181 0.3857 0.1865 0.3298 0.0342 0.0587 0.0048
182 0.1700 0.2003 0.4551 0.0862 0.0709 0.0175
183 0.0928 0.1654 0.3845 0.2603 0.0757 0.0214
184 0.1277 0.1267 0.2832 0.0378 0.4121 0.0125
185 0.1315 0.1715 0.5366 0.1216 0.0245 0.0142
186 0.2327 0.1841 0.5083 0.0499 0.0182 0.0070
187 0.2561 0.2812 0.4221 0.0053 0.0303 0.0051
188 0.3677 0.2607 0.1968 0.0457 0.0681 0.0610
189 0.2764 0.2744 0.4023 0.0132 0.0274 0.0064
190 0.1202 0.3452 0.4263 0.0581 0.0432 0.0070
191 0.1763 0.4983 0.2194 0.0486 0.0538 0.0036
192 0.4373 0.2034 0.1823 0.1442 0.0309 0.0021
193 0.2783 0.0779 0.1501 0.4663 0.0211 0.0060
194 0.2416 0.3459 0.1387 0.2416 0.0195 0.0127
195 0.1835 0.0718 0.1281 0.4988 0.0526 0.0654
196 0.2246 0.1520 0.1362 0.2710 0.0595 0.1567
197 0.2126 0.1532 0.1373 0.2773 0.0614 0.1581
198 0.3064 0.1774 0.1257 0.2313 0.0613 0.0980
199 0.6562 0.1823 0.0479 0.0416 0.0625 0.0094
