time exciting_prob fearful_prob tense_prob sad_prob relaxing_prob neutral_prob
0 0.4165 0.2732 0.1121 0.0989 0.0735 0.0260
1 0.3467 0.0876 0.2421 0.1237 0.0508 0.1492
2 0.1715 0.0750 0.2874 0.2917 0.0548 0.1198
3 0.5869 0.0936 0.2299 0.0181 0.0695 0.0021
4 0.2583 0.0728 0.2502 0.3115 0.0478 0.0594
5 0.4128 0.1028 0.2109 0.1340 0.1028 0.0367
6 0.2561 0.1136 0.3447 0.1844 0.0525 0.0485
7 0.1555 0.1320 0.2839 0.2505 0.0471 0.1310
8 0.1417 0.1792 0.2336 0.2607 0.0242 0.1606
9 0.1572 0.3276 0.3772 0.0645 0.0454 0.0280
10 0.1257 0.0728 0.3696 0.1517 0.0338 0.2462
11 0.2693 0.2130 0.3005 0.1195 0.0615 0.0362
12 0.3027 0.2321 0.3074 0.0714 0.0629 0.0235
13 0.1984 0.3025 0.2549 0.1545 0.0569 0.0329
14 0.2649 0.1632 0.3538 0.0450 0.0288 0.1440
15 0.3306 0.3491 0.1501 0.0263 0.0174 0.1265
16 0.1390 0.2023 0.5244 0.0710 0.0386 0.0247
17 0.3909 0.2013 0.3560 0.0163 0.0313 0.0043
18 0.0482 0.7148 0.1620 0.0340 0.0160 0.0250
19 0.1641 0.3696 0.2444 0.0673 0.0668 0.0878
20 0.1238 0.3289 0.1278 0.0580 0.1075 0.2542
21 0.4060 0.2074 0.1693 0.0213 0.0995 0.0964
22 0.4695 0.1187 0.1622 0.1007 0.1254 0.0236
23 0.4807 0.1661 0.2554 0.0141 0.0720 0.0118
24 0.2490 0.2510 0.3379 0.0364 0.0348 0.0909
25 0.2467 0.1848 0.4399 0.0464 0.0367 0.0456
26 0.3120 0.4102 0.2063 0.0045 0.0629 0.0040
27 0.1456 0.2808 0.0699 0.0484 0.1246 0.3308
28 0.1742 0.3806 0.1637 0.0631 0.0454 0.1729
29 0.0956 0.1746 0.1614 0.0576 0.1296 0.3811
30 0.1595 0.1105 0.4580 0.0615 0.0152 0.1954
31 0.1726 0.1345 0.5444 0.0447 0.0149 0.0889
32 0.2494 0.3279 0.1700 0.0388 0.0896 0.1244
33 0.1057 0.3958 0.2069 0.1368 0.1170 0.0377
34 0.2051 0.1313 0.3381 0.1072 0.0286 0.1897
35 0.1927 0.1548 0.1315 0.1399 0.0803 0.3008
36 0.3503 0.1438 0.1394 0.0550 0.0782 0.2334
37 0.3389 0.0857 0.1447 0.2329 0.0313 0.1665
38 0.2178 0.1921 0.3047 0.0559 0.0297 0.1998
39 0.1180 0.0805 0.1539 0.1392 0.0341 0.4744
40 0.3359 0.3633 0.1960 0.0641 0.0289 0.0117
41 0.3704 0.2354 0.2505 0.0412 0.0764 0.0262
42 0.1066 0.4524 0.1010 0.0229 0.0204 0.2966
43 0.2646 0.1450 0.3760 0.0735 0.0981 0.0428
44 0.1125 0.3083 0.1108 0.0227 0.3333 0.1125
45 0.2328 0.1960 0.3867 0.0238 0.0738 0.0870
46 0.0625 0.0660 0.2284 0.1954 0.0209 0.4268
47 0.2563 0.2280 0.2771 0.0339 0.1681 0.0364
48 0.1093 0.0892 0.4749 0.1859 0.0067 0.1339
49 0.1696 0.1044 0.0801 0.1373 0.1497 0.3589
50 0.3989 0.2457 0.2186 0.0588 0.0626 0.0152
51 0.2603 0.1531 0.2316 0.0819 0.0674 0.2059
52 0.1703 0.0383 0.2517 0.1469 0.0208 0.3721
53 0.2847 0.2654 0.3127 0.0253 0.0201 0.0917
54 0.2754 0.1157 0.3025 0.1232 0.0164 0.1670
55 0.4414 0.1356 0.1573 0.0359 0.1082 0.1216
56 0.0869 0.4377 0.2593 0.0420 0.0286 0.1455
57 0.0982 0.2338 0.2842 0.0930 0.0381 0.2527
58 0.0596 0.0252 0.0983 0.6211 0.0151 0.1808
59 0.1055 0.0703 0.1852 0.3459 0.0150 0.2781
60 0.0836 0.0492 0.1587 0.5625 0.0122 0.1337
61 0.0286 0.0855 0.1477 0.1754 0.0054 0.5576
62 0.0880 0.1183 0.2354 0.0559 0.0041 0.4983
63 0.0481 0.0458 0.1390 0.5586 0.0093 0.1992
64 0.0628 0.0399 0.1020 0.4644 0.0217 0.3093
65 0.0816 0.0269 0.2361 0.3127 0.0579 0.2847
66 0.0952 0.0367 0.1805 0.2546 0.0624 0.3706
67 0.1086 0.0443 0.0776 0.3975 0.0214 0.3506
68 0.0299 0.0701 0.0254 0.0663 0.0186 0.7896
69 0.0436 0.0506 0.0848 0.2532 0.0237 0.5439
70 0.0423 0.0451 0.1868 0.1782 0.0154 0.5322
71 0.0628 0.0409 0.0384 0.0679 0.0129 0.7773
72 0.0199 0.0341 0.0677 0.1869 0.0182 0.6733
73 0.0909 0.0923 0.1954 0.0841 0.0457 0.4915
74 0.0514 0.1453 0.0998 0.4543 0.0208 0.2285
75 0.0904 0.0454 0.1561 0.3987 0.0749 0.2344
76 0.0712 0.0629 0.0648 0.1708 0.0199 0.6104
77 0.0300 0.1572 0.3833 0.0312 0.0151 0.3833
78 0.0209 0.0546 0.1819 0.5430 0.0027 0.1967
79 0.0116 0.0406 0.4302 0.0256 0.0047 0.4873
80 0.0159 0.0396 0.0210 0.0728 0.0041 0.8467
81 0.1072 0.0265 0.0931 0.1466 0.0191 0.6074
82 0.0309 0.0197 0.0766 0.1409 0.0109 0.7212
83 0.0699 0.0389 0.1161 0.3467 0.0234 0.4053
84 0.0587 0.0256 0.1088 0.4138 0.0223 0.3708
85 0.0684 0.1190 0.2703 0.1505 0.0194 0.3723
86 0.1201 0.1027 0.2123 0.2090 0.1565 0.1995
87 0.2524 0.1331 0.1776 0.2194 0.0801 0.1373
88 0.1228 0.0699 0.0979 0.4253 0.0652 0.2189
89 0.1747 0.1119 0.1248 0.2971 0.1339 0.1577
90 0.2076 0.2126 0.1543 0.1669 0.0304 0.2281
91 0.0930 0.0707 0.1921 0.3674 0.0240 0.2527
92 0.0933 0.0743 0.1255 0.2554 0.0335 0.4180
93 0.0415 0.0299 0.1460 0.2949 0.0308 0.4568
94 0.0511 0.1151 0.1443 0.0630 0.0511 0.5752
95 0.1433 0.2053 0.1943 0.0255 0.0626 0.3689
96 0.0792 0.1171 0.0774 0.0870 0.0354 0.6040
97 0.1359 0.2008 0.1135 0.0438 0.0462 0.4597
98 0.0428 0.2058 0.1874 0.0326 0.0341 0.4976
99 0.1132 0.2803 0.2781 0.0440 0.0235 0.2612
100 0.1212 0.3975 0.2886 0.0252 0.0591 0.1086
101 0.1284 0.3491 0.2362 0.0519 0.0955 0.1389
102 0.1635 0.4768 0.2654 0.0307 0.0247 0.0391
103 0.1086 0.0886 0.2625 0.1427 0.2408 0.1567
104 0.0831 0.0384 0.1666 0.0225 0.6284 0.0608
105 0.0846 0.0292 0.2094 0.4502 0.0331 0.1936
106 0.0431 0.0383 0.1650 0.2023 0.0662 0.4851
107 0.2144 0.0894 0.2317 0.1520 0.0880 0.2246
108 0.0892 0.1415 0.0668 0.1438 0.0246 0.5342
109 0.1340 0.5059 0.2094 0.0344 0.0254 0.0908
110 0.0862 0.1389 0.1000 0.0687 0.0123 0.5938
111 0.1586 0.0954 0.1610 0.3464 0.0253 0.2134
112 0.1379 0.0657 0.2383 0.4116 0.0210 0.1256
113 0.0853 0.1833 0.1342 0.0707 0.0281 0.4985
114 0.1121 0.1937 0.5435 0.0685 0.0137 0.0685
115 0.0990 0.0629 0.1312 0.3098 0.0175 0.3796
116 0.1696 0.3118 0.2372 0.0922 0.0237 0.1656
117 0.1489 0.3628 0.3435 0.0430 0.0227 0.0791
118 0.2197 0.0457 0.3457 0.1698 0.0560 0.1632
119 0.0992 0.0380 0.2380 0.3464 0.2168 0.0616
120 0.2244 0.2406 0.2124 0.0995 0.0653 0.1578
121 0.0969 0.2117 0.5576 0.0565 0.0458 0.0315
122 0.1804 0.1221 0.4756 0.0873 0.0403 0.0944
123 0.1417 0.2095 0.2842 0.1764 0.0860 0.1021
124 0.0444 0.4146 0.4082 0.0626 0.0202 0.0503
125 0.0262 0.3313 0.4255 0.0408 0.0068 0.1693
126 0.1119 0.1603 0.2261 0.3091 0.0445 0.1482
127 0.0948 0.0499 0.2742 0.1613 0.0392 0.3806
128 0.0759 0.1498 0.4912 0.1232 0.0307 0.1292
129 0.0408 0.1257 0.3640 0.0745 0.0076 0.3875
130 0.0586 0.1260 0.3704 0.0915 0.0110 0.3425
131 0.0521 0.1472 0.5142 0.1655 0.0134 0.1077
132 0.1013 0.0989 0.4297 0.1175 0.0115 0.2411
133 0.1681 0.0858 0.3848 0.1094 0.0240 0.2279
134 0.1804 0.2126 0.4397 0.0501 0.0435 0.0735
135 0.0881 0.1282 0.4270 0.0592 0.0197 0.2778
136 0.1509 0.3374 0.4299 0.0281 0.0138 0.0400
137 0.4185 0.1447 0.1744 0.0508 0.1042 0.1075
138 0.0617 0.0919 0.4739 0.2659 0.0088 0.0978
139 0.2296 0.1553 0.2463 0.1268 0.0576 0.1844
140 0.0836 0.0698 0.5039 0.0862 0.0107 0.2456
141 0.0553 0.0265 0.2681 0.3721 0.0181 0.2598
142 0.0490 0.0591 0.4165 0.1157 0.0453 0.3145
143 0.1031 0.1254 0.3801 0.0666 0.0239 0.3008
144 0.2084 0.2739 0.3435 0.0125 0.1537 0.0080
145 0.0477 0.1758 0.5088 0.1504 0.0140 0.1033
146 0.0211 0.0610 0.6763 0.0564 0.0030 0.1820
147 0.0601 0.0601 0.5029 0.1510 0.0230 0.2031
148 0.0503 0.1411 0.3357 0.1346 0.0179 0.3203
149 0.0780 0.0805 0.2087 0.4561 0.0089 0.1677
150 0.1260 0.2161 0.3562 0.0840 0.0115 0.2062
151 0.0998 0.0742 0.3196 0.2610 0.0153 0.2302
152 0.0453 0.4097 0.4790 0.0369 0.0058 0.0235
153 0.1321 0.2281 0.1520 0.4067 0.0286 0.0525
154 0.0732 0.3035 0.2457 0.2496 0.0682 0.0598
155 0.0588 0.0804 0.0532 0.1914 0.0667 0.5493
156 0.1508 0.6245 0.0788 0.0285 0.0120 0.1052
157 0.1992 0.4421 0.2104 0.0336 0.0622 0.0524
158 0.4998 0.1768 0.2150 0.0351 0.0216 0.0518
159 0.1127 0.5293 0.2578 0.0341 0.0308 0.0355
160 0.1573 0.2573 0.2515 0.2325 0.0310 0.0704
161 0.4141 0.1234 0.2612 0.0535 0.0237 0.1243
162 0.0914 0.4680 0.2228 0.1061 0.0706 0.0412
163 0.1588 0.5811 0.1492 0.0313 0.0566 0.0231
164 0.1194 0.4436 0.0471 0.0665 0.1486 0.1750
165 0.2267 0.1407 0.3918 0.0742 0.0247 0.1418
166 0.1508 0.1920 0.0533 0.1270 0.0375 0.4395
167 0.1809 0.3250 0.1926 0.1196 0.0105 0.1713
168 0.1653 0.4897 0.1339 0.0706 0.0168 0.1238
169 0.0811 0.4775 0.1799 0.1143 0.0327 0.1143
170 0.0643 0.7422 0.1183 0.0456 0.0082 0.0215
171 0.0794 0.7417 0.1220 0.0290 0.0052 0.0226
172 0.1379 0.4417 0.3308 0.0411 0.0325 0.0161
173 0.1320 0.3728 0.1935 0.0900 0.0272 0.1846
174 0.3872 0.1652 0.2944 0.0396 0.0431 0.0705
175 0.1020 0.4500 0.3318 0.0201 0.0262 0.0701
176 0.2291 0.1885 0.1716 0.0870 0.0540 0.2700
177 0.1520 0.4038 0.2886 0.0390 0.0397 0.0770
178 0.2090 0.3137 0.4255 0.0078 0.0372 0.0069
179 0.0834 0.5933 0.1925 0.0235 0.0468 0.0606
180 0.3450 0.3069 0.2158 0.0262 0.0950 0.0111
181 0.1238 0.3472 0.3210 0.0799 0.0287 0.0994
182 0.1212 0.5391 0.1251 0.0664 0.0654 0.0827
183 0.1147 0.1833 0.4539 0.2212 0.0221 0.0048
184 0.1127 0.1517 0.6587 0.0402 0.0257 0.0108
185 0.0801 0.1832 0.4001 0.2316 0.1012 0.0037
186 0.1746 0.4744 0.2581 0.0532 0.0238 0.0160
187 0.3601 0.2634 0.2717 0.0816 0.0184 0.0048
188 0.4529 0.1542 0.2971 0.0477 0.0438 0.0043
189 0.0381 0.0190 0.0446 0.7905 0.0279 0.0795
190 0.1501 0.1082 0.3384 0.3279 0.0523 0.0232
191 0.3149 0.1534 0.2778 0.1794 0.0506 0.0239
192 0.2314 0.1654 0.2058 0.3447 0.0254 0.0272
193 0.1406 0.0908 0.2355 0.4539 0.0199 0.0595
194 0.2428 0.0801 0.4065 0.2280 0.0352 0.0074
195 0.2690 0.2161 0.3508 0.0989 0.0521 0.0131
196 0.3130 0.2021 0.3660 0.0829 0.0225 0.0134
197 0.2759 0.1304 0.1987 0.3435 0.0223 0.0293
198 0.0801 0.4038 0.3794 0.0853 0.0345 0.0167
199 0.3025 0.1462 0.4758 0.0468 0.0243 0.0043
200 0.1769 0.1225 0.6172 0.0630 0.0125 0.0077
201 0.2483 0.0906 0.4568 0.0921 0.0576 0.0546
202 0.3186 0.2441 0.2725 0.0496 0.0994 0.0159
203 0.2773 0.0764 0.1997 0.2729 0.0581 0.1156
204 0.1541 0.0805 0.2969 0.3752 0.0306 0.0627
205 0.5977 0.0815 0.2866 0.0104 0.0218 0.0020
206 0.4004 0.1156 0.4036 0.0231 0.0517 0.0058
207 0.4697 0.1142 0.3081 0.0557 0.0407 0.0118
208 0.0627 0.0599 0.3965 0.4028 0.0057 0.0722
209 0.4009 0.0730 0.4614 0.0302 0.0163 0.0182
210 0.3445 0.1493 0.4287 0.0222 0.0477 0.0077
211 0.3513 0.0923 0.4690 0.0271 0.0376 0.0226
212 0.2522 0.0396 0.4712 0.1628 0.0363 0.0378
213 0.5020 0.1310 0.3398 0.0164 0.0059 0.0048
214 0.2588 0.1533 0.2432 0.2162 0.0759 0.0526
215 0.0948 0.0710 0.6636 0.0971 0.0352 0.0380
216 0.2661 0.0662 0.1010 0.1678 0.1154 0.2834
217 0.3074 0.1595 0.3147 0.1204 0.0464 0.0514
218 0.2542 0.3367 0.2278 0.1110 0.0405 0.0301
219 0.4541 0.0873 0.3853 0.0216 0.0391 0.0128
220 0.2485 0.1111 0.4360 0.0807 0.1165 0.0070
221 0.1788 0.0928 0.4092 0.2483 0.0658 0.0052
222 0.1357 0.1346 0.3777 0.3179 0.0265 0.0077
223 0.1945 0.1445 0.4248 0.1975 0.0269 0.0119
224 0.1327 0.1931 0.3442 0.2944 0.0159 0.0199
225 0.2039 0.0699 0.5459 0.1539 0.0196 0.0070
226 0.2659 0.0739 0.4182 0.1588 0.0762 0.0070
227 0.2000 0.0741 0.5830 0.1157 0.0214 0.0058
228 0.1252 0.0556 0.5112 0.2268 0.0583 0.0228
229 0.2561 0.1146 0.4602 0.0995 0.0648 0.0049
230 0.4187 0.1678 0.2744 0.1190 0.0182 0.0018
231 0.4138 0.2017 0.3596 0.0123 0.0109 0.0018
232 0.2108 0.1240 0.3877 0.1721 0.0595 0.0460
233 0.1350 0.1329 0.1191 0.5596 0.0196 0.0336
234 0.1042 0.1338 0.0455 0.5996 0.0057 0.1110
235 0.2042 0.1173 0.4324 0.1248 0.0585 0.0628
236 0.6289 0.0793 0.1542 0.0609 0.0541 0.0226
237 0.3699 0.0684 0.3877 0.1043 0.0533 0.0165
238 0.6377 0.1033 0.2037 0.0136 0.0368 0.0050
239 0.4204 0.1766 0.3274 0.0249 0.0419 0.0090
240 0.4026 0.2122 0.2766 0.0399 0.0532 0.0154
241 0.3845 0.1591 0.2278 0.1136 0.0541 0.0609
242 0.3110 0.0688 0.1652 0.3872 0.0481 0.0197
243 0.1251 0.4580 0.0975 0.0895 0.0376 0.1924
244 0.0801 0.3481 0.1593 0.1569 0.0326 0.2230
245 0.0967 0.3347 0.1451 0.2776 0.0345 0.1113
246 0.4297 0.1619 0.3000 0.0286 0.0770 0.0028
247 0.0988 0.4062 0.4460 0.0082 0.0177 0.0231
248 0.0699 0.2222 0.6133 0.0646 0.0296 0.0003
249 0.0596 0.1499 0.5151 0.2050 0.0161 0.0543
250 0.3054 0.3008 0.3743 0.0054 0.0128 0.0013
251 0.1525 0.3279 0.4624 0.0322 0.0137 0.0114
252 0.3884 0.1697 0.1671 0.2047 0.0119 0.0582
253 0.4636 0.1448 0.2561 0.0231 0.1042 0.0084
254 0.2925 0.1136 0.2834 0.1043 0.2042 0.0018
255 0.2257 0.0603 0.2744 0.0607 0.3721 0.0069
256 0.2437 0.4922 0.1410 0.0640 0.0116 0.0476
257 0.7051 0.1235 0.1501 0.0017 0.0189 0.0007
258 0.0781 0.1182 0.7021 0.0585 0.0290 0.0142
259 0.4080 0.2361 0.2783 0.0168 0.0365 0.0243
260 0.2380 0.3057 0.1913 0.1942 0.0164 0.0544
261 0.2737 0.1753 0.2632 0.0681 0.1376 0.0822
262 0.2295 0.2520 0.3904 0.0706 0.0287 0.0289
263 0.2537 0.3550 0.2991 0.0173 0.0229 0.0520
264 0.1843 0.0745 0.1577 0.2993 0.0474 0.2368
265 0.3469 0.1296 0.2832 0.1799 0.0377 0.0225
266 0.1886 0.4524 0.2832 0.0074 0.0667 0.0018
267 0.4585 0.1466 0.2676 0.0465 0.0772 0.0036
268 0.2778 0.2866 0.3174 0.0159 0.1014 0.0007
269 0.1633 0.3679 0.2231 0.0991 0.0279 0.1185
270 0.4431 0.3674 0.1438 0.0172 0.0118 0.0168
271 0.1080 0.3223 0.3430 0.1865 0.0332 0.0070
272 0.3359 0.0330 0.2458 0.3157 0.0351 0.0343
273 0.2800 0.1343 0.3171 0.1924 0.0219 0.0543
274 0.5044 0.1091 0.1945 0.1445 0.0359 0.0118
275 0.2549 0.1063 0.2250 0.1808 0.0348 0.1985
276 0.2063 0.0916 0.2734 0.2266 0.0364 0.1658
277 0.3096 0.1104 0.3193 0.1021 0.0314 0.1271
278 0.1984 0.0665 0.3071 0.2179 0.0295 0.1807
279 0.3096 0.0795 0.2649 0.1417 0.0413 0.1631
280 0.1848 0.0638 0.1763 0.4573 0.0529 0.0649
281 0.3503 0.0900 0.2484 0.1191 0.0393 0.1530
