time exciting_prob fearful_prob tense_prob sad_prob relaxing_prob neutral_prob
0 0.1136 0.1553 0.1349 0.1288 0.0181 0.4492
1 0.0338 0.0823 0.0797 0.0085 0.7803 0.0152
2 0.0068 0.0099 0.0217 0.0017 0.9531 0.0065
3 0.0736 0.1698 0.2590 0.1158 0.3708 0.0109
4 0.1835 0.2015 0.3347 0.0702 0.0494 0.1606
5 0.0422 0.0542 0.1340 0.0206 0.6396 0.1094
6 0.0224 0.0393 0.0250 0.0270 0.8403 0.0460
7 0.0130 0.0687 0.0687 0.0070 0.8364 0.0060
8 0.3235 0.1267 0.1858 0.1493 0.0756 0.1392
9 0.0466 0.2294 0.1815 0.0956 0.4287 0.0182
10 0.0956 0.1287 0.2056 0.3779 0.1458 0.0466
11 0.0514 0.0267 0.0491 0.0205 0.7798 0.0725
12 0.1544 0.0559 0.1321 0.1428 0.1384 0.3762
13 0.0374 0.0300 0.0552 0.0210 0.7988 0.0579
14 0.0596 0.0547 0.0513 0.0262 0.6978 0.1104
15 0.1243 0.0351 0.0560 0.1114 0.0803 0.5928
16 0.2825 0.2252 0.0910 0.0687 0.0544 0.2781
17 0.0410 0.6621 0.2252 0.0499 0.0114 0.0106
18 0.2180 0.1865 0.1194 0.1063 0.0322 0.3376
19 0.0555 0.0288 0.0538 0.0240 0.6250 0.2128
20 0.0374 0.0191 0.0310 0.0144 0.8257 0.0721
21 0.3274 0.1442 0.0961 0.1511 0.0578 0.2234
22 0.3032 0.1584 0.1047 0.0785 0.0726 0.2825
23 0.0687 0.3518 0.4734 0.0816 0.0186 0.0060
24 0.2217 0.2397 0.1572 0.1926 0.0842 0.1047
25 0.0595 0.8540 0.0467 0.0062 0.0329 0.0006
26 0.0591 0.2954 0.0659 0.1908 0.3735 0.0151
27 0.2542 0.0825 0.0935 0.1019 0.0421 0.4258
28 0.0575 0.0355 0.0383 0.0349 0.7119 0.1218
29 0.1984 0.0867 0.0747 0.1697 0.0233 0.4470
30 0.2043 0.0852 0.1832 0.1981 0.1183 0.2108
31 0.3345 0.0944 0.0914 0.2061 0.1230 0.1508
32 0.1755 0.3774 0.2676 0.0897 0.0487 0.0410
33 0.0478 0.7363 0.0513 0.0685 0.0669 0.0294
34 0.1531 0.0412 0.1192 0.1137 0.3044 0.2686
35 0.4299 0.2047 0.0547 0.0314 0.1029 0.1764
36 0.2837 0.4429 0.0156 0.0813 0.1694 0.0070
37 0.1184 0.4038 0.0086 0.0759 0.3762 0.0172
38 0.0665 0.7378 0.0189 0.0367 0.1105 0.0293
39 0.1366 0.6416 0.0142 0.0483 0.1293 0.0300
40 0.2008 0.6382 0.0102 0.0396 0.0837 0.0274
41 0.2717 0.2695 0.0115 0.1224 0.1536 0.1713
42 0.1737 0.2284 0.1194 0.1078 0.0331 0.3374
43 0.2401 0.1703 0.0773 0.2086 0.0779 0.2256
44 0.0989 0.2646 0.0293 0.0406 0.5347 0.0316
45 0.1884 0.1399 0.0527 0.1782 0.1255 0.3154
46 0.2183 0.1987 0.0611 0.1622 0.1897 0.1700
47 0.1597 0.5112 0.0241 0.0560 0.1987 0.0502
48 0.1608 0.5615 0.0119 0.0487 0.1851 0.0322
49 0.1729 0.2556 0.0215 0.3777 0.0480 0.1245
50 0.0620 0.4436 0.0307 0.0321 0.3735 0.0582
51 0.1522 0.2910 0.1022 0.0736 0.0273 0.3538
52 0.1407 0.6118 0.0183 0.0327 0.1725 0.0241
53 0.1799 0.3108 0.0232 0.1527 0.0225 0.3108
54 0.0892 0.8076 0.0155 0.0478 0.0381 0.0019
55 0.1345 0.3276 0.2115 0.0522 0.0784 0.1957
56 0.2371 0.3164 0.0244 0.1681 0.0806 0.1735
57 0.4739 0.2830 0.0225 0.0911 0.0830 0.0465
58 0.3298 0.2866 0.0564 0.0530 0.0629 0.2113
59 0.1818 0.1981 0.0482 0.3020 0.0156 0.2544
60 0.1954 0.4690 0.0260 0.0530 0.0771 0.1793
61 0.1316 0.1676 0.0817 0.2021 0.0621 0.3547
62 0.2729 0.2280 0.0707 0.0880 0.0758 0.2646
63 0.1038 0.1970 0.1970 0.1940 0.1940 0.1141
64 0.2203 0.5410 0.0621 0.0335 0.1057 0.0374
65 0.0814 0.2283 0.0262 0.0600 0.5562 0.0479
66 0.0481 0.4639 0.2859 0.0928 0.0250 0.0845
67 0.3523 0.3870 0.0589 0.0441 0.1469 0.0107
68 0.0630 0.1273 0.2166 0.4443 0.0797 0.0692
69 0.0542 0.0691 0.0102 0.0413 0.7783 0.0468
70 0.1350 0.1747 0.0227 0.1060 0.4604 0.1011
71 0.1964 0.3728 0.1003 0.1035 0.0800 0.1471
72 0.2795 0.3372 0.0396 0.0680 0.1936 0.0820
73 0.0551 0.0396 0.0086 0.0936 0.7368 0.0664
74 0.0631 0.0507 0.0491 0.3865 0.4312 0.0194
75 0.0546 0.0409 0.0125 0.0701 0.7075 0.1146
76 0.2076 0.0422 0.0091 0.2883 0.4065 0.0463
77 0.0787 0.0550 0.0369 0.3066 0.4062 0.1164
78 0.0358 0.0210 0.0095 0.0276 0.9009 0.0053
79 0.2507 0.1969 0.0591 0.1923 0.2079 0.0930
80 0.1882 0.1274 0.0168 0.1958 0.2698 0.2020
81 0.1649 0.2201 0.0225 0.1636 0.2615 0.1675
82 0.3032 0.2343 0.0687 0.1151 0.2417 0.0371
83 0.1947 0.1505 0.0087 0.0405 0.5635 0.0421
84 0.0546 0.1013 0.0295 0.0453 0.7544 0.0152
85 0.0504 0.0459 0.0169 0.0717 0.8013 0.0140
86 0.0253 0.0296 0.0112 0.0245 0.9053 0.0044
87 0.1146 0.1268 0.0070 0.0700 0.6440 0.0378
88 0.0735 0.0974 0.0133 0.4431 0.2908 0.0820
89 0.0888 0.0547 0.0062 0.0635 0.7612 0.0257
90 0.0636 0.0911 0.0374 0.5005 0.0636 0.2439
91 0.0371 0.0732 0.0205 0.4700 0.0389 0.3604
92 0.0294 0.0584 0.0165 0.4187 0.0244 0.4526
93 0.0237 0.1022 0.0078 0.5269 0.0482 0.2910
94 0.0852 0.0907 0.0378 0.2316 0.0079 0.5469
95 0.1699 0.1014 0.2322 0.2048 0.1837 0.1080
96 0.1531 0.0663 0.0091 0.2795 0.0240 0.4680
97 0.1378 0.1294 0.0720 0.1958 0.0631 0.4019
98 0.1273 0.2417 0.0809 0.1636 0.0237 0.3628
99 0.1848 0.1923 0.0600 0.2212 0.0370 0.3047
100 0.3706 0.0821 0.0316 0.2213 0.0990 0.1953
101 0.0530 0.0406 0.0078 0.2957 0.0053 0.5977
102 0.1060 0.0512 0.0039 0.3555 0.0124 0.4709
103 0.0497 0.0474 0.0068 0.0058 0.8877 0.0028
104 0.0635 0.0178 0.0031 0.0539 0.8501 0.0117
105 0.1088 0.0453 0.0464 0.3298 0.0120 0.4578
106 0.0640 0.1377 0.1107 0.3984 0.0822 0.2068
107 0.0614 0.2318 0.2212 0.2754 0.0119 0.1982
108 0.3352 0.3889 0.0305 0.0875 0.0790 0.0790
109 0.1198 0.2576 0.0677 0.0993 0.0441 0.4116
110 0.1831 0.2026 0.0151 0.1110 0.4324 0.0558
111 0.0776 0.5562 0.2467 0.0329 0.0538 0.0331
112 0.2073 0.2559 0.0193 0.2349 0.0477 0.2349
113 0.1964 0.0972 0.0508 0.2561 0.0545 0.3447
114 0.1462 0.2776 0.0620 0.1737 0.0307 0.3098
115 0.0598 0.0528 0.0068 0.4932 0.0035 0.3840
116 0.1672 0.3982 0.0822 0.0362 0.0946 0.2216
117 0.0319 0.0634 0.0542 0.4067 0.0110 0.4329
118 0.4521 0.3083 0.0109 0.0553 0.1401 0.0330
119 0.2434 0.2472 0.1881 0.0875 0.0983 0.1355
120 0.0907 0.1748 0.0277 0.0623 0.6104 0.0341
121 0.2366 0.2188 0.1316 0.1171 0.0739 0.2222
122 0.0246 0.1130 0.1451 0.2668 0.0032 0.4470
123 0.2153 0.2991 0.0683 0.2222 0.1208 0.0744
124 0.5117 0.2573 0.0465 0.0671 0.0565 0.0606
125 0.1076 0.2107 0.1164 0.2834 0.0609 0.2208
126 0.0378 0.1279 0.1028 0.6499 0.0237 0.0577
127 0.0545 0.0622 0.0584 0.6284 0.0891 0.1075
128 0.3997 0.1553 0.0207 0.1918 0.0658 0.1666
129 0.1394 0.3293 0.0577 0.1543 0.0463 0.2729
130 0.1873 0.0637 0.0246 0.5767 0.0341 0.1136
131 0.1252 0.5273 0.0279 0.1158 0.1055 0.0983
132 0.1471 0.2157 0.0219 0.0652 0.5337 0.0163
133 0.1079 0.1030 0.0122 0.1105 0.6260 0.0406
134 0.0562 0.0927 0.0140 0.2722 0.0481 0.5166
135 0.0745 0.0571 0.0411 0.5952 0.0098 0.2224
136 0.1204 0.2610 0.0742 0.1282 0.0305 0.3857
137 0.2181 0.2981 0.0610 0.0895 0.0530 0.2800
138 0.0835 0.6465 0.0259 0.0606 0.1674 0.0163
139 0.1012 0.6445 0.0329 0.0378 0.1735 0.0099
140 0.1309 0.0845 0.0435 0.2058 0.0262 0.5093
141 0.1582 0.0518 0.0107 0.2864 0.3245 0.1683
142 0.1606 0.2015 0.0432 0.1079 0.0429 0.4436
143 0.0714 0.1986 0.0597 0.1177 0.0760 0.4766
144 0.1809 0.3252 0.0181 0.1838 0.0854 0.2067
145 0.1061 0.1249 0.0132 0.0914 0.6499 0.0147
146 0.1498 0.0526 0.0471 0.3428 0.0252 0.3826
147 0.2231 0.1487 0.0620 0.3049 0.0273 0.2339
148 0.2605 0.2245 0.1449 0.0788 0.0206 0.2708
149 0.3357 0.0889 0.0797 0.2456 0.0298 0.2202
150 0.2467 0.3589 0.1351 0.1260 0.0219 0.1112
151 0.2517 0.3721 0.2120 0.0603 0.0352 0.0688
152 0.1865 0.1282 0.1344 0.3027 0.0086 0.2395
153 0.1825 0.0903 0.0726 0.5039 0.0327 0.1179
154 0.1639 0.2812 0.0995 0.2856 0.0205 0.1493
155 0.3521 0.4348 0.0222 0.0227 0.0607 0.1074
156 0.2021 0.1702 0.0404 0.3716 0.0454 0.1702
157 0.2517 0.2898 0.0133 0.2966 0.0956 0.0528
158 0.1952 0.5142 0.0235 0.1509 0.0586 0.0577
159 0.1066 0.0905 0.0143 0.1492 0.6133 0.0261
160 0.1873 0.2424 0.0632 0.1719 0.0562 0.2791
161 0.0816 0.0495 0.0910 0.5405 0.0124 0.2252
162 0.0298 0.0566 0.0131 0.3865 0.0548 0.4590
163 0.1039 0.3860 0.0835 0.1055 0.2654 0.0556
164 0.1066 0.3867 0.0341 0.0963 0.3059 0.0704
165 0.2073 0.3062 0.0652 0.0562 0.1092 0.2559
166 0.1412 0.2421 0.0704 0.2203 0.0683 0.2576
167 0.1467 0.0947 0.1538 0.2830 0.0682 0.2537
168 0.1276 0.1975 0.0100 0.0430 0.5942 0.0278
169 0.1692 0.1328 0.0837 0.2106 0.0972 0.3064
170 0.1320 0.0936 0.0347 0.3757 0.0165 0.3477
171 0.0293 0.0479 0.0748 0.4170 0.0077 0.4236
172 0.1705 0.0927 0.0442 0.2224 0.0207 0.4495
173 0.2201 0.0715 0.0230 0.3518 0.0282 0.3057
174 0.1476 0.2610 0.0125 0.2164 0.1409 0.2216
175 0.1752 0.3857 0.0426 0.2147 0.0731 0.1088
176 0.1609 0.4766 0.0737 0.0491 0.0828 0.1571
177 0.2957 0.1292 0.0461 0.1158 0.0155 0.3979
178 0.1469 0.1180 0.0357 0.1276 0.0673 0.5044
179 0.1061 0.7539 0.0102 0.0490 0.0759 0.0047
180 0.0860 0.0319 0.0130 0.2864 0.0129 0.5698
181 0.2091 0.1210 0.0105 0.2815 0.0222 0.3557
182 0.1770 0.0993 0.1235 0.2238 0.0190 0.3574
183 0.2286 0.1205 0.0539 0.2756 0.0583 0.2632
184 0.0420 0.0338 0.1466 0.4377 0.0094 0.3306
185 0.0942 0.3088 0.1653 0.0942 0.0187 0.3186
186 0.1035 0.4192 0.1299 0.0787 0.0995 0.1693
187 0.1731 0.3499 0.1436 0.0668 0.0580 0.2089
188 0.1028 0.1967 0.0209 0.0339 0.5918 0.0542
189 0.1658 0.1879 0.0182 0.0502 0.4990 0.0789
190 0.2446 0.2408 0.2446 0.0921 0.0568 0.1211
191 0.1205 0.1597 0.0778 0.2474 0.0616 0.3330
192 0.1576 0.1901 0.0532 0.1992 0.0448 0.3552
193 0.2773 0.1736 0.0873 0.1736 0.0758 0.2126
194 0.1106 0.2512 0.1700 0.0561 0.0522 0.3599
195 0.1439 0.2061 0.0915 0.0690 0.0250 0.4646
196 0.1423 0.1423 0.0704 0.0811 0.0308 0.5332
197 0.2211 0.2952 0.1310 0.0456 0.0807 0.2263
198 0.1777 0.0981 0.0609 0.2177 0.0922 0.3533
199 0.2357 0.3430 0.0909 0.1547 0.0686 0.1071
200 0.1444 0.1335 0.0121 0.0371 0.6680 0.0048
201 0.1515 0.3086 0.0710 0.0398 0.4282 0.0008
202 0.1136 0.1553 0.1349 0.1288 0.0181 0.4492
