time exciting_prob fearful_prob tense_prob sad_prob relaxing_prob neutral_prob
0 0.0382 0.3247 0.1213 0.4951 0.0104 0.0104
1 0.0506 0.3030 0.2759 0.3328 0.0353 0.0024
2 0.0673 0.4390 0.3528 0.0825 0.0571 0.0015
3 0.0493 0.4861 0.3447 0.0563 0.0609 0.0027
4 0.0481 0.6001 0.2747 0.0571 0.0197 0.0006
5 0.0978 0.6382 0.0884 0.0212 0.1539 0.0005
6 0.0823 0.5981 0.2307 0.0531 0.0348 0.0008
7 0.1405 0.2998 0.5020 0.0546 0.0010 0.0020
8 0.1356 0.2739 0.4622 0.1206 0.0010 0.0067
9 0.1032 0.4050 0.4312 0.0523 0.0013 0.0068
10 0.0030 0.7871 0.0434 0.1649 0.0011 0.0006
11 0.0072 0.8408 0.0505 0.0989 0.0015 0.0009
12 0.1237 0.0837 0.6284 0.1317 0.0039 0.0285
13 0.1188 0.3333 0.5083 0.0259 0.0099 0.0041
14 0.0024 0.8945 0.0393 0.0628 0.0005 0.0002
15 0.0274 0.8184 0.0977 0.0488 0.0070 0.0008
16 0.0131 0.9370 0.0381 0.0113 0.0006 0.0001
17 0.0307 0.6812 0.1892 0.0908 0.0071 0.0009
18 0.0427 0.7007 0.2205 0.0305 0.0026 0.0031
19 0.0564 0.6929 0.2357 0.0100 0.0025 0.0025
20 0.2170 0.4814 0.2498 0.0368 0.0065 0.0083
21 0.2278 0.3640 0.3213 0.0467 0.0066 0.0336
22 0.1825 0.5117 0.2379 0.0447 0.0060 0.0172
23 0.0120 0.8242 0.1367 0.0261 0.0004 0.0005
24 0.0273 0.7803 0.1714 0.0189 0.0011 0.0009
25 0.0097 0.8608 0.1111 0.0177 0.0004 0.0003
26 0.0145 0.7866 0.1812 0.0166 0.0005 0.0004
27 0.1064 0.3628 0.1420 0.0666 0.3201 0.0023
28 0.1270 0.3120 0.0966 0.0100 0.4539 0.0006
29 0.0428 0.5342 0.2815 0.1085 0.0229 0.0099
30 0.0813 0.2280 0.3586 0.2708 0.0453 0.0159
31 0.0294 0.8994 0.0575 0.0111 0.0018 0.0006
32 0.1469 0.2617 0.1716 0.0830 0.3362 0.0005
33 0.0881 0.2163 0.1765 0.0314 0.4873 0.0003
34 0.4062 0.1566 0.0452 0.0219 0.3699 0.0001
35 0.4368 0.1737 0.0403 0.0195 0.3296 0.0001
36 0.6714 0.1547 0.0483 0.0105 0.1149 0.0001
37 0.5288 0.2039 0.0667 0.0190 0.1814 0.0002
38 0.5190 0.3325 0.0867 0.0116 0.0498 0.0001
39 0.0114 0.7197 0.2062 0.0614 0.0009 0.0003
40 0.0060 0.6235 0.0688 0.2944 0.0029 0.0043
41 0.0083 0.5640 0.1448 0.2747 0.0032 0.0052
42 0.0104 0.7852 0.1272 0.0759 0.0006 0.0006
43 0.2708 0.3020 0.3167 0.0399 0.0595 0.0111
44 0.1298 0.2812 0.4565 0.0369 0.0942 0.0011
45 0.1130 0.7256 0.1301 0.0033 0.0279 0.0002
46 0.0316 0.5430 0.3733 0.0107 0.0412 0.0002
47 0.0643 0.4680 0.3879 0.0279 0.0505 0.0012
48 0.0296 0.5864 0.0818 0.0073 0.2947 0.0002
49 0.0158 0.3650 0.0498 0.0295 0.5391 0.0008
50 0.0425 0.6299 0.0550 0.2544 0.0173 0.0009
51 0.0190 0.7891 0.0995 0.0913 0.0007 0.0006
52 0.0215 0.7959 0.0712 0.0973 0.0107 0.0034
53 0.0996 0.6860 0.1129 0.0369 0.0628 0.0015
54 0.0333 0.4556 0.4280 0.0417 0.0414 0.0003
55 0.0181 0.6934 0.2018 0.0535 0.0334 0.0001
56 0.0132 0.7480 0.1630 0.0432 0.0326 0.0001
57 0.0983 0.2432 0.2712 0.1407 0.2357 0.0108
58 0.0360 0.7764 0.1328 0.0537 0.0007 0.0002
59 0.0089 0.9092 0.0550 0.0198 0.0072 0.0001
60 0.0135 0.8271 0.1329 0.0140 0.0124 0.0003
61 0.0457 0.5400 0.2083 0.0351 0.1699 0.0010
62 0.0972 0.4861 0.0819 0.0051 0.3289 0.0007
63 0.1602 0.6484 0.1436 0.0039 0.0428 0.0010
64 0.2998 0.3142 0.1936 0.0478 0.1395 0.0048
65 0.1770 0.5327 0.2477 0.0056 0.0363 0.0007
66 0.0188 0.8911 0.0816 0.0037 0.0045 0.0004
67 0.0287 0.8516 0.1017 0.0042 0.0127 0.0013
68 0.1438 0.5059 0.3167 0.0115 0.0207 0.0013
69 0.0554 0.5913 0.3264 0.0166 0.0025 0.0079
70 0.0062 0.8091 0.1450 0.0361 0.0002 0.0036
71 0.0799 0.5767 0.2366 0.0059 0.1010 0.0002
72 0.0375 0.7295 0.1760 0.0246 0.0313 0.0012
73 0.0233 0.8135 0.1553 0.0055 0.0019 0.0007
74 0.0278 0.5503 0.3965 0.0149 0.0062 0.0044
75 0.0067 0.7378 0.2113 0.0397 0.0011 0.0036
76 0.0213 0.1282 0.2180 0.2935 0.2935 0.0457
77 0.0331 0.0387 0.0546 0.0321 0.8408 0.0009
78 0.0213 0.0236 0.0445 0.0233 0.8862 0.0008
79 0.2253 0.3464 0.3987 0.0068 0.0197 0.0031
80 0.2126 0.3372 0.4067 0.0216 0.0190 0.0027
81 0.0363 0.3901 0.5586 0.0100 0.0024 0.0024
82 0.0814 0.5825 0.3120 0.0076 0.0153 0.0011
83 0.0631 0.7056 0.2119 0.0028 0.0158 0.0006
84 0.0213 0.6514 0.2983 0.0120 0.0061 0.0109
85 0.0564 0.3296 0.4722 0.0502 0.0735 0.0180
86 0.0556 0.4241 0.4175 0.0426 0.0561 0.0042
87 0.0861 0.1985 0.3271 0.0783 0.3074 0.0025
88 0.0121 0.0624 0.0209 0.0880 0.7969 0.0196
89 0.0483 0.7271 0.1727 0.0061 0.0454 0.0004
90 0.0336 0.7129 0.2279 0.0044 0.0206 0.0003
91 0.0423 0.6216 0.2983 0.0056 0.0317 0.0004
92 0.1770 0.2438 0.4277 0.0287 0.1207 0.0021
93 0.1180 0.1277 0.4353 0.0424 0.2520 0.0247
94 0.1304 0.1399 0.5664 0.0570 0.0848 0.0215
95 0.0692 0.2756 0.3123 0.0105 0.3323 0.0002
96 0.0724 0.3298 0.4543 0.0083 0.1343 0.0006
97 0.0654 0.2095 0.5830 0.0075 0.1342 0.0006
98 0.0421 0.5366 0.1974 0.0161 0.2069 0.0008
99 0.0225 0.4851 0.0792 0.0291 0.3838 0.0004
100 0.1914 0.3130 0.2419 0.0661 0.1869 0.0007
101 0.2275 0.3523 0.3496 0.0129 0.0571 0.0005
102 0.1602 0.4319 0.3313 0.0100 0.0657 0.0009
103 0.0549 0.3582 0.5635 0.0043 0.0183 0.0007
104 0.0338 0.6743 0.2812 0.0037 0.0064 0.0004
105 0.0253 0.3840 0.0617 0.0122 0.5166 0.0001
106 0.3821 0.2646 0.0623 0.1020 0.1721 0.0169
107 0.3137 0.4060 0.0452 0.1119 0.1163 0.0066
108 0.3887 0.3376 0.0703 0.0629 0.1375 0.0029
109 0.0215 0.7690 0.1945 0.0120 0.0021 0.0011
110 0.0759 0.6558 0.2394 0.0252 0.0027 0.0011
111 0.1582 0.5479 0.1924 0.0596 0.0376 0.0042
112 0.2465 0.3938 0.2192 0.0435 0.0958 0.0012
113 0.0306 0.8018 0.1580 0.0070 0.0023 0.0002
114 0.4333 0.0967 0.1375 0.2374 0.0696 0.0256
115 0.0498 0.4404 0.4688 0.0185 0.0173 0.0052
116 0.0294 0.3967 0.5176 0.0438 0.0043 0.0084
117 0.1080 0.2471 0.5356 0.0302 0.0724 0.0067
118 0.1113 0.2413 0.5610 0.0264 0.0587 0.0013
119 0.1103 0.2524 0.5098 0.0372 0.0820 0.0080
120 0.2051 0.1610 0.4209 0.0491 0.1598 0.0042
121 0.1530 0.2644 0.2522 0.2686 0.0529 0.0091
122 0.0154 0.5649 0.3320 0.0840 0.0030 0.0008
123 0.0933 0.6782 0.1914 0.0025 0.0343 0.0002
124 0.3345 0.1736 0.3047 0.1013 0.0839 0.0020
125 0.0616 0.5195 0.1196 0.0117 0.2869 0.0010
126 0.1040 0.5117 0.1974 0.0465 0.1399 0.0004
127 0.7236 0.1414 0.0878 0.0053 0.0418 0.0001
128 0.6636 0.1208 0.1447 0.0065 0.0642 0.0002
129 0.0550 0.4602 0.2834 0.1802 0.0212 0.0000
130 0.4807 0.2803 0.1989 0.0062 0.0340 0.0000
131 0.5894 0.1899 0.1899 0.0187 0.0120 0.0000
132 0.0268 0.5474 0.4131 0.0039 0.0088 0.0003
133 0.0598 0.6685 0.2136 0.0031 0.0544 0.0008
134 0.1054 0.2031 0.4988 0.1821 0.0056 0.0049
135 0.1476 0.0645 0.3831 0.2454 0.1559 0.0037
136 0.0933 0.0732 0.4890 0.3059 0.0366 0.0019
137 0.2708 0.1542 0.2465 0.1052 0.2227 0.0008
138 0.2302 0.3650 0.2979 0.0397 0.0670 0.0002
139 0.0304 0.6440 0.1628 0.0137 0.1483 0.0005
140 0.0461 0.3271 0.0815 0.0055 0.5396 0.0002
141 0.0818 0.2810 0.5952 0.0257 0.0125 0.0038
142 0.1653 0.2622 0.5054 0.0455 0.0193 0.0026
143 0.2333 0.4495 0.2278 0.0658 0.0222 0.0013
144 0.2676 0.4514 0.2051 0.0295 0.0454 0.0011
145 0.1144 0.7231 0.1083 0.0017 0.0520 0.0005
146 0.1321 0.6152 0.0989 0.0035 0.1497 0.0004
147 0.0743 0.7163 0.1422 0.0025 0.0641 0.0003
148 0.1752 0.1970 0.1105 0.0420 0.4617 0.0136
149 0.0916 0.5107 0.3511 0.0129 0.0304 0.0034
150 0.1433 0.2827 0.4773 0.0362 0.0561 0.0043
151 0.2581 0.2313 0.2313 0.1307 0.1471 0.0014
152 0.3018 0.2925 0.2600 0.0283 0.1163 0.0012
153 0.2554 0.2849 0.3203 0.0327 0.1057 0.0010
154 0.1425 0.3933 0.2878 0.0311 0.1339 0.0113
155 0.2352 0.3760 0.2427 0.0482 0.0928 0.0052
156 0.1080 0.4338 0.2472 0.1080 0.0991 0.0039
157 0.0659 0.5820 0.1405 0.0039 0.2075 0.0001
158 0.1205 0.3352 0.2959 0.2164 0.0241 0.0079
159 0.1271 0.2888 0.3196 0.2266 0.0337 0.0043
160 0.1396 0.2113 0.4402 0.1658 0.0293 0.0137
161 0.1952 0.2045 0.5303 0.0581 0.0056 0.0062
162 0.0609 0.5596 0.3091 0.0031 0.0668 0.0003
163 0.0220 0.6392 0.1240 0.0067 0.2075 0.0004
164 0.0204 0.5220 0.3757 0.0190 0.0623 0.0007
165 0.0727 0.3413 0.3413 0.1236 0.1161 0.0049
166 0.1016 0.1727 0.7051 0.0120 0.0060 0.0026
167 0.0579 0.4377 0.4517 0.0345 0.0166 0.0016
168 0.0869 0.3489 0.5078 0.0401 0.0134 0.0030
169 0.0240 0.7056 0.2290 0.0046 0.0362 0.0007
170 0.0256 0.4224 0.5098 0.0287 0.0114 0.0023
171 0.0297 0.3293 0.4163 0.0137 0.2094 0.0015
172 0.0217 0.6206 0.1450 0.0048 0.2078 0.0003
173 0.0406 0.6460 0.2610 0.0060 0.0461 0.0003
174 0.0167 0.9136 0.0575 0.0028 0.0092 0.0001
175 0.0457 0.4407 0.3542 0.0081 0.1499 0.0013
176 0.0375 0.4292 0.4641 0.0119 0.0558 0.0015
177 0.0286 0.2047 0.4202 0.0382 0.3074 0.0010
178 0.0341 0.2812 0.3447 0.0700 0.2683 0.0015
179 0.0470 0.5679 0.1238 0.0051 0.2559 0.0003
180 0.0290 0.5957 0.1438 0.0050 0.2262 0.0001
181 0.0255 0.6372 0.2238 0.0056 0.1074 0.0004
182 0.0460 0.7773 0.1461 0.0279 0.0025 0.0002
183 0.1063 0.7671 0.0945 0.0252 0.0063 0.0005
184 0.0849 0.8115 0.0890 0.0075 0.0066 0.0002
185 0.0922 0.7661 0.1147 0.0202 0.0064 0.0004
186 0.0811 0.7871 0.0941 0.0305 0.0060 0.0010
187 0.0177 0.7031 0.2588 0.0193 0.0003 0.0005
188 0.0270 0.6499 0.3022 0.0192 0.0005 0.0013
189 0.0216 0.6353 0.3296 0.0121 0.0004 0.0010
190 0.0275 0.5742 0.3650 0.0316 0.0004 0.0010
191 0.0569 0.4507 0.4651 0.0252 0.0010 0.0012
192 0.0268 0.6333 0.3337 0.0047 0.0009 0.0005
193 0.0202 0.6943 0.2805 0.0038 0.0005 0.0003
194 0.0229 0.6343 0.3394 0.0027 0.0004 0.0004
195 0.0207 0.6812 0.2930 0.0039 0.0009 0.0005
196 0.0091 0.5913 0.1102 0.2881 0.0002 0.0010
197 0.0760 0.7212 0.1488 0.0526 0.0014 0.0001
198 0.0533 0.8608 0.0546 0.0299 0.0013 0.0001
199 0.0397 0.7437 0.0518 0.1608 0.0039 0.0003
200 0.0406 0.8354 0.1062 0.0100 0.0078 0.0001
201 0.0088 0.9160 0.0456 0.0292 0.0002 0.0000
202 0.0095 0.7632 0.1785 0.0480 0.0002 0.0003
203 0.0237 0.7490 0.2112 0.0155 0.0003 0.0003
204 0.0575 0.1664 0.5718 0.1296 0.0162 0.0584
205 0.0420 0.4407 0.4841 0.0077 0.0218 0.0037
206 0.1395 0.4102 0.4368 0.0077 0.0032 0.0026
207 0.1063 0.4407 0.4207 0.0211 0.0029 0.0083
208 0.3333 0.3438 0.3130 0.0067 0.0020 0.0012
209 0.0967 0.5566 0.3274 0.0133 0.0029 0.0030
210 0.0319 0.8096 0.1545 0.0025 0.0005 0.0008
211 0.0234 0.2416 0.1089 0.0088 0.6167 0.0004
212 0.0194 0.4150 0.5088 0.0459 0.0098 0.0012
213 0.0178 0.6333 0.2944 0.0122 0.0421 0.0001
214 0.0587 0.5923 0.1725 0.0063 0.1698 0.0003
215 0.0673 0.5415 0.3184 0.0088 0.0632 0.0007
216 0.0327 0.6934 0.2715 0.0015 0.0003 0.0008
217 0.1111 0.2749 0.5732 0.0242 0.0048 0.0119
218 0.0283 0.1165 0.0250 0.0839 0.7363 0.0102
219 0.0113 0.8062 0.1637 0.0096 0.0087 0.0006
220 0.0111 0.8662 0.0585 0.0599 0.0033 0.0009
221 0.1230 0.6650 0.0684 0.0158 0.1268 0.0011
222 0.1171 0.6636 0.0837 0.0175 0.1135 0.0045
223 0.0675 0.6978 0.1271 0.0121 0.0952 0.0005
224 0.0548 0.7109 0.1884 0.0015 0.0441 0.0002
225 0.0594 0.5298 0.3757 0.0041 0.0304 0.0004
226 0.0757 0.5864 0.2949 0.0038 0.0387 0.0006
227 0.0401 0.7114 0.2070 0.0094 0.0315 0.0005
228 0.0554 0.2445 0.6343 0.0459 0.0088 0.0113
229 0.0560 0.3621 0.4834 0.0538 0.0388 0.0059
230 0.1510 0.0998 0.3567 0.3003 0.0186 0.0736
231 0.0652 0.6289 0.2791 0.0026 0.0236 0.0003
232 0.0452 0.7520 0.1731 0.0011 0.0287 0.0002
233 0.0401 0.6470 0.2036 0.0021 0.1072 0.0001
234 0.0162 0.6943 0.2634 0.0015 0.0245 0.0002
235 0.2026 0.2603 0.3042 0.2174 0.0125 0.0032
236 0.0864 0.6001 0.2207 0.0831 0.0065 0.0031
237 0.1102 0.6143 0.2123 0.0015 0.0613 0.0004
238 0.2076 0.2795 0.4197 0.0586 0.0235 0.0112
239 0.2125 0.3118 0.3879 0.0581 0.0224 0.0072
240 0.0445 0.6294 0.2583 0.0093 0.0585 0.0002
241 0.0842 0.5078 0.3179 0.0101 0.0791 0.0007
242 0.2264 0.3481 0.3193 0.0629 0.0324 0.0108
243 0.2384 0.3362 0.3809 0.0392 0.0022 0.0031
244 0.2417 0.2306 0.3894 0.1142 0.0025 0.0216
245 0.2314 0.4531 0.2388 0.0485 0.0181 0.0099
246 0.4612 0.2301 0.1848 0.0753 0.0450 0.0037
247 0.0319 0.5063 0.4470 0.0144 0.0002 0.0002
248 0.0149 0.7285 0.2329 0.0232 0.0002 0.0002
249 0.0843 0.5806 0.2920 0.0014 0.0417 0.0003
250 0.0875 0.6465 0.1714 0.0016 0.0925 0.0004
251 0.0225 0.6313 0.2715 0.0676 0.0002 0.0069
252 0.0858 0.3501 0.1182 0.1339 0.0057 0.3064
253 0.1191 0.5176 0.3447 0.0034 0.0127 0.0024
254 0.0562 0.2620 0.6484 0.0059 0.0267 0.0011
255 0.0239 0.2268 0.7437 0.0017 0.0031 0.0008
256 0.0486 0.6201 0.2883 0.0141 0.0285 0.0005
257 0.0500 0.4487 0.4854 0.0115 0.0034 0.0010
258 0.0887 0.7085 0.1311 0.0106 0.0605 0.0007
259 0.2593 0.4343 0.2512 0.0031 0.0519 0.0001
260 0.0577 0.4834 0.3765 0.0108 0.0707 0.0010
261 0.2172 0.3135 0.1481 0.0075 0.3135 0.0004
262 0.2698 0.3384 0.1913 0.0059 0.1942 0.0007
263 0.3054 0.4619 0.1910 0.0071 0.0307 0.0039
264 0.2124 0.4531 0.2705 0.0166 0.0428 0.0043
265 0.1934 0.5337 0.2026 0.0303 0.0393 0.0007
266 0.2561 0.3445 0.1760 0.0107 0.2123 0.0003
267 0.2568 0.4988 0.1261 0.0017 0.1166 0.0001
268 0.5361 0.3599 0.0660 0.0135 0.0232 0.0011
269 0.4785 0.3115 0.1603 0.0358 0.0122 0.0017
270 0.4636 0.3137 0.1918 0.0154 0.0125 0.0033
271 0.4824 0.3474 0.1163 0.0093 0.0445 0.0001
272 0.4604 0.4395 0.0706 0.0159 0.0131 0.0004
273 0.4458 0.4973 0.0308 0.0147 0.0107 0.0005
274 0.4121 0.5049 0.0448 0.0292 0.0081 0.0007
275 0.1074 0.6382 0.1588 0.0035 0.0919 0.0004
276 0.0412 0.6812 0.1617 0.0043 0.1112 0.0004
277 0.0764 0.5430 0.2607 0.0045 0.1147 0.0005
278 0.1293 0.4658 0.3008 0.0043 0.0992 0.0008
279 0.1045 0.2627 0.5225 0.0853 0.0169 0.0083
280 0.0352 0.5459 0.3811 0.0232 0.0106 0.0040
281 0.1053 0.4868 0.3398 0.0546 0.0099 0.0036
282 0.0403 0.5352 0.2866 0.1176 0.0182 0.0021
283 0.0337 0.8960 0.0534 0.0130 0.0030 0.0007
284 0.0574 0.8369 0.0754 0.0093 0.0194 0.0018
285 0.0936 0.6812 0.1544 0.0212 0.0486 0.0009
286 0.0513 0.8340 0.0746 0.0297 0.0082 0.0023
287 0.3035 0.4380 0.2036 0.0184 0.0357 0.0010
288 0.1957 0.7051 0.0760 0.0098 0.0126 0.0009
289 0.2244 0.4902 0.2371 0.0425 0.0042 0.0017
290 0.1162 0.8066 0.0549 0.0199 0.0016 0.0010
291 0.0964 0.8267 0.0402 0.0331 0.0018 0.0019
292 0.4192 0.3728 0.1720 0.0137 0.0207 0.0016
293 0.2988 0.3464 0.2964 0.0109 0.0444 0.0031
294 0.1663 0.5449 0.2456 0.0181 0.0227 0.0024
295 0.1512 0.5889 0.2379 0.0125 0.0085 0.0013
296 0.0743 0.5581 0.3438 0.0136 0.0052 0.0052
297 0.1746 0.4673 0.3472 0.0040 0.0041 0.0029
298 0.1539 0.7881 0.0308 0.0143 0.0127 0.0001
299 0.0524 0.8462 0.0717 0.0248 0.0050 0.0002
300 0.0414 0.7065 0.1858 0.0392 0.0251 0.0017
301 0.1508 0.7188 0.1102 0.0031 0.0164 0.0006
302 0.0325 0.8779 0.0817 0.0035 0.0042 0.0001
303 0.0291 0.8994 0.0646 0.0037 0.0033 0.0001
304 0.1196 0.6772 0.1837 0.0047 0.0144 0.0001
305 0.0500 0.8599 0.0819 0.0032 0.0047 0.0001
306 0.0687 0.8169 0.1038 0.0028 0.0078 0.0001
307 0.0383 0.8711 0.0849 0.0029 0.0027 0.0000
308 0.0504 0.8804 0.0623 0.0036 0.0034 0.0000
309 0.0448 0.8071 0.1267 0.0154 0.0060 0.0001
310 0.1136 0.1553 0.1349 0.1288 0.0181 0.4492
311 0.1136 0.1553 0.1349 0.1288 0.0181 0.4492
312 0.3628 0.4587 0.0395 0.0141 0.1215 0.0035
313 0.3882 0.4263 0.0412 0.0279 0.1129 0.0036
314 0.3877 0.4258 0.0412 0.0279 0.1137 0.0036
315 0.3906 0.4290 0.0421 0.0270 0.1076 0.0037
316 0.3940 0.4260 0.0422 0.0270 0.1069 0.0037
317 0.3940 0.4260 0.0422 0.0270 0.1069 0.0037
318 0.3940 0.4260 0.0422 0.0270 0.1069 0.0037
319 0.3940 0.4260 0.0422 0.0270 0.1069 0.0037
320 0.3938 0.4258 0.0425 0.0276 0.1068 0.0037
321 0.4248 0.4248 0.0333 0.0112 0.1017 0.0043
