time exciting_prob fearful_prob tense_prob sad_prob relaxing_prob neutral_prob
0 0.0568 0.0509 0.0352 0.0323 0.0653 0.7593
1 0.1001 0.2205 0.1434 0.1885 0.0667 0.2808
2 0.0463 0.0776 0.2192 0.4568 0.0212 0.1790
3 0.0462 0.1649 0.2874 0.3281 0.0303 0.1433
4 0.0790 0.1536 0.2217 0.1039 0.0143 0.4275
5 0.1719 0.0825 0.0244 0.0435 0.0292 0.6484
6 0.1113 0.1343 0.0214 0.0502 0.0419 0.6406
7 0.1398 0.1023 0.0312 0.1334 0.1055 0.4878
8 0.0668 0.2330 0.2024 0.1414 0.0148 0.3418
9 0.1931 0.1434 0.0994 0.3015 0.0166 0.2460
10 0.0572 0.2505 0.2390 0.2859 0.0058 0.1617
11 0.1022 0.1223 0.0916 0.1908 0.0172 0.4761
12 0.0789 0.0696 0.0723 0.0958 0.0077 0.6758
13 0.2043 0.5596 0.0470 0.0336 0.1019 0.0533
14 0.1021 0.0776 0.1290 0.1005 0.0172 0.5737
15 0.0687 0.1263 0.1206 0.2534 0.0166 0.4143
16 0.1534 0.4441 0.0655 0.0300 0.0923 0.2147
17 0.0343 0.1180 0.0970 0.0558 0.0157 0.6792
18 0.0632 0.0871 0.0252 0.0121 0.6641 0.1482
19 0.0469 0.1613 0.0850 0.0727 0.0532 0.5811
20 0.0913 0.3501 0.3340 0.1448 0.0254 0.0545
21 0.0979 0.5049 0.0411 0.0683 0.0399 0.2479
22 0.1203 0.3735 0.0629 0.0801 0.0789 0.2842
23 0.1292 0.2529 0.4404 0.0471 0.0649 0.0654
24 0.1224 0.6519 0.0348 0.0382 0.0803 0.0726
25 0.0908 0.6924 0.0286 0.0551 0.0801 0.0530
26 0.0619 0.3618 0.3479 0.0814 0.0192 0.1279
27 0.0784 0.1500 0.0924 0.1572 0.0107 0.5112
28 0.2576 0.4084 0.0830 0.0434 0.1503 0.0570
29 0.0799 0.1127 0.1287 0.2009 0.0106 0.4670
30 0.0818 0.2598 0.2329 0.1626 0.0540 0.2087
31 0.0986 0.3992 0.1564 0.1564 0.0124 0.1771
32 0.1282 0.3457 0.1158 0.0960 0.1522 0.1620
33 0.1521 0.1671 0.1685 0.1953 0.0681 0.2489
34 0.0588 0.2874 0.2496 0.2308 0.0185 0.1550
35 0.1555 0.3215 0.3398 0.0723 0.0752 0.0355
36 0.1086 0.2013 0.1289 0.1832 0.0381 0.3398
37 0.1975 0.5757 0.0566 0.0544 0.0662 0.0495
38 0.1021 0.2030 0.0513 0.0490 0.1440 0.4504
39 0.2715 0.1699 0.1038 0.2778 0.0875 0.0895
40 0.1390 0.4119 0.4119 0.0160 0.0139 0.0075
41 0.4475 0.2529 0.1204 0.0630 0.0983 0.0178
42 0.1163 0.4529 0.2683 0.0913 0.0360 0.0352
43 0.4424 0.2278 0.0558 0.1339 0.0838 0.0562
44 0.1925 0.4045 0.1986 0.1047 0.0487 0.0510
45 0.4055 0.2275 0.0805 0.0641 0.1731 0.0492
46 0.2319 0.1148 0.1498 0.1658 0.2247 0.1130
47 0.2886 0.1764 0.2079 0.0982 0.1428 0.0860
48 0.4170 0.3098 0.1375 0.0337 0.0620 0.0400
49 0.2284 0.3538 0.2321 0.0736 0.0702 0.0419
50 0.0948 0.2292 0.2257 0.1256 0.0647 0.2598
51 0.3501 0.2603 0.1494 0.0618 0.1318 0.0467
52 0.3606 0.3523 0.0986 0.0683 0.0905 0.0298
53 0.1263 0.1355 0.1081 0.3655 0.1072 0.1572
54 0.2308 0.5005 0.0817 0.0195 0.0773 0.0904
55 0.0955 0.2478 0.1552 0.2239 0.0963 0.1813
56 0.3274 0.0771 0.1054 0.1396 0.2651 0.0854
57 0.3049 0.1909 0.2529 0.0686 0.1006 0.0821
58 0.3022 0.2905 0.1020 0.0880 0.1077 0.1094
59 0.3286 0.3499 0.1010 0.0191 0.0948 0.1067
60 0.6016 0.1764 0.0490 0.0538 0.0400 0.0795
61 0.3428 0.0967 0.1594 0.1807 0.1281 0.0923
62 0.2223 0.2312 0.0470 0.1516 0.0979 0.2500
63 0.3838 0.3257 0.1180 0.0721 0.0744 0.0261
64 0.2842 0.1486 0.1724 0.1497 0.1251 0.1203
65 0.1886 0.2517 0.2898 0.0744 0.1423 0.0532
66 0.2230 0.3794 0.2230 0.0295 0.1353 0.0097
67 0.3440 0.3232 0.1527 0.0632 0.1066 0.0104
68 0.3567 0.2693 0.0938 0.1030 0.0686 0.1088
69 0.2949 0.0907 0.4360 0.0493 0.1036 0.0254
70 0.3220 0.2231 0.0840 0.1475 0.1765 0.0468
71 0.2183 0.3379 0.3030 0.0611 0.0391 0.0407
72 0.1487 0.0784 0.1837 0.3076 0.1431 0.1387
73 0.1731 0.4319 0.2294 0.0812 0.0320 0.0524
74 0.1248 0.0711 0.1328 0.5254 0.0572 0.0885
75 0.2345 0.5083 0.0842 0.0715 0.0188 0.0829
76 0.1014 0.2549 0.1185 0.0697 0.0385 0.4170
77 0.1208 0.1815 0.4780 0.1786 0.0315 0.0094
78 0.0923 0.3977 0.1261 0.0290 0.1079 0.2469
79 0.1980 0.1904 0.2815 0.1011 0.2141 0.0147
80 0.2781 0.4583 0.0606 0.0889 0.0394 0.0748
81 0.0877 0.5049 0.0891 0.1287 0.0234 0.1664
82 0.2622 0.3420 0.0865 0.1415 0.0872 0.0806
83 0.2417 0.5752 0.0291 0.0461 0.0305 0.0773
84 0.2573 0.5493 0.0842 0.0682 0.0259 0.0151
85 0.2170 0.3469 0.1652 0.1033 0.1327 0.0349
86 0.1228 0.0884 0.0202 0.0408 0.3525 0.3752
87 0.1066 0.2922 0.0318 0.1327 0.0673 0.3694
88 0.4263 0.1556 0.0696 0.1749 0.0624 0.1112
89 0.2484 0.4160 0.0907 0.1192 0.0623 0.0633
90 0.1432 0.4077 0.0487 0.1080 0.0635 0.2288
91 0.1627 0.3696 0.0435 0.2330 0.0441 0.1470
92 0.4004 0.3704 0.0419 0.0358 0.1021 0.0493
93 0.1763 0.3562 0.0373 0.1281 0.0334 0.2688
94 0.2551 0.4238 0.1006 0.0803 0.1186 0.0216
95 0.4866 0.1669 0.0367 0.1427 0.0279 0.1394
96 0.1979 0.3064 0.0545 0.1448 0.0262 0.2705
97 0.1256 0.2205 0.0528 0.1144 0.0750 0.4119
98 0.1176 0.3706 0.1046 0.2668 0.0707 0.0696
99 0.0865 0.1460 0.0222 0.0723 0.0442 0.6289
100 0.3586 0.4294 0.0428 0.0533 0.0669 0.0489
101 0.1602 0.0733 0.2683 0.3499 0.0858 0.0627
102 0.1533 0.1428 0.5742 0.0952 0.0277 0.0070
103 0.0937 0.3591 0.4197 0.0246 0.0586 0.0443
104 0.2087 0.2920 0.2617 0.1650 0.0528 0.0197
105 0.3367 0.5093 0.0637 0.0618 0.0180 0.0107
106 0.2028 0.4429 0.2465 0.0252 0.0262 0.0567
107 0.1272 0.1030 0.2756 0.0228 0.3403 0.1312
108 0.0991 0.6211 0.1322 0.0309 0.0095 0.1071
109 0.0963 0.5542 0.2072 0.0431 0.0199 0.0792
110 0.1648 0.3030 0.4111 0.0166 0.0815 0.0230
111 0.4275 0.2849 0.0388 0.1410 0.0661 0.0417
112 0.0674 0.1427 0.4329 0.0435 0.2751 0.0384
113 0.1702 0.5117 0.1898 0.0197 0.0621 0.0465
114 0.1968 0.2338 0.2301 0.2031 0.0250 0.1113
115 0.0973 0.1775 0.2141 0.1404 0.0121 0.3586
116 0.1098 0.3057 0.1797 0.1624 0.0155 0.2272
117 0.2595 0.2219 0.0715 0.1399 0.0616 0.2456
118 0.2069 0.0602 0.2534 0.3154 0.0755 0.0883
119 0.2117 0.2871 0.1466 0.2698 0.0630 0.0216
120 0.2922 0.2878 0.0642 0.2462 0.0549 0.0545
121 0.2910 0.2469 0.0821 0.0867 0.0771 0.2162
122 0.2219 0.2576 0.0869 0.0755 0.2678 0.0904
123 0.1460 0.0406 0.2644 0.4641 0.0321 0.0529
124 0.2532 0.3684 0.1957 0.0198 0.0692 0.0939
125 0.2211 0.2428 0.3562 0.0501 0.0563 0.0735
126 0.2172 0.0942 0.1228 0.2500 0.1978 0.1181
127 0.3923 0.2361 0.0703 0.1674 0.0984 0.0356
128 0.2913 0.4341 0.1852 0.0284 0.0397 0.0213
129 0.1917 0.2441 0.2155 0.1218 0.1002 0.1267
130 0.2192 0.2952 0.3423 0.0794 0.0172 0.0467
131 0.0862 0.1235 0.3521 0.1676 0.0307 0.2400
132 0.1791 0.5347 0.1070 0.0989 0.0122 0.0680
133 0.2023 0.4182 0.1469 0.0905 0.0374 0.1049
134 0.1090 0.0761 0.1561 0.4312 0.0144 0.2134
135 0.1936 0.4468 0.2839 0.0277 0.0324 0.0155
136 0.0963 0.1401 0.2744 0.2620 0.0119 0.2153
137 0.1920 0.2666 0.1450 0.2109 0.1372 0.0482
138 0.1012 0.2952 0.3167 0.1060 0.0449 0.1361
139 0.1780 0.1243 0.2358 0.1442 0.0547 0.2632
140 0.2925 0.3315 0.1506 0.1077 0.1093 0.0083
141 0.3911 0.1997 0.1696 0.1012 0.0525 0.0859
142 0.3159 0.4741 0.1135 0.0739 0.0197 0.0030
143 0.1975 0.4382 0.2365 0.0667 0.0317 0.0294
144 0.1672 0.5610 0.2214 0.0173 0.0304 0.0024
145 0.1183 0.4229 0.3450 0.0669 0.0341 0.0129
146 0.1906 0.2905 0.4097 0.0546 0.0428 0.0120
147 0.1036 0.4231 0.3943 0.0439 0.0229 0.0122
148 0.1045 0.3508 0.4612 0.0252 0.0555 0.0029
149 0.1697 0.3481 0.0853 0.1054 0.0834 0.2079
150 0.0749 0.4016 0.0483 0.0433 0.0423 0.3894
151 0.1221 0.3589 0.2817 0.1450 0.0250 0.0674
152 0.1417 0.2930 0.3704 0.0729 0.0182 0.1037
153 0.1301 0.3735 0.2162 0.1805 0.0256 0.0741
154 0.0638 0.6919 0.1906 0.0107 0.0364 0.0067
155 0.2295 0.6289 0.0717 0.0193 0.0435 0.0072
156 0.3052 0.4653 0.1122 0.0475 0.0433 0.0265
157 0.0594 0.1199 0.1758 0.3184 0.0032 0.3235
158 0.0463 0.2949 0.1495 0.0246 0.4751 0.0096
159 0.2303 0.1262 0.1547 0.1583 0.1333 0.1970
160 0.1686 0.3250 0.1740 0.0127 0.3149 0.0048
161 0.2045 0.5601 0.1069 0.0108 0.1155 0.0023
162 0.0739 0.4854 0.1287 0.0986 0.0496 0.1638
163 0.3269 0.1967 0.2229 0.0807 0.0323 0.1405
164 0.0641 0.0371 0.1715 0.6177 0.0312 0.0785
165 0.3735 0.2732 0.1792 0.0730 0.0783 0.0226
166 0.3391 0.3040 0.0562 0.0381 0.2461 0.0166
167 0.1125 0.3440 0.3606 0.1143 0.0033 0.0651
168 0.1306 0.4490 0.3608 0.0261 0.0140 0.0194
169 0.2651 0.2737 0.1781 0.1234 0.1476 0.0122
170 0.0635 0.8306 0.0687 0.0089 0.0275 0.0010
171 0.1091 0.1757 0.2874 0.0993 0.0480 0.2808
172 0.1163 0.2856 0.1448 0.3237 0.0096 0.1200
173 0.3098 0.2529 0.1698 0.2231 0.0394 0.0051
174 0.2820 0.2015 0.1375 0.3220 0.0331 0.0241
175 0.1798 0.0779 0.2659 0.3467 0.0850 0.0448
176 0.2083 0.0976 0.1957 0.3433 0.1323 0.0228
177 0.1267 0.0594 0.3525 0.2172 0.2206 0.0236
178 0.2479 0.3723 0.1327 0.1267 0.1092 0.0112
179 0.2600 0.3186 0.1589 0.0799 0.1577 0.0249
180 0.0683 0.5415 0.1306 0.2087 0.0107 0.0402
181 0.1886 0.1691 0.1425 0.3208 0.1100 0.0688
182 0.2979 0.3481 0.1793 0.1054 0.0494 0.0198
183 0.2323 0.5483 0.0601 0.0640 0.0382 0.0569
184 0.1929 0.4084 0.1049 0.1812 0.0119 0.1008
185 0.0661 0.1179 0.2827 0.0810 0.4246 0.0278
186 0.0712 0.2264 0.6060 0.0044 0.0887 0.0034
187 0.3083 0.3606 0.1285 0.1564 0.0303 0.0157
188 0.3516 0.2361 0.1169 0.1912 0.0910 0.0133
189 0.0970 0.1118 0.2681 0.3779 0.0948 0.0504
190 0.1108 0.1025 0.2617 0.2346 0.2498 0.0405
191 0.0176 0.0560 0.1030 0.7148 0.0479 0.0605
192 0.2189 0.0745 0.1026 0.3872 0.0699 0.1470
193 0.4048 0.2100 0.1537 0.1782 0.0444 0.0089
194 0.0598 0.0688 0.1843 0.4492 0.0085 0.2294
195 0.1570 0.0747 0.3945 0.2886 0.0522 0.0329
196 0.2866 0.2568 0.1558 0.2321 0.0264 0.0423
197 0.1952 0.3347 0.2817 0.1193 0.0529 0.0161
198 0.1700 0.3127 0.3833 0.0561 0.0552 0.0227
199 0.3899 0.1447 0.0912 0.2944 0.0357 0.0441
200 0.5410 0.0911 0.0786 0.2220 0.0240 0.0434
201 0.2961 0.3892 0.1254 0.1454 0.0198 0.0241
202 0.1420 0.2551 0.1376 0.3625 0.0888 0.0142
203 0.3799 0.3225 0.0468 0.1168 0.1089 0.0251
204 0.1194 0.0482 0.1968 0.5269 0.0376 0.0713
205 0.2976 0.1232 0.2178 0.2627 0.0944 0.0041
206 0.1071 0.2651 0.1808 0.2130 0.0309 0.2032
207 0.3828 0.2549 0.0686 0.2032 0.0565 0.0340
208 0.1399 0.1160 0.2236 0.3464 0.1090 0.0651
209 0.0645 0.6211 0.1620 0.0990 0.0293 0.0243
210 0.0405 0.2155 0.5767 0.1370 0.0076 0.0231
211 0.0778 0.4409 0.3381 0.0772 0.0527 0.0132
212 0.1449 0.1566 0.2563 0.2158 0.0283 0.1980
213 0.0395 0.3716 0.4553 0.0767 0.0523 0.0045
214 0.2393 0.3481 0.1384 0.1764 0.0486 0.0493
215 0.2120 0.0857 0.1626 0.4932 0.0363 0.0103
216 0.1127 0.1042 0.2041 0.3472 0.0627 0.1692
217 0.1131 0.3652 0.2032 0.1063 0.0748 0.1375
218 0.1429 0.4436 0.2230 0.0339 0.0582 0.0982
219 0.3792 0.3562 0.0546 0.0936 0.1078 0.0085
220 0.1754 0.3101 0.2937 0.1355 0.0630 0.0223
221 0.1942 0.2019 0.2166 0.2067 0.1741 0.0066
222 0.3560 0.1427 0.2076 0.1230 0.1580 0.0130
223 0.0550 0.4717 0.2299 0.1438 0.0669 0.0329
224 0.0329 0.2130 0.2001 0.0615 0.4653 0.0271
225 0.0522 0.3708 0.1376 0.0610 0.3708 0.0073
226 0.1483 0.2262 0.4429 0.0921 0.0839 0.0065
227 0.1859 0.3188 0.1360 0.2664 0.0769 0.0160
228 0.0750 0.4348 0.2222 0.1401 0.0672 0.0607
229 0.1604 0.4392 0.2297 0.0521 0.0965 0.0220
230 0.0341 0.1237 0.1390 0.1041 0.5947 0.0045
231 0.3481 0.1849 0.0659 0.2754 0.0713 0.0542
232 0.0200 0.0896 0.0743 0.2847 0.3328 0.1987
233 0.0156 0.2717 0.1304 0.1098 0.2473 0.2252
234 0.2467 0.3245 0.1644 0.1968 0.0555 0.0123
235 0.0339 0.1670 0.3218 0.0966 0.3591 0.0216
236 0.1260 0.4539 0.1952 0.0922 0.0226 0.1104
237 0.0931 0.4692 0.2115 0.0261 0.1647 0.0353
238 0.1230 0.0807 0.2059 0.4534 0.0988 0.0381
239 0.2061 0.2817 0.0542 0.0513 0.0478 0.3589
240 0.2216 0.6025 0.0834 0.0552 0.0263 0.0111
241 0.0326 0.2261 0.4712 0.1788 0.0832 0.0080
242 0.0298 0.4087 0.3550 0.0308 0.1703 0.0055
243 0.1152 0.4700 0.0925 0.0593 0.0527 0.2102
244 0.1425 0.4219 0.0285 0.0408 0.0165 0.3499
245 0.2195 0.2817 0.1362 0.1362 0.1175 0.1086
246 0.0938 0.4990 0.2756 0.0620 0.0518 0.0179
247 0.1658 0.4470 0.3047 0.0331 0.0460 0.0034
248 0.1676 0.1379 0.0744 0.0905 0.4348 0.0948
249 0.1610 0.1141 0.4514 0.2100 0.0531 0.0105
250 0.1013 0.1322 0.1062 0.0681 0.4402 0.1521
251 0.0818 0.1527 0.2722 0.0647 0.3840 0.0445
252 0.1283 0.1726 0.1262 0.1080 0.3711 0.0938
253 0.0438 0.1002 0.0710 0.0294 0.6846 0.0710
254 0.0599 0.0608 0.1995 0.3137 0.3088 0.0571
255 0.7178 0.1843 0.0647 0.0041 0.0283 0.0010
256 0.7261 0.1752 0.0654 0.0041 0.0284 0.0010
257 0.7153 0.1837 0.0676 0.0034 0.0293 0.0008
258 0.7153 0.1837 0.0676 0.0034 0.0293 0.0008
