time exciting_prob fearful_prob tense_prob sad_prob relaxing_prob neutral_prob
0 0.2115 0.0895 0.1699 0.3276 0.0340 0.1674
1 0.0830 0.1246 0.1226 0.4214 0.0699 0.1785
2 0.1526 0.1152 0.3333 0.2764 0.0287 0.0940
3 0.1913 0.1825 0.0535 0.1561 0.0239 0.3926
4 0.0666 0.0606 0.2117 0.1840 0.0075 0.4697
5 0.1899 0.1411 0.1757 0.4148 0.0411 0.0374
6 0.2020 0.3435 0.3127 0.0626 0.0296 0.0495
7 0.1858 0.2500 0.1359 0.2788 0.0576 0.0920
8 0.1194 0.1053 0.2954 0.3196 0.0271 0.1332
9 0.2510 0.2800 0.1698 0.1475 0.0765 0.0753
10 0.0662 0.2440 0.2186 0.2556 0.0285 0.1870
11 0.0457 0.3098 0.3401 0.2063 0.0228 0.0753
12 0.2178 0.1952 0.1984 0.2932 0.0184 0.0771
13 0.1098 0.3657 0.1897 0.2512 0.0075 0.0760
14 0.1387 0.5356 0.1105 0.1252 0.0286 0.0615
15 0.1301 0.1014 0.0881 0.3650 0.1261 0.1893
16 0.1155 0.0900 0.0529 0.5596 0.0832 0.0988
17 0.0742 0.1113 0.0397 0.5391 0.0605 0.1750
18 0.0117 0.4626 0.1389 0.3491 0.0284 0.0093
19 0.0363 0.1600 0.0817 0.5850 0.0179 0.1189
20 0.0881 0.3511 0.2651 0.2231 0.0219 0.0506
21 0.0264 0.2063 0.0555 0.5786 0.0102 0.1232
22 0.0848 0.4109 0.0991 0.3569 0.0144 0.0337
23 0.0435 0.3394 0.0668 0.5093 0.0107 0.0303
24 0.1230 0.3940 0.0813 0.3369 0.0154 0.0493
25 0.0292 0.0877 0.0224 0.7578 0.0109 0.0919
26 0.0473 0.5850 0.0955 0.2136 0.0150 0.0434
27 0.0940 0.3206 0.1161 0.2069 0.0404 0.2220
28 0.0129 0.0840 0.0827 0.7974 0.0075 0.0157
29 0.0147 0.0339 0.0250 0.9160 0.0064 0.0041
30 0.1098 0.2986 0.1024 0.4482 0.0291 0.0120
31 0.2551 0.2324 0.1324 0.2937 0.0569 0.0293
32 0.2120 0.2384 0.0963 0.3552 0.0236 0.0745
33 0.0909 0.1343 0.0498 0.6660 0.0231 0.0359
34 0.1354 0.2250 0.1186 0.3767 0.1038 0.0403
35 0.3347 0.1462 0.0873 0.3481 0.0526 0.0311
36 0.4268 0.3948 0.1014 0.0406 0.0312 0.0051
37 0.0862 0.2534 0.1490 0.3987 0.0194 0.0933
38 0.0613 0.2445 0.1680 0.4861 0.0260 0.0140
39 0.0157 0.0990 0.0376 0.7788 0.0099 0.0591
40 0.0614 0.4006 0.1061 0.3269 0.0235 0.0814
41 0.0798 0.2170 0.0363 0.4316 0.1359 0.0994
42 0.0364 0.1061 0.1013 0.6401 0.0085 0.1078
43 0.0904 0.1573 0.0792 0.5669 0.0677 0.0386
44 0.0279 0.0618 0.0900 0.7891 0.0094 0.0217
45 0.0327 0.1943 0.1356 0.5620 0.0130 0.0621
46 0.0472 0.1825 0.0307 0.6782 0.0144 0.0469
47 0.1926 0.6167 0.0968 0.0725 0.0134 0.0079
48 0.1160 0.3464 0.3203 0.1637 0.0036 0.0499
49 0.0444 0.0925 0.0300 0.7388 0.0278 0.0666
50 0.0775 0.2206 0.0627 0.5376 0.0344 0.0673
51 0.0275 0.0560 0.0397 0.7612 0.0233 0.0923
52 0.0520 0.1801 0.0328 0.6904 0.0196 0.0253
53 0.0648 0.0459 0.0187 0.6963 0.0375 0.1371
54 0.1060 0.2389 0.0988 0.4326 0.0585 0.0653
55 0.0211 0.1946 0.0575 0.6685 0.0132 0.0451
56 0.0979 0.5376 0.0864 0.2423 0.0130 0.0227
57 0.0923 0.3650 0.0348 0.4333 0.0376 0.0370
58 0.0839 0.5913 0.2076 0.0663 0.0264 0.0244
59 0.1067 0.2520 0.1528 0.4221 0.0219 0.0445
60 0.0210 0.2812 0.3186 0.2642 0.0224 0.0927
61 0.0142 0.1742 0.0715 0.5449 0.0238 0.1715
62 0.1604 0.1483 0.1761 0.3999 0.0563 0.0590
63 0.0882 0.1500 0.0961 0.4768 0.0094 0.1796
64 0.2205 0.2023 0.1703 0.2274 0.0132 0.1664
65 0.1735 0.3140 0.1708 0.2666 0.0125 0.0628
66 0.3511 0.3350 0.0304 0.1006 0.0526 0.1301
67 0.0906 0.1010 0.1059 0.2705 0.1110 0.3210
68 0.0604 0.3699 0.2426 0.2351 0.0237 0.0684
69 0.0757 0.7012 0.0898 0.0408 0.0124 0.0800
70 0.0635 0.5156 0.1957 0.2018 0.0183 0.0053
71 0.0690 0.0301 0.0459 0.0599 0.0059 0.7891
72 0.1171 0.0884 0.1306 0.4150 0.0528 0.1960
73 0.0949 0.1615 0.2581 0.3262 0.0076 0.1517
74 0.0304 0.4905 0.1260 0.3318 0.0011 0.0204
75 0.1776 0.4717 0.1531 0.1427 0.0240 0.0309
76 0.1152 0.4246 0.1514 0.2168 0.0071 0.0849
77 0.0595 0.5513 0.1270 0.2194 0.0042 0.0384
78 0.1228 0.5293 0.0508 0.1614 0.0168 0.1190
79 0.1373 0.3401 0.0388 0.2507 0.0394 0.1937
80 0.2625 0.3789 0.0604 0.1721 0.0533 0.0729
81 0.1990 0.5581 0.0767 0.1433 0.0174 0.0053
82 0.0782 0.5601 0.0486 0.2729 0.0341 0.0063
83 0.3237 0.4255 0.0928 0.1163 0.0169 0.0248
84 0.1510 0.4302 0.0433 0.3538 0.0190 0.0027
85 0.1479 0.5371 0.1236 0.1456 0.0255 0.0203
86 0.0858 0.2227 0.0845 0.1119 0.0347 0.4604
87 0.0604 0.2795 0.1077 0.1862 0.0238 0.3423
88 0.1616 0.2076 0.0900 0.2142 0.1860 0.1405
89 0.0539 0.1105 0.1214 0.6460 0.0185 0.0498
90 0.0537 0.2059 0.1339 0.4863 0.0396 0.0806
91 0.0501 0.4434 0.0509 0.2449 0.0231 0.1877
92 0.0294 0.3970 0.0240 0.2949 0.0102 0.2445
93 0.0666 0.1478 0.0954 0.1081 0.0499 0.5322
94 0.1902 0.3694 0.1359 0.1392 0.0818 0.0837
95 0.1353 0.0783 0.0394 0.5068 0.0324 0.2079
96 0.0998 0.2954 0.0319 0.2507 0.1157 0.2063
97 0.0989 0.1250 0.0237 0.4717 0.0900 0.1907
98 0.0673 0.0739 0.1458 0.6528 0.0066 0.0536
99 0.0521 0.1981 0.0845 0.6494 0.0015 0.0141
100 0.2222 0.1357 0.0919 0.5044 0.0205 0.0251
101 0.0732 0.2274 0.0612 0.6084 0.0066 0.0231
102 0.1116 0.0682 0.4592 0.3105 0.0063 0.0441
103 0.3071 0.0595 0.0814 0.5063 0.0107 0.0347
104 0.3264 0.1393 0.0525 0.3530 0.0390 0.0899
105 0.0900 0.1129 0.1202 0.4229 0.0204 0.2335
106 0.0889 0.0797 0.3154 0.3306 0.0059 0.1797
107 0.0936 0.3818 0.1642 0.2708 0.0412 0.0485
108 0.1344 0.1097 0.1243 0.4763 0.0291 0.1262
109 0.0914 0.1121 0.0997 0.5347 0.0900 0.0723
110 0.1262 0.3074 0.0901 0.3708 0.0654 0.0400
111 0.1458 0.6040 0.0584 0.1126 0.0308 0.0484
112 0.3230 0.2576 0.1143 0.1049 0.0869 0.1134
113 0.1099 0.4590 0.1024 0.1688 0.0166 0.1433
114 0.2191 0.5381 0.0323 0.0428 0.0238 0.1437
115 0.2651 0.4373 0.0676 0.1420 0.0257 0.0625
116 0.0915 0.2954 0.0367 0.3794 0.0152 0.1820
117 0.1735 0.1146 0.0706 0.5425 0.0529 0.0460
118 0.0621 0.1584 0.1007 0.5796 0.0230 0.0760
119 0.0630 0.4514 0.1334 0.3252 0.0088 0.0182
120 0.0750 0.1316 0.1469 0.5371 0.0236 0.0857
121 0.1991 0.1276 0.0427 0.4417 0.0466 0.1423
122 0.1087 0.0629 0.0219 0.2864 0.0331 0.4871
123 0.0723 0.2903 0.3342 0.2369 0.0554 0.0107
124 0.2042 0.5815 0.1229 0.0825 0.0050 0.0036
125 0.0916 0.1864 0.0256 0.3945 0.0179 0.2842
126 0.0818 0.4385 0.0272 0.2744 0.0217 0.1564
127 0.0583 0.3865 0.0249 0.2036 0.0211 0.3057
128 0.1022 0.2588 0.0802 0.2394 0.0439 0.2756
129 0.0749 0.5405 0.0263 0.2515 0.0206 0.0862
130 0.3293 0.1078 0.0239 0.2668 0.1271 0.1450
131 0.1816 0.4712 0.0390 0.0845 0.1146 0.1093
132 0.1061 0.4363 0.0782 0.1230 0.0922 0.1643
133 0.0301 0.5586 0.0774 0.2766 0.0199 0.0371
134 0.0423 0.2184 0.0410 0.4480 0.0368 0.2134
135 0.0773 0.0548 0.1913 0.5981 0.0382 0.0401
136 0.3386 0.1870 0.0768 0.2256 0.0549 0.1171
137 0.1582 0.0967 0.0439 0.6509 0.0224 0.0279
138 0.2705 0.3584 0.1268 0.0892 0.1298 0.0254
139 0.1459 0.3137 0.0508 0.3391 0.1190 0.0316
140 0.2246 0.1952 0.0609 0.2795 0.2045 0.0352
141 0.1796 0.4014 0.0365 0.2803 0.0640 0.0382
142 0.2452 0.5439 0.0530 0.0443 0.1088 0.0046
143 0.0792 0.6177 0.1090 0.1357 0.0186 0.0398
144 0.0179 0.5356 0.0479 0.2869 0.0191 0.0924
145 0.0461 0.1594 0.0193 0.7148 0.0037 0.0569
146 0.0548 0.3467 0.1378 0.3010 0.0082 0.1514
147 0.0164 0.2052 0.0810 0.2595 0.0101 0.4277
148 0.0376 0.4834 0.2932 0.1486 0.0081 0.0293
149 0.0216 0.1777 0.0385 0.6401 0.0256 0.0966
150 0.0628 0.5957 0.1019 0.0988 0.0097 0.1309
151 0.0226 0.2377 0.0329 0.0413 0.0092 0.6562
152 0.0243 0.2898 0.0242 0.1066 0.0223 0.5327
153 0.0187 0.0251 0.0343 0.0948 0.0085 0.8188
154 0.2181 0.3513 0.1809 0.1686 0.0175 0.0635
155 0.2274 0.3899 0.1266 0.1976 0.0320 0.0263
156 0.0718 0.2177 0.1543 0.1495 0.1183 0.2883
157 0.2430 0.4167 0.1053 0.0555 0.0696 0.1096
158 0.0346 0.2330 0.0598 0.3186 0.0253 0.3286
159 0.1233 0.4170 0.0479 0.1243 0.0625 0.2250
160 0.2076 0.4829 0.0339 0.1920 0.0449 0.0387
161 0.2328 0.4629 0.0798 0.0312 0.0280 0.1650
162 0.0856 0.2256 0.0271 0.0519 0.0156 0.5942
163 0.0753 0.1185 0.0388 0.1343 0.0121 0.6211
164 0.1666 0.1043 0.0323 0.4321 0.1043 0.1603
165 0.2343 0.2847 0.0398 0.3516 0.0175 0.0720
166 0.0912 0.1705 0.0408 0.4856 0.0246 0.1873
167 0.0932 0.3103 0.0875 0.3745 0.0175 0.1169
168 0.0173 0.2014 0.0326 0.5737 0.0155 0.1593
169 0.0786 0.4019 0.1378 0.2576 0.0092 0.1152
170 0.1326 0.4629 0.0750 0.2054 0.0357 0.0884
171 0.0843 0.4890 0.0584 0.1716 0.0167 0.1799
172 0.0895 0.3403 0.1176 0.4041 0.0032 0.0453
173 0.1959 0.0646 0.0883 0.4629 0.0656 0.1226
174 0.0509 0.1497 0.4683 0.1863 0.0206 0.1241
175 0.1315 0.3689 0.2534 0.1549 0.0175 0.0738
176 0.0158 0.0847 0.0252 0.7432 0.0379 0.0930
177 0.1620 0.3376 0.1375 0.0681 0.0901 0.2047
178 0.0814 0.7715 0.0690 0.0367 0.0326 0.0087
179 0.1136 0.4495 0.0878 0.0493 0.0477 0.2522
180 0.2046 0.2505 0.1053 0.0619 0.0559 0.3218
181 0.0919 0.2040 0.0532 0.0994 0.0308 0.5210
182 0.1339 0.4604 0.1299 0.0525 0.1299 0.0935
183 0.0875 0.4805 0.1610 0.1768 0.0132 0.0809
184 0.0152 0.0395 0.0187 0.0876 0.0071 0.8320
185 0.0910 0.1754 0.0645 0.0472 0.0379 0.5840
186 0.0811 0.3159 0.0151 0.1786 0.0455 0.3638
187 0.1298 0.1666 0.0238 0.1068 0.4189 0.1541
188 0.1578 0.3784 0.1591 0.1201 0.0618 0.1229
189 0.1486 0.6870 0.0820 0.0596 0.0173 0.0055
190 0.1868 0.3772 0.1525 0.2067 0.0203 0.0565
191 0.1609 0.4956 0.0547 0.1672 0.0362 0.0854
192 0.2136 0.3062 0.0371 0.3469 0.0451 0.0511
193 0.2223 0.3015 0.0310 0.2024 0.0627 0.1801
194 0.0593 0.3257 0.1217 0.1771 0.1575 0.1587
195 0.0095 0.0905 0.0116 0.8003 0.0185 0.0694
196 0.1055 0.1837 0.0263 0.3713 0.0620 0.2512
197 0.0450 0.0743 0.0152 0.7383 0.0286 0.0984
198 0.0704 0.0307 0.0208 0.6372 0.0208 0.2202
199 0.1279 0.2192 0.0361 0.2389 0.0638 0.3140
200 0.3523 0.4055 0.0484 0.0677 0.0411 0.0850
201 0.0840 0.1166 0.0087 0.6406 0.0219 0.1282
202 0.0378 0.0997 0.1203 0.5146 0.0385 0.1892
203 0.0653 0.0684 0.0775 0.6392 0.0276 0.1220
204 0.1371 0.3188 0.0878 0.3042 0.0283 0.1238
205 0.0254 0.0248 0.0165 0.8149 0.0254 0.0929
206 0.0196 0.0304 0.0936 0.6011 0.0275 0.2280
207 0.0300 0.1606 0.0250 0.1054 0.0231 0.6558
208 0.0793 0.5815 0.0710 0.0787 0.0151 0.1746
209 0.0621 0.4377 0.0602 0.1142 0.0178 0.3081
210 0.0674 0.3240 0.0550 0.0757 0.0209 0.4570
211 0.0697 0.0999 0.0342 0.4011 0.0125 0.3828
212 0.0811 0.1931 0.0963 0.3962 0.0212 0.2120
213 0.0727 0.1198 0.0607 0.5669 0.0374 0.1423
214 0.0782 0.2408 0.4641 0.1085 0.0047 0.1036
215 0.0959 0.0901 0.1440 0.4368 0.0167 0.2163
216 0.2479 0.3994 0.1199 0.1639 0.0113 0.0575
217 0.2578 0.3635 0.0424 0.2347 0.0445 0.0571
218 0.2056 0.3135 0.2766 0.1771 0.0054 0.0220
219 0.1473 0.3591 0.1203 0.2507 0.0331 0.0894
220 0.0602 0.3257 0.0469 0.4558 0.0230 0.0883
221 0.1373 0.3479 0.0701 0.2354 0.0425 0.1669
222 0.1279 0.1138 0.0893 0.3560 0.0648 0.2484
223 0.1605 0.0529 0.1052 0.3672 0.0577 0.2563
224 0.2344 0.1959 0.0682 0.2418 0.0607 0.1990
225 0.0461 0.0771 0.0263 0.7319 0.0070 0.1114
226 0.0269 0.1274 0.0472 0.7217 0.0051 0.0715
227 0.0517 0.3291 0.0415 0.3447 0.0172 0.2158
228 0.3054 0.0640 0.1536 0.3303 0.0370 0.1097
229 0.2308 0.3281 0.0817 0.1702 0.0566 0.1326
230 0.1420 0.1699 0.2234 0.3252 0.0526 0.0868
231 0.1259 0.0594 0.1328 0.5381 0.0347 0.1093
232 0.1042 0.1163 0.0392 0.5635 0.0632 0.1136
233 0.0497 0.1670 0.1021 0.6108 0.0189 0.0517
234 0.1310 0.2666 0.2013 0.3167 0.0288 0.0559
235 0.1858 0.2312 0.0734 0.3638 0.0580 0.0878
236 0.1237 0.2460 0.0580 0.3750 0.0528 0.1445
237 0.0724 0.2449 0.0467 0.4719 0.0201 0.1439
238 0.0498 0.4543 0.0530 0.3376 0.0113 0.0938
239 0.0858 0.2520 0.1349 0.3499 0.0489 0.1287
240 0.3252 0.1769 0.1273 0.2494 0.0236 0.0977
241 0.6812 0.2283 0.0564 0.0035 0.0299 0.0006
242 0.7324 0.1559 0.0772 0.0046 0.0288 0.0011
243 0.7324 0.1559 0.0772 0.0046 0.0288 0.0011
244 0.7324 0.1559 0.0772 0.0046 0.0288 0.0011
245 0.7324 0.1559 0.0772 0.0046 0.0288 0.0011
246 0.7324 0.1559 0.0772 0.0046 0.0288 0.0011
247 0.6577 0.2169 0.0876 0.0096 0.0253 0.0025
248 0.1136 0.1553 0.1349 0.1288 0.0181 0.4492
