time exciting_prob fearful_prob tense_prob sad_prob relaxing_prob neutral_prob
0 0.1136 0.1553 0.1349 0.1288 0.0181 0.4492
1 0.1696 0.1832 0.2045 0.3645 0.0449 0.0334
2 0.0870 0.0830 0.1327 0.6230 0.0171 0.0571
3 0.1680 0.1654 0.2296 0.4031 0.0140 0.0201
4 0.2161 0.0400 0.2161 0.4871 0.0271 0.0137
5 0.2632 0.0616 0.2183 0.3655 0.0803 0.0112
6 0.1744 0.0267 0.2136 0.5205 0.0557 0.0088
7 0.1907 0.0724 0.2690 0.4038 0.0358 0.0284
8 0.3879 0.1495 0.2466 0.1240 0.0712 0.0206
9 0.3821 0.2161 0.1362 0.1936 0.0555 0.0165
10 0.3071 0.1594 0.3647 0.0724 0.0501 0.0460
11 0.2761 0.1755 0.2939 0.1455 0.0583 0.0507
12 0.3142 0.2485 0.3191 0.0685 0.0316 0.0183
13 0.4004 0.2317 0.1749 0.1362 0.0412 0.0156
14 0.3137 0.1732 0.3667 0.0818 0.0333 0.0311
15 0.3008 0.2493 0.3201 0.0822 0.0327 0.0151
16 0.0653 0.6909 0.0781 0.1027 0.0061 0.0567
17 0.1268 0.5957 0.0781 0.1628 0.0038 0.0328
18 0.1803 0.1320 0.0326 0.4604 0.0252 0.1694
19 0.0500 0.2351 0.1360 0.5464 0.0061 0.0262
20 0.1230 0.0989 0.0242 0.6445 0.0381 0.0712
21 0.2356 0.1429 0.0416 0.4685 0.0293 0.0821
22 0.2610 0.6357 0.0771 0.0100 0.0126 0.0034
23 0.1193 0.7139 0.1261 0.0326 0.0058 0.0021
24 0.3069 0.4329 0.1174 0.1012 0.0190 0.0226
25 0.2445 0.4292 0.0290 0.1268 0.1630 0.0074
26 0.2471 0.4404 0.0267 0.2549 0.0267 0.0041
27 0.2499 0.6138 0.0637 0.0283 0.0323 0.0122
28 0.2062 0.6602 0.0776 0.0397 0.0135 0.0026
29 0.1003 0.3213 0.2834 0.2622 0.0212 0.0118
30 0.1625 0.1100 0.0779 0.4348 0.0305 0.1842
31 0.2134 0.2576 0.2036 0.2168 0.0451 0.0636
32 0.2639 0.4487 0.1652 0.0774 0.0166 0.0282
33 0.3484 0.4333 0.1354 0.0702 0.0078 0.0050
34 0.2230 0.5103 0.1222 0.0847 0.0471 0.0127
35 0.2214 0.1407 0.0403 0.5479 0.0423 0.0073
36 0.3198 0.2866 0.2651 0.0620 0.0332 0.0334
37 0.2698 0.5039 0.1755 0.0142 0.0351 0.0014
38 0.2240 0.4219 0.3135 0.0210 0.0148 0.0048
39 0.1941 0.1234 0.4802 0.0961 0.0174 0.0889
40 0.2140 0.2278 0.2664 0.1774 0.1011 0.0136
41 0.2399 0.5752 0.1056 0.0640 0.0128 0.0023
42 0.2991 0.3782 0.2008 0.0728 0.0292 0.0199
43 0.2047 0.1462 0.3884 0.1724 0.0735 0.0147
44 0.3037 0.0926 0.2257 0.2517 0.1135 0.0128
45 0.0963 0.2966 0.1613 0.3635 0.0459 0.0363
46 0.4573 0.2605 0.1212 0.0922 0.0326 0.0364
47 0.2449 0.2264 0.2264 0.1998 0.0619 0.0406
48 0.3792 0.0573 0.2688 0.0901 0.0490 0.1556
49 0.1577 0.2947 0.4424 0.0837 0.0141 0.0075
50 0.3411 0.4312 0.0461 0.0992 0.0651 0.0175
51 0.1395 0.7603 0.0199 0.0610 0.0136 0.0057
52 0.1082 0.1575 0.0480 0.6035 0.0300 0.0527
53 0.2681 0.3901 0.2294 0.0431 0.0488 0.0204
54 0.1848 0.4719 0.2861 0.0326 0.0228 0.0018
55 0.0839 0.2175 0.3369 0.3069 0.0486 0.0064
56 0.5640 0.0572 0.0769 0.2208 0.0396 0.0415
57 0.2073 0.3416 0.2423 0.1042 0.1026 0.0021
58 0.3281 0.2720 0.2678 0.0985 0.0166 0.0170
59 0.0807 0.2266 0.4231 0.2030 0.0361 0.0304
60 0.2869 0.2473 0.2493 0.0784 0.0213 0.1168
61 0.1802 0.1859 0.3474 0.2502 0.0264 0.0100
62 0.0892 0.3315 0.3584 0.1980 0.0164 0.0065
63 0.3076 0.2512 0.3486 0.0635 0.0228 0.0063
64 0.1816 0.1393 0.4568 0.1707 0.0474 0.0043
65 0.3640 0.3420 0.2010 0.0336 0.0360 0.0235
66 0.1722 0.7026 0.0428 0.0471 0.0250 0.0103
67 0.3250 0.3149 0.2166 0.1115 0.0208 0.0112
68 0.2527 0.3975 0.3000 0.0304 0.0160 0.0033
69 0.1477 0.4805 0.2512 0.0499 0.0105 0.0602
70 0.4287 0.1615 0.2224 0.0231 0.1068 0.0576
71 0.3352 0.4653 0.1511 0.0267 0.0185 0.0033
72 0.1974 0.2573 0.2380 0.2573 0.0175 0.0322
73 0.2291 0.1100 0.2764 0.3037 0.0187 0.0622
74 0.2025 0.2856 0.0800 0.3286 0.0812 0.0220
75 0.1054 0.2910 0.1333 0.4438 0.0219 0.0045
76 0.4097 0.2372 0.1289 0.1351 0.0845 0.0044
77 0.1466 0.4958 0.0645 0.1912 0.0931 0.0089
78 0.1281 0.4985 0.0997 0.2213 0.0347 0.0176
79 0.2418 0.4377 0.2272 0.0698 0.0202 0.0032
80 0.1005 0.1709 0.2372 0.4163 0.0425 0.0326
81 0.1808 0.0615 0.2891 0.3828 0.0307 0.0551
82 0.1847 0.1439 0.2159 0.3093 0.0339 0.1121
83 0.2095 0.2264 0.3296 0.1709 0.0115 0.0521
84 0.1997 0.1461 0.4573 0.1439 0.0095 0.0435
85 0.3982 0.3921 0.0522 0.0491 0.1055 0.0030
86 0.1951 0.6602 0.0609 0.0294 0.0474 0.0071
87 0.2551 0.1780 0.3433 0.0640 0.1071 0.0526
88 0.3477 0.2465 0.2544 0.0717 0.0285 0.0513
89 0.1483 0.2603 0.4094 0.1680 0.0073 0.0069
90 0.1785 0.3467 0.3867 0.0830 0.0028 0.0025
91 0.2229 0.4297 0.1877 0.1384 0.0081 0.0131
92 0.1361 0.2881 0.3420 0.2208 0.0105 0.0025
93 0.2612 0.1159 0.3354 0.2341 0.0149 0.0385
94 0.0471 0.5747 0.2048 0.1522 0.0120 0.0092
95 0.1364 0.4041 0.2339 0.1821 0.0364 0.0072
96 0.0669 0.3093 0.3674 0.2161 0.0337 0.0066
97 0.1259 0.1201 0.5552 0.1694 0.0274 0.0018
98 0.1650 0.0710 0.4629 0.2598 0.0374 0.0040
99 0.1222 0.2178 0.4758 0.1241 0.0453 0.0148
100 0.1127 0.1517 0.1448 0.5381 0.0449 0.0080
101 0.0953 0.2549 0.3652 0.2322 0.0439 0.0085
102 0.1320 0.4067 0.1669 0.2281 0.0521 0.0142
103 0.3535 0.4333 0.0596 0.0403 0.1121 0.0012
104 0.2505 0.2465 0.2352 0.1965 0.0623 0.0090
105 0.2600 0.0537 0.4785 0.1482 0.0554 0.0041
106 0.1613 0.3257 0.1613 0.3059 0.0380 0.0079
107 0.2003 0.2035 0.1796 0.3628 0.0200 0.0340
108 0.1086 0.4431 0.2817 0.0648 0.0758 0.0260
109 0.2917 0.0531 0.1444 0.4243 0.0223 0.0641
110 0.1009 0.1827 0.2346 0.4592 0.0128 0.0097
111 0.0439 0.5146 0.2146 0.1835 0.0413 0.0020
112 0.2783 0.0932 0.3687 0.1769 0.0171 0.0661
113 0.4023 0.0637 0.2639 0.1758 0.0113 0.0830
114 0.1266 0.5498 0.0434 0.1390 0.1348 0.0067
115 0.3696 0.1641 0.2444 0.0673 0.1530 0.0015
116 0.3547 0.2477 0.2477 0.0349 0.1108 0.0043
117 0.1615 0.2462 0.3064 0.2462 0.0231 0.0164
118 0.0622 0.8325 0.0333 0.0325 0.0386 0.0010
119 0.6602 0.1174 0.0212 0.0375 0.1631 0.0006
120 0.1863 0.6108 0.1241 0.0471 0.0292 0.0026
121 0.3042 0.2644 0.2812 0.0793 0.0321 0.0387
122 0.2544 0.3215 0.2175 0.0958 0.0347 0.0764
123 0.2052 0.0687 0.3438 0.1958 0.0164 0.1702
124 0.5508 0.1830 0.1298 0.0378 0.0806 0.0181
125 0.0825 0.0787 0.2971 0.5054 0.0272 0.0086
126 0.1498 0.2179 0.3428 0.1807 0.0275 0.0814
127 0.3108 0.2037 0.3689 0.0677 0.0282 0.0205
128 0.2671 0.0587 0.3594 0.1724 0.0397 0.1030
129 0.3882 0.1497 0.1221 0.2391 0.0345 0.0664
130 0.3704 0.2839 0.2177 0.0696 0.0482 0.0104
131 0.3320 0.1281 0.1982 0.1670 0.0908 0.0839
132 0.2700 0.1208 0.3750 0.0603 0.0688 0.1050
133 0.1659 0.3459 0.3101 0.1312 0.0426 0.0043
134 0.2612 0.2235 0.3276 0.0903 0.0170 0.0803
135 0.1058 0.1539 0.5127 0.0584 0.0162 0.1527
136 0.0798 0.2966 0.4817 0.1108 0.0296 0.0014
137 0.0701 0.1682 0.4294 0.2646 0.0513 0.0161
138 0.2905 0.2211 0.3142 0.0643 0.1077 0.0021
139 0.3032 0.1197 0.2961 0.0444 0.1284 0.1081
140 0.3589 0.2974 0.1967 0.0629 0.0591 0.0252
141 0.3145 0.0529 0.1683 0.3677 0.0173 0.0795
142 0.2734 0.1006 0.2864 0.2196 0.0530 0.0670
143 0.3076 0.1986 0.4141 0.0329 0.0273 0.0195
144 0.2869 0.3303 0.2305 0.0984 0.0267 0.0273
145 0.1047 0.1168 0.5151 0.1987 0.0510 0.0134
146 0.2336 0.2605 0.2449 0.2336 0.0068 0.0206
147 0.4580 0.1821 0.2357 0.0446 0.0353 0.0443
148 0.4946 0.1556 0.2627 0.0353 0.0435 0.0082
149 0.1683 0.1908 0.4165 0.1533 0.0189 0.0522
150 0.2239 0.3083 0.3386 0.0575 0.0236 0.0480
151 0.1390 0.4023 0.3665 0.0455 0.0344 0.0122
152 0.3174 0.3828 0.1195 0.1114 0.0457 0.0233
153 0.2225 0.1136 0.2333 0.3557 0.0609 0.0140
154 0.2559 0.5586 0.0786 0.0844 0.0203 0.0024
155 0.2939 0.5405 0.0836 0.0677 0.0131 0.0012
156 0.1294 0.1611 0.3630 0.2656 0.0612 0.0197
157 0.4783 0.1553 0.2009 0.0215 0.1403 0.0037
158 0.3279 0.2849 0.2915 0.0303 0.0630 0.0026
159 0.0759 0.6924 0.1332 0.0659 0.0169 0.0158
160 0.1110 0.2791 0.4673 0.1101 0.0160 0.0165
161 0.1389 0.2617 0.4812 0.1009 0.0150 0.0022
162 0.3030 0.3379 0.2512 0.0506 0.0436 0.0135
163 0.1530 0.1875 0.3342 0.2563 0.0590 0.0101
164 0.2277 0.1918 0.2925 0.2241 0.0585 0.0056
165 0.1752 0.0853 0.1779 0.5229 0.0224 0.0164
166 0.2166 0.0676 0.2378 0.3569 0.0797 0.0413
167 0.1985 0.2356 0.4988 0.0206 0.0353 0.0112
168 0.1049 0.1550 0.1189 0.5762 0.0177 0.0274
169 0.1222 0.1545 0.3977 0.1087 0.0600 0.1570
170 0.2133 0.0842 0.1660 0.1124 0.0939 0.3303
171 0.3264 0.1721 0.3530 0.0409 0.0633 0.0442
172 0.2236 0.0962 0.3923 0.1913 0.0168 0.0797
173 0.1262 0.2214 0.1343 0.4268 0.0361 0.0551
174 0.1627 0.3186 0.2404 0.2258 0.0151 0.0374
175 0.2368 0.2769 0.1859 0.2261 0.0197 0.0545
176 0.6519 0.1150 0.0671 0.1205 0.0314 0.0143
177 0.2087 0.1479 0.1842 0.3606 0.0544 0.0441
178 0.4360 0.1221 0.2729 0.0449 0.0833 0.0409
179 0.4993 0.1233 0.2756 0.0440 0.0423 0.0156
180 0.5317 0.0889 0.2512 0.0394 0.0465 0.0423
181 0.1426 0.2705 0.4392 0.1093 0.0195 0.0188
182 0.2024 0.3015 0.3210 0.1118 0.0488 0.0145
183 0.0908 0.7026 0.1013 0.0826 0.0217 0.0010
184 0.1537 0.7329 0.0597 0.0284 0.0245 0.0008
185 0.2399 0.0984 0.4553 0.0962 0.0365 0.0737
186 0.4045 0.1177 0.3381 0.0487 0.0552 0.0356
187 0.4348 0.0632 0.2988 0.0786 0.1033 0.0211
188 0.1517 0.2173 0.3162 0.2791 0.0306 0.0054
189 0.3262 0.0987 0.3313 0.1565 0.0448 0.0428
190 0.4346 0.1742 0.2438 0.0631 0.0544 0.0300
191 0.3069 0.2012 0.1708 0.1555 0.0832 0.0826
192 0.4561 0.2275 0.1887 0.0431 0.0728 0.0118
193 0.2206 0.2240 0.3469 0.1588 0.0349 0.0148
194 0.1675 0.2290 0.2761 0.1840 0.0118 0.1315
195 0.2690 0.1849 0.2910 0.2129 0.0269 0.0154
196 0.2257 0.0768 0.2598 0.3962 0.0140 0.0276
197 0.2089 0.3040 0.0825 0.1602 0.2404 0.0042
198 0.0877 0.5459 0.1337 0.1588 0.0694 0.0047
199 0.1021 0.0873 0.1736 0.5962 0.0144 0.0264
200 0.2639 0.0444 0.3838 0.2440 0.0059 0.0580
201 0.2107 0.5815 0.1068 0.0431 0.0541 0.0038
202 0.1313 0.2305 0.2778 0.3198 0.0284 0.0120
203 0.1294 0.0889 0.2825 0.4309 0.0407 0.0275
204 0.0684 0.0865 0.2074 0.5728 0.0179 0.0470
205 0.2195 0.1581 0.3853 0.2062 0.0207 0.0103
206 0.1765 0.0660 0.3298 0.3623 0.0433 0.0221
207 0.1224 0.1896 0.1387 0.4841 0.0324 0.0327
208 0.0710 0.1931 0.1436 0.5415 0.0274 0.0233
209 0.1095 0.0981 0.2710 0.4683 0.0256 0.0277
210 0.1689 0.0904 0.3577 0.2656 0.0890 0.0284
211 0.0342 0.0874 0.1583 0.5439 0.0204 0.1558
212 0.0249 0.1538 0.3157 0.4314 0.0243 0.0499
213 0.1136 0.1553 0.1349 0.1288 0.0181 0.4492
