time exciting_prob fearful_prob tense_prob sad_prob relaxing_prob neutral_prob
0 0.1136 0.1553 0.1349 0.1288 0.0181 0.4492
1 0.1100 0.0721 0.1576 0.2404 0.0756 0.3442
2 0.1232 0.0198 0.1251 0.6157 0.0364 0.0795
3 0.1001 0.2852 0.1575 0.0657 0.3838 0.0077
4 0.0720 0.0953 0.1648 0.1409 0.5156 0.0115
5 0.1522 0.1752 0.0796 0.2081 0.3540 0.0309
6 0.0396 0.0501 0.1450 0.0685 0.6919 0.0047
7 0.0782 0.3022 0.0356 0.0337 0.5474 0.0028
8 0.1337 0.1663 0.5283 0.0421 0.0693 0.0602
9 0.2644 0.4226 0.1761 0.0623 0.0628 0.0117
10 0.1423 0.2920 0.2203 0.1743 0.1179 0.0532
11 0.0660 0.0204 0.1158 0.4438 0.0293 0.3247
12 0.1885 0.2576 0.0473 0.0465 0.4382 0.0218
13 0.0805 0.6089 0.0553 0.0231 0.1564 0.0756
14 0.0613 0.2815 0.1415 0.1137 0.3557 0.0463
15 0.1125 0.0850 0.0202 0.0155 0.7573 0.0094
16 0.0773 0.2085 0.0476 0.0495 0.5669 0.0503
17 0.0659 0.1935 0.0396 0.0381 0.6055 0.0576
18 0.1248 0.1482 0.0360 0.0745 0.5908 0.0254
19 0.1027 0.1248 0.0378 0.0242 0.6963 0.0143
20 0.0619 0.0894 0.0547 0.0696 0.6157 0.1087
21 0.1294 0.2101 0.0726 0.0862 0.4807 0.0210
22 0.0563 0.0638 0.0973 0.1935 0.4360 0.1531
23 0.0373 0.1223 0.1429 0.2756 0.3325 0.0895
24 0.0416 0.1014 0.2981 0.3174 0.1726 0.0687
25 0.0224 0.3286 0.4089 0.1436 0.0745 0.0222
26 0.0782 0.1508 0.5264 0.1763 0.0381 0.0302
27 0.0295 0.4758 0.4006 0.0250 0.0624 0.0065
28 0.0136 0.2615 0.1942 0.4961 0.0232 0.0114
29 0.1495 0.1721 0.0350 0.0446 0.5825 0.0165
30 0.0457 0.0518 0.0162 0.0665 0.7974 0.0224
31 0.0216 0.0188 0.0587 0.6519 0.1987 0.0503
32 0.0801 0.5103 0.1028 0.0486 0.2410 0.0173
33 0.0479 0.3945 0.0359 0.0177 0.4988 0.0051
34 0.1246 0.3960 0.0377 0.0157 0.4214 0.0046
35 0.0524 0.0100 0.0372 0.0408 0.8071 0.0524
36 0.0974 0.0820 0.0600 0.1249 0.5962 0.0396
37 0.1137 0.0914 0.0186 0.0609 0.6963 0.0190
38 0.0569 0.0790 0.1548 0.0720 0.6221 0.0153
39 0.0770 0.6245 0.0367 0.0212 0.2228 0.0177
40 0.0844 0.4634 0.0844 0.1381 0.1993 0.0303
41 0.2450 0.1849 0.1765 0.1606 0.1710 0.0620
42 0.0245 0.2988 0.0120 0.0094 0.6528 0.0027
43 0.0374 0.4487 0.0202 0.0181 0.4705 0.0051
44 0.0558 0.4287 0.0341 0.0057 0.4709 0.0046
45 0.0316 0.0356 0.0064 0.0070 0.9097 0.0099
46 0.0491 0.1294 0.2534 0.3518 0.1057 0.1107
47 0.0529 0.0609 0.1508 0.1250 0.5693 0.0412
48 0.1154 0.1577 0.4783 0.1328 0.0831 0.0326
49 0.0912 0.1814 0.5249 0.1287 0.0451 0.0289
50 0.0410 0.3486 0.2844 0.0423 0.1956 0.0881
51 0.0744 0.1337 0.1125 0.2617 0.3928 0.0251
52 0.1149 0.4336 0.1698 0.0429 0.2322 0.0065
53 0.1013 0.2754 0.1121 0.0735 0.4199 0.0176
54 0.1411 0.2439 0.1017 0.1009 0.3896 0.0227
55 0.1479 0.0346 0.1285 0.1411 0.4927 0.0553
56 0.0342 0.0736 0.1088 0.0556 0.7207 0.0070
57 0.1099 0.1624 0.3333 0.3081 0.0755 0.0107
58 0.0563 0.2159 0.2446 0.0872 0.3396 0.0563
59 0.0640 0.2695 0.2532 0.2131 0.0931 0.1072
60 0.0863 0.2876 0.2537 0.0646 0.2700 0.0377
61 0.0412 0.0739 0.0190 0.0775 0.7827 0.0058
62 0.0304 0.1046 0.0569 0.0200 0.7852 0.0029
63 0.0494 0.0765 0.3027 0.1807 0.3027 0.0881
64 0.0660 0.0583 0.2340 0.3857 0.1686 0.0875
65 0.0523 0.1974 0.2345 0.1107 0.3987 0.0063
66 0.0787 0.2703 0.4253 0.0344 0.1858 0.0054
67 0.1415 0.1460 0.3845 0.0757 0.2261 0.0262
68 0.1757 0.0570 0.3132 0.1189 0.2988 0.0363
69 0.0460 0.4944 0.2485 0.0226 0.1709 0.0176
70 0.2181 0.3596 0.1030 0.0179 0.2981 0.0031
71 0.0442 0.5601 0.0820 0.0239 0.2817 0.0079
72 0.0720 0.2234 0.3005 0.2416 0.1313 0.0312
73 0.0710 0.1899 0.3960 0.0744 0.2637 0.0050
74 0.1570 0.2842 0.0724 0.0771 0.3350 0.0742
75 0.0260 0.0356 0.0193 0.1644 0.7368 0.0176
76 0.1119 0.1554 0.2091 0.0757 0.4429 0.0049
77 0.0434 0.6230 0.1025 0.0402 0.1842 0.0064
78 0.0613 0.1980 0.0825 0.2771 0.3501 0.0311
79 0.1042 0.1932 0.0308 0.0637 0.5952 0.0129
80 0.0837 0.1639 0.1772 0.2500 0.2969 0.0280
81 0.0996 0.3020 0.0740 0.0973 0.4065 0.0207
82 0.0655 0.5977 0.1534 0.0665 0.1014 0.0154
83 0.1417 0.5742 0.1070 0.0639 0.0967 0.0167
84 0.1176 0.6455 0.1683 0.0092 0.0514 0.0081
85 0.0539 0.0475 0.0312 0.0394 0.8169 0.0113
86 0.0461 0.1335 0.0704 0.0343 0.6890 0.0267
87 0.0660 0.3708 0.2932 0.1453 0.1096 0.0151
88 0.0815 0.4917 0.0939 0.0235 0.2891 0.0203
89 0.1088 0.5112 0.1420 0.0314 0.1970 0.0097
90 0.0706 0.2791 0.1059 0.1172 0.4124 0.0148
91 0.0409 0.0240 0.0193 0.0177 0.8955 0.0027
92 0.0474 0.0794 0.2524 0.0393 0.5688 0.0130
93 0.0448 0.2424 0.2277 0.0355 0.4390 0.0107
94 0.0674 0.1221 0.4065 0.0674 0.1617 0.1748
95 0.0833 0.1270 0.1555 0.2448 0.3733 0.0163
96 0.1094 0.2974 0.2883 0.0782 0.2177 0.0089
97 0.0487 0.1304 0.5078 0.1525 0.1064 0.0544
98 0.1019 0.1309 0.5337 0.0885 0.1136 0.0313
99 0.0392 0.6045 0.0657 0.0224 0.2642 0.0040
100 0.0971 0.2104 0.0445 0.1277 0.4971 0.0231
101 0.0855 0.2361 0.0515 0.0977 0.5078 0.0216
102 0.1565 0.1801 0.0459 0.1307 0.4744 0.0124
103 0.1360 0.1844 0.1163 0.0567 0.5015 0.0053
104 0.0692 0.2303 0.2778 0.2490 0.1055 0.0681
105 0.0697 0.6826 0.1205 0.0784 0.0440 0.0049
106 0.1365 0.4546 0.2632 0.0457 0.0834 0.0167
107 0.0701 0.0453 0.1735 0.5425 0.0513 0.1174
108 0.0681 0.3301 0.3149 0.1465 0.1177 0.0228
109 0.0554 0.1035 0.3784 0.1530 0.2156 0.0942
110 0.0422 0.1644 0.2932 0.1619 0.2179 0.1203
111 0.0229 0.3762 0.3269 0.2078 0.0319 0.0345
112 0.0534 0.0696 0.3704 0.3762 0.0422 0.0880
113 0.0600 0.7603 0.0747 0.0729 0.0293 0.0028
114 0.0156 0.6997 0.1356 0.1356 0.0059 0.0078
115 0.0843 0.7632 0.0507 0.0575 0.0190 0.0255
116 0.0207 0.0463 0.0082 0.0062 0.9160 0.0026
117 0.0411 0.1786 0.2944 0.3723 0.0678 0.0459
118 0.0389 0.1255 0.2135 0.4314 0.0651 0.1255
119 0.0928 0.1035 0.0283 0.0567 0.6963 0.0227
120 0.0463 0.1949 0.1803 0.3018 0.2542 0.0226
121 0.0341 0.4604 0.0568 0.0238 0.4194 0.0054
122 0.0459 0.4060 0.0393 0.0066 0.4976 0.0045
123 0.1008 0.2654 0.1313 0.2306 0.2167 0.0552
124 0.0970 0.2896 0.1812 0.2637 0.0856 0.0829
125 0.0649 0.8354 0.0334 0.0061 0.0569 0.0034
126 0.1093 0.7349 0.0623 0.0113 0.0763 0.0059
127 0.0268 0.4675 0.1146 0.1060 0.2834 0.0016
128 0.1007 0.1409 0.0784 0.0362 0.6416 0.0022
129 0.1570 0.3220 0.2712 0.0468 0.1938 0.0091
130 0.0956 0.3135 0.3442 0.0733 0.1626 0.0109
131 0.0375 0.4529 0.0623 0.3018 0.0892 0.0567
132 0.0792 0.3901 0.1153 0.0948 0.2087 0.1118
133 0.0459 0.5635 0.1257 0.1277 0.0571 0.0800
134 0.1511 0.0760 0.2067 0.0650 0.4241 0.0772
135 0.0662 0.3311 0.0919 0.0632 0.4385 0.0091
136 0.2174 0.5469 0.0674 0.0690 0.0787 0.0209
137 0.1086 0.2092 0.2408 0.0474 0.3850 0.0090
138 0.0659 0.1820 0.2732 0.1486 0.2820 0.0482
139 0.0802 0.1030 0.4761 0.2113 0.0494 0.0802
140 0.0924 0.1987 0.2803 0.2434 0.1548 0.0305
141 0.0594 0.4678 0.2544 0.1642 0.0449 0.0095
142 0.0737 0.3010 0.3865 0.1008 0.0918 0.0462
143 0.0130 0.0359 0.1234 0.0208 0.7563 0.0507
144 0.0175 0.0565 0.2035 0.0134 0.6670 0.0420
145 0.0656 0.2052 0.1169 0.2849 0.1727 0.1549
146 0.0408 0.4319 0.1109 0.2172 0.0812 0.1180
147 0.1462 0.1658 0.1737 0.1311 0.3735 0.0095
148 0.1062 0.5835 0.0967 0.0416 0.1149 0.0573
149 0.0403 0.3645 0.0865 0.0770 0.3760 0.0559
150 0.0385 0.0840 0.3022 0.1221 0.1863 0.2668
151 0.0205 0.0705 0.1946 0.0280 0.6582 0.0280
152 0.0235 0.0700 0.1459 0.0326 0.6963 0.0320
153 0.1549 0.1929 0.2942 0.1702 0.1169 0.0709
154 0.1709 0.5308 0.0538 0.0591 0.1175 0.0680
155 0.0779 0.1083 0.2942 0.0528 0.4629 0.0038
156 0.0736 0.3918 0.3918 0.0784 0.0446 0.0198
157 0.0680 0.3853 0.1353 0.1581 0.1581 0.0952
158 0.0406 0.5483 0.1895 0.0582 0.1030 0.0605
159 0.0535 0.2150 0.1754 0.1015 0.4480 0.0067
160 0.0231 0.1423 0.3059 0.2458 0.2659 0.0169
161 0.1050 0.3262 0.0207 0.0402 0.4124 0.0956
162 0.1908 0.4167 0.0901 0.0180 0.2627 0.0216
163 0.1046 0.1096 0.3323 0.0457 0.3481 0.0596
164 0.0670 0.2145 0.2886 0.0735 0.3374 0.0187
165 0.0342 0.4036 0.3853 0.0619 0.1086 0.0065
166 0.0248 0.3264 0.2426 0.1542 0.2278 0.0244
167 0.2712 0.1113 0.2798 0.0967 0.2047 0.0361
168 0.0275 0.1581 0.1998 0.2264 0.0207 0.3674
169 0.0464 0.5400 0.1621 0.0708 0.1647 0.0162
170 0.0675 0.7729 0.0802 0.0394 0.0385 0.0016
171 0.0573 0.4993 0.1323 0.0251 0.2693 0.0168
172 0.2003 0.2781 0.0302 0.1124 0.3628 0.0162
173 0.0787 0.2705 0.0980 0.2500 0.2925 0.0104
174 0.0748 0.0784 0.2612 0.3801 0.1635 0.0420
175 0.0776 0.0685 0.0982 0.2046 0.5308 0.0203
176 0.0729 0.2668 0.2247 0.0853 0.3374 0.0130
177 0.0829 0.6890 0.0985 0.0593 0.0458 0.0245
178 0.0862 0.7681 0.1196 0.0121 0.0072 0.0067
179 0.0512 0.7817 0.1317 0.0162 0.0117 0.0074
180 0.0481 0.7183 0.1680 0.0172 0.0396 0.0086
181 0.0967 0.7310 0.0915 0.0262 0.0419 0.0126
182 0.1406 0.3535 0.1203 0.1321 0.2213 0.0321
183 0.3049 0.4231 0.1130 0.0176 0.1375 0.0039
184 0.0423 0.4875 0.3567 0.0564 0.0232 0.0340
185 0.0306 0.5864 0.3240 0.0418 0.0074 0.0097
186 0.1167 0.1836 0.3325 0.0388 0.3125 0.0159
187 0.0720 0.3330 0.1810 0.0626 0.3435 0.0081
188 0.1283 0.4585 0.2961 0.0760 0.0376 0.0035
189 0.0093 0.7788 0.1938 0.0091 0.0025 0.0065
190 0.0157 0.7700 0.1886 0.0084 0.0028 0.0147
191 0.0748 0.2866 0.0645 0.0248 0.5439 0.0055
192 0.0291 0.7324 0.1124 0.0158 0.1039 0.0062
193 0.0333 0.6328 0.1785 0.0750 0.0657 0.0150
194 0.0358 0.2260 0.3340 0.0399 0.3611 0.0032
195 0.0244 0.1482 0.3445 0.1528 0.3186 0.0116
196 0.0437 0.0804 0.1625 0.1730 0.5327 0.0076
197 0.0712 0.3396 0.1438 0.0586 0.3789 0.0081
198 0.0801 0.2688 0.4036 0.0113 0.2229 0.0133
199 0.0920 0.5215 0.1298 0.0205 0.2208 0.0155
200 0.2246 0.4753 0.1776 0.0304 0.0370 0.0550
201 0.0418 0.6597 0.1201 0.0921 0.0663 0.0202
202 0.0505 0.1139 0.0735 0.0370 0.7085 0.0164
203 0.0225 0.0786 0.0683 0.0190 0.8066 0.0051
204 0.0574 0.1442 0.1635 0.0379 0.5884 0.0087
205 0.0290 0.3538 0.1451 0.0370 0.4333 0.0019
206 0.0161 0.4253 0.2922 0.0594 0.2009 0.0060
207 0.0252 0.8545 0.0735 0.0034 0.0399 0.0037
208 0.0694 0.3037 0.1677 0.1153 0.2257 0.1180
209 0.0767 0.5078 0.2476 0.0269 0.1099 0.0310
210 0.0583 0.4619 0.2322 0.0440 0.1523 0.0514
211 0.0224 0.8027 0.1069 0.0034 0.0629 0.0016
212 0.0744 0.7061 0.1285 0.0218 0.0392 0.0301
213 0.0311 0.7139 0.1473 0.0057 0.0952 0.0066
214 0.0733 0.3135 0.3606 0.1677 0.0673 0.0177
215 0.0310 0.1599 0.0856 0.0346 0.6733 0.0154
216 0.0199 0.0405 0.0781 0.0141 0.8394 0.0083
217 0.0275 0.0317 0.1196 0.0601 0.7324 0.0288
218 0.0323 0.0366 0.1888 0.2278 0.3528 0.1615
219 0.0287 0.4280 0.4702 0.0310 0.0240 0.0181
220 0.1708 0.6006 0.0859 0.0237 0.0643 0.0546
221 0.0688 0.2788 0.1317 0.0891 0.4185 0.0131
222 0.1085 0.3970 0.3970 0.0184 0.0729 0.0062
223 0.1160 0.2380 0.0810 0.2343 0.1973 0.1335
224 0.0502 0.1281 0.2588 0.2319 0.2932 0.0379
225 0.0998 0.6113 0.1808 0.0714 0.0235 0.0132
226 0.1190 0.5635 0.1718 0.0818 0.0378 0.0264
227 0.0854 0.3655 0.2435 0.1409 0.1205 0.0440
228 0.0726 0.0978 0.0363 0.0349 0.7002 0.0584
229 0.1777 0.2246 0.1921 0.0958 0.1321 0.1777
230 0.0527 0.2086 0.4148 0.1575 0.1368 0.0296
231 0.0877 0.5127 0.1481 0.0792 0.1050 0.0673
232 0.0480 0.4084 0.3662 0.0779 0.0762 0.0232
233 0.0663 0.1449 0.2622 0.0321 0.4900 0.0044
234 0.0370 0.1510 0.1332 0.0367 0.6353 0.0067
235 0.0758 0.4194 0.1981 0.1147 0.1155 0.0764
236 0.0811 0.3135 0.1436 0.3496 0.0402 0.0721
237 0.0659 0.5181 0.1791 0.1012 0.0729 0.0629
238 0.0552 0.4810 0.1974 0.1107 0.0749 0.0810
239 0.0548 0.3657 0.0791 0.0875 0.3955 0.0175
240 0.0428 0.1553 0.0906 0.0438 0.6338 0.0338
241 0.0278 0.1327 0.1758 0.0870 0.5586 0.0184
242 0.0253 0.0709 0.0709 0.0253 0.7983 0.0094
243 0.0587 0.2632 0.1987 0.1015 0.3486 0.0291
244 0.1022 0.4236 0.2866 0.0316 0.1262 0.0300
245 0.0555 0.4724 0.2162 0.0364 0.1938 0.0256
246 0.0527 0.6777 0.1560 0.0312 0.0468 0.0356
247 0.1436 0.3113 0.0722 0.0205 0.3997 0.0528
248 0.0449 0.6494 0.1603 0.0554 0.0369 0.0533
249 0.1112 0.6016 0.1222 0.0959 0.0435 0.0258
250 0.0136 0.3840 0.0352 0.5586 0.0044 0.0042
251 0.1312 0.4915 0.1808 0.0834 0.0796 0.0334
252 0.1461 0.2815 0.1935 0.1192 0.2446 0.0150
253 0.0360 0.5728 0.2242 0.1027 0.0576 0.0066
254 0.0902 0.3457 0.0309 0.0175 0.4727 0.0429
255 0.1184 0.4265 0.0833 0.0729 0.2798 0.0192
256 0.0865 0.5342 0.2333 0.0489 0.0812 0.0160
257 0.1302 0.6118 0.1672 0.0327 0.0351 0.0230
258 0.0961 0.5488 0.1489 0.0583 0.1215 0.0261
259 0.1356 0.1335 0.2004 0.2871 0.0743 0.1688
260 0.1497 0.3479 0.1520 0.0619 0.2627 0.0260
261 0.1582 0.1353 0.1353 0.2412 0.2031 0.1271
262 0.0680 0.4036 0.3506 0.0165 0.1581 0.0033
263 0.1045 0.4265 0.1439 0.1697 0.1544 0.0010
264 0.0320 0.1588 0.0593 0.2170 0.4968 0.0360
265 0.0679 0.2996 0.3289 0.1035 0.1628 0.0375
266 0.1586 0.2739 0.3687 0.0773 0.0961 0.0255
267 0.0649 0.1605 0.0350 0.0915 0.6060 0.0422
268 0.0329 0.4724 0.1105 0.2693 0.0736 0.0413
269 0.0420 0.1198 0.1467 0.0338 0.6177 0.0401
270 0.0758 0.0279 0.2861 0.0453 0.5264 0.0387
271 0.0927 0.0949 0.0278 0.0613 0.7124 0.0109
272 0.0531 0.3599 0.1132 0.0450 0.4207 0.0080
273 0.0176 0.7856 0.1302 0.0269 0.0379 0.0016
274 0.0746 0.3215 0.1862 0.1592 0.2428 0.0156
275 0.0112 0.6621 0.1897 0.1016 0.0315 0.0040
276 0.1270 0.0546 0.2094 0.3789 0.0425 0.1876
277 0.0941 0.0637 0.1962 0.2600 0.0418 0.3442
