time exciting_prob fearful_prob tense_prob sad_prob relaxing_prob neutral_prob
0 0.1136 0.1553 0.1349 0.1288 0.0181 0.4492
1 0.1136 0.1553 0.1349 0.1288 0.0181 0.4492
2 0.0995 0.1888 0.2107 0.4460 0.0412 0.0138
3 0.1321 0.2391 0.2391 0.2355 0.1300 0.0242
4 0.1335 0.2739 0.4048 0.1024 0.0715 0.0140
5 0.1471 0.2705 0.4321 0.0838 0.0594 0.0070
6 0.1266 0.0941 0.3901 0.3389 0.0366 0.0138
7 0.0839 0.1949 0.4395 0.2465 0.0258 0.0094
8 0.0239 0.3894 0.4697 0.0430 0.0698 0.0039
9 0.0328 0.4226 0.3342 0.1069 0.1020 0.0013
10 0.1111 0.2043 0.4326 0.1495 0.0260 0.0764
11 0.2559 0.3040 0.3286 0.0318 0.0549 0.0249
12 0.3416 0.2040 0.3259 0.0249 0.0912 0.0124
13 0.0696 0.3762 0.2317 0.0820 0.2391 0.0015
14 0.1310 0.0490 0.3345 0.2299 0.1438 0.1120
15 0.1892 0.0901 0.2627 0.1021 0.2393 0.1166
16 0.2126 0.1157 0.3562 0.0901 0.1605 0.0649
17 0.2198 0.1313 0.4373 0.0353 0.1355 0.0407
18 0.0663 0.2837 0.5059 0.0173 0.1259 0.0012
19 0.0823 0.3413 0.2537 0.0296 0.2920 0.0011
20 0.4126 0.1019 0.0717 0.0529 0.3042 0.0567
21 0.3123 0.1079 0.0547 0.0314 0.4072 0.0867
22 0.2739 0.1048 0.0430 0.0404 0.4587 0.0791
23 0.2305 0.0931 0.0461 0.0709 0.4917 0.0676
24 0.2377 0.2377 0.1464 0.0605 0.2822 0.0356
25 0.1560 0.1942 0.1007 0.0335 0.4998 0.0159
26 0.1312 0.2778 0.4802 0.0076 0.0991 0.0040
27 0.0909 0.2214 0.4336 0.0610 0.1671 0.0258
28 0.1533 0.2979 0.1985 0.0707 0.2213 0.0582
29 0.1416 0.0893 0.4226 0.0177 0.3140 0.0147
30 0.1089 0.0991 0.5444 0.0284 0.2034 0.0158
31 0.3577 0.0762 0.1562 0.0417 0.3359 0.0323
32 0.0462 0.1716 0.2966 0.0536 0.4248 0.0070
33 0.0718 0.1062 0.3650 0.0400 0.3374 0.0795
34 0.1282 0.1407 0.4270 0.0373 0.1865 0.0802
35 0.1288 0.1803 0.4258 0.0432 0.1831 0.0390
36 0.0540 0.0532 0.3364 0.0733 0.4456 0.0374
37 0.0696 0.0569 0.1149 0.0197 0.7373 0.0016
38 0.0296 0.0398 0.1754 0.0156 0.7388 0.0010
39 0.1045 0.2430 0.3428 0.0568 0.2507 0.0023
40 0.0546 0.0319 0.0859 0.0093 0.8149 0.0035
41 0.1411 0.0883 0.4414 0.1134 0.2085 0.0072
42 0.1993 0.2367 0.3667 0.0308 0.1627 0.0037
43 0.0344 0.2666 0.5732 0.0752 0.0355 0.0150
44 0.1693 0.2108 0.3264 0.1919 0.0787 0.0227
45 0.3750 0.0798 0.0673 0.1002 0.3208 0.0571
46 0.0363 0.0525 0.1060 0.1011 0.6489 0.0550
47 0.1044 0.1569 0.2668 0.4131 0.0204 0.0384
48 0.1676 0.3386 0.3206 0.1017 0.0557 0.0156
49 0.0554 0.3040 0.3965 0.1392 0.1034 0.0017
50 0.0543 0.2379 0.6777 0.0076 0.0197 0.0029
51 0.0876 0.2554 0.5850 0.0202 0.0317 0.0203
52 0.1331 0.0609 0.4644 0.0680 0.2410 0.0326
53 0.2117 0.1810 0.2554 0.2324 0.0829 0.0368
54 0.0474 0.1146 0.4463 0.0202 0.3699 0.0015
55 0.0503 0.1090 0.3518 0.0343 0.4517 0.0029
56 0.0370 0.1362 0.1805 0.0231 0.6201 0.0028
57 0.0356 0.0426 0.1597 0.0282 0.7266 0.0072
58 0.0864 0.1278 0.5464 0.0113 0.2173 0.0107
59 0.0477 0.4524 0.3811 0.0919 0.0141 0.0128
60 0.0482 0.2527 0.3677 0.2732 0.0284 0.0297
61 0.0331 0.1486 0.3000 0.3975 0.0820 0.0388
62 0.1917 0.0858 0.3525 0.0722 0.2500 0.0477
63 0.0470 0.0628 0.6245 0.1268 0.1119 0.0270
64 0.0803 0.3435 0.4143 0.1097 0.0376 0.0146
65 0.1158 0.2000 0.2776 0.0319 0.3679 0.0068
66 0.0767 0.3923 0.3862 0.0461 0.0977 0.0008
67 0.0492 0.1990 0.6523 0.0325 0.0291 0.0377
68 0.1588 0.0366 0.3523 0.1041 0.3413 0.0070
69 0.0253 0.0100 0.0230 0.0068 0.9341 0.0011
70 0.0632 0.2703 0.5127 0.0128 0.1266 0.0144
71 0.1182 0.1802 0.2925 0.1027 0.2881 0.0184
72 0.0667 0.2102 0.4314 0.0773 0.2037 0.0107
73 0.0441 0.1481 0.2330 0.0941 0.4561 0.0246
74 0.0115 0.6709 0.2178 0.0729 0.0216 0.0052
75 0.0302 0.2045 0.5825 0.0813 0.0936 0.0082
76 0.0429 0.2336 0.2300 0.0814 0.4102 0.0019
77 0.0267 0.0117 0.0337 0.0189 0.8975 0.0115
78 0.0582 0.1545 0.6929 0.0247 0.0640 0.0058
79 0.0097 0.0096 0.0196 0.0147 0.9458 0.0003
80 0.0389 0.1199 0.3013 0.0318 0.5049 0.0033
81 0.0105 0.0132 0.0508 0.0106 0.9141 0.0009
82 0.0343 0.1945 0.2742 0.0036 0.4890 0.0043
83 0.0763 0.0497 0.0980 0.1382 0.5728 0.0652
84 0.0482 0.1130 0.6304 0.0140 0.1893 0.0048
85 0.1136 0.2812 0.3501 0.0673 0.1788 0.0090
86 0.0592 0.1986 0.6211 0.0145 0.1014 0.0051
87 0.0668 0.1978 0.5723 0.0485 0.1042 0.0106
88 0.0971 0.1247 0.4561 0.0580 0.2559 0.0082
89 0.0724 0.0861 0.3198 0.0506 0.4580 0.0131
90 0.1315 0.1254 0.4961 0.0875 0.0836 0.0760
91 0.2168 0.1274 0.3306 0.0127 0.3057 0.0069
92 0.1508 0.1299 0.4790 0.0172 0.2158 0.0074
93 0.1022 0.1176 0.5835 0.0714 0.1030 0.0226
94 0.0604 0.0865 0.3213 0.0089 0.5054 0.0173
95 0.0634 0.3940 0.4829 0.0068 0.0467 0.0061
96 0.0563 0.3845 0.5176 0.0166 0.0166 0.0085
97 0.0148 0.0244 0.9146 0.0173 0.0016 0.0276
98 0.0166 0.0663 0.9004 0.0038 0.0024 0.0103
99 0.0402 0.0366 0.8599 0.0193 0.0184 0.0256
100 0.0844 0.0964 0.4121 0.1338 0.2347 0.0386
101 0.3291 0.0988 0.2996 0.0134 0.2563 0.0030
102 0.0960 0.1522 0.5312 0.0075 0.2080 0.0051
103 0.0539 0.1525 0.4341 0.0066 0.3489 0.0041
104 0.0385 0.2288 0.3127 0.0194 0.3953 0.0054
105 0.0651 0.1198 0.1198 0.0106 0.6787 0.0058
106 0.3271 0.2302 0.3323 0.0177 0.0923 0.0003
107 0.0307 0.0317 0.0327 0.0592 0.8428 0.0030
108 0.0656 0.1573 0.3716 0.3438 0.0213 0.0404
109 0.0348 0.1823 0.4238 0.2959 0.0565 0.0066
110 0.2192 0.0995 0.5596 0.0638 0.0572 0.0006
111 0.2346 0.0657 0.5127 0.0562 0.1295 0.0015
112 0.1808 0.0874 0.5747 0.0736 0.0828 0.0010
113 0.0776 0.1630 0.4397 0.1044 0.1708 0.0446
114 0.1409 0.3030 0.5151 0.0239 0.0161 0.0009
115 0.1144 0.1414 0.5679 0.1541 0.0212 0.0014
116 0.2708 0.3530 0.3215 0.0285 0.0262 0.0002
117 0.1328 0.3875 0.2903 0.1371 0.0508 0.0015
118 0.1306 0.1813 0.4890 0.1295 0.0688 0.0009
119 0.0802 0.0923 0.6211 0.0423 0.1620 0.0023
120 0.1377 0.0714 0.1536 0.5796 0.0228 0.0348
121 0.3225 0.0984 0.1377 0.1177 0.3201 0.0034
122 0.1478 0.1235 0.2676 0.0278 0.4082 0.0251
123 0.1510 0.0659 0.6768 0.0847 0.0179 0.0040
124 0.0798 0.1638 0.4666 0.0117 0.2700 0.0079
125 0.1355 0.1132 0.1635 0.0391 0.5317 0.0171
126 0.1932 0.1277 0.1136 0.1307 0.4089 0.0257
127 0.0422 0.3765 0.4072 0.0990 0.0596 0.0155
128 0.0767 0.2253 0.5488 0.0310 0.1115 0.0066
129 0.0511 0.2634 0.5576 0.1048 0.0174 0.0057
130 0.0433 0.3833 0.4697 0.0330 0.0698 0.0009
131 0.0490 0.2062 0.3792 0.3096 0.0555 0.0005
132 0.0936 0.1320 0.4001 0.2708 0.0996 0.0037
133 0.1427 0.4497 0.2859 0.0706 0.0509 0.0002
134 0.1542 0.3477 0.3530 0.0914 0.0533 0.0005
135 0.0621 0.3984 0.3984 0.0086 0.1294 0.0030
136 0.0050 0.0188 0.1058 0.0229 0.8457 0.0018
137 0.1063 0.2778 0.2715 0.1333 0.2098 0.0011
138 0.2966 0.1587 0.3691 0.0469 0.1198 0.0089
139 0.3967 0.0554 0.4568 0.0304 0.0581 0.0025
140 0.0809 0.1909 0.4236 0.1780 0.1243 0.0022
141 0.1298 0.2971 0.3262 0.0642 0.1517 0.0311
142 0.0558 0.1360 0.5464 0.0800 0.1641 0.0180
143 0.1210 0.1060 0.4324 0.2502 0.0751 0.0155
144 0.1437 0.1172 0.6191 0.0684 0.0466 0.0049
145 0.0915 0.4683 0.3372 0.0339 0.0659 0.0033
146 0.0279 0.3877 0.2351 0.2388 0.1093 0.0013
147 0.0981 0.0997 0.4944 0.0231 0.2817 0.0030
148 0.0373 0.0960 0.3708 0.0100 0.4839 0.0019
149 0.3765 0.3096 0.1792 0.0231 0.1037 0.0078
150 0.2203 0.3806 0.2659 0.0146 0.1125 0.0061
151 0.0547 0.4797 0.4041 0.0142 0.0416 0.0058
152 0.0631 0.1065 0.5850 0.0817 0.1207 0.0434
153 0.0302 0.3599 0.5933 0.0098 0.0043 0.0027
154 0.0350 0.3142 0.6152 0.0131 0.0137 0.0085
155 0.1816 0.1068 0.5015 0.0489 0.1460 0.0153
156 0.1378 0.1884 0.5801 0.0145 0.0743 0.0046
157 0.1438 0.3142 0.4717 0.0233 0.0456 0.0014
158 0.1526 0.2220 0.5244 0.0111 0.0843 0.0058
159 0.0886 0.2605 0.5688 0.0068 0.0706 0.0046
160 0.0690 0.1351 0.5869 0.0928 0.0599 0.0563
161 0.1262 0.2285 0.3826 0.0681 0.1780 0.0166
162 0.2107 0.1747 0.1128 0.0229 0.4749 0.0039
163 0.1830 0.1830 0.3313 0.0711 0.2207 0.0109
164 0.1091 0.2874 0.2920 0.2238 0.0626 0.0253
165 0.0667 0.4702 0.2186 0.0632 0.1689 0.0122
166 0.1151 0.0570 0.4275 0.2939 0.0829 0.0237
167 0.1324 0.1897 0.5576 0.0166 0.0855 0.0182
168 0.1147 0.1129 0.4536 0.0572 0.2013 0.0604
169 0.1758 0.2421 0.3335 0.0323 0.1827 0.0335
170 0.0891 0.1152 0.6528 0.0856 0.0287 0.0285
171 0.0536 0.1084 0.2900 0.0219 0.5093 0.0170
172 0.1592 0.0826 0.5386 0.0852 0.1320 0.0023
173 0.0540 0.1827 0.6792 0.0608 0.0220 0.0012
174 0.0803 0.7319 0.0610 0.0239 0.0991 0.0036
175 0.1306 0.1664 0.2402 0.0177 0.2722 0.1730
176 0.0583 0.0924 0.6567 0.0737 0.1177 0.0013
177 0.1453 0.1453 0.2048 0.0394 0.3887 0.0765
178 0.0392 0.2849 0.4080 0.1675 0.0687 0.0317
179 0.0388 0.3171 0.5229 0.0419 0.0665 0.0131
180 0.1339 0.4028 0.2405 0.0424 0.1577 0.0227
181 0.1201 0.1309 0.3396 0.2686 0.0872 0.0537
182 0.0809 0.1158 0.5654 0.0530 0.1725 0.0122
183 0.0800 0.1146 0.6338 0.0250 0.1350 0.0116
184 0.1219 0.1426 0.5132 0.1719 0.0408 0.0095
185 0.0792 0.2942 0.5161 0.0265 0.0823 0.0014
186 0.0636 0.2698 0.5537 0.0469 0.0621 0.0037
187 0.0462 0.4185 0.4524 0.0371 0.0408 0.0051
188 0.1174 0.1193 0.5020 0.0770 0.1694 0.0149
189 0.0347 0.0378 0.0894 0.0260 0.8086 0.0034
190 0.0375 0.1979 0.7471 0.0098 0.0046 0.0034
191 0.1416 0.1736 0.6152 0.0409 0.0275 0.0012
192 0.1188 0.0993 0.6372 0.0335 0.1016 0.0093
193 0.0839 0.3293 0.5103 0.0093 0.0591 0.0081
194 0.0449 0.5303 0.3477 0.0254 0.0471 0.0050
195 0.1672 0.0938 0.5835 0.0370 0.1168 0.0015
196 0.1447 0.2040 0.5371 0.0504 0.0608 0.0030
197 0.0841 0.1740 0.2378 0.0433 0.4441 0.0167
198 0.0605 0.1833 0.4331 0.0497 0.2627 0.0106
199 0.1731 0.3442 0.2639 0.0305 0.1842 0.0039
200 0.0791 0.0380 0.4211 0.1265 0.3081 0.0273
201 0.0459 0.0928 0.2296 0.6050 0.0186 0.0082
202 0.1112 0.1644 0.4609 0.0600 0.1520 0.0513
203 0.0947 0.2220 0.5850 0.0078 0.0862 0.0043
204 0.0826 0.2177 0.4536 0.0880 0.1497 0.0085
205 0.0337 0.3857 0.3682 0.1272 0.0483 0.0370
206 0.0455 0.4058 0.5127 0.0181 0.0154 0.0023
207 0.0282 0.0748 0.2571 0.0322 0.5977 0.0100
208 0.0685 0.2012 0.5645 0.1221 0.0350 0.0089
209 0.0735 0.3621 0.3916 0.0439 0.1140 0.0149
210 0.0375 0.1760 0.5596 0.0793 0.1248 0.0229
211 0.0756 0.2439 0.4556 0.0271 0.1757 0.0222
212 0.0931 0.1880 0.5190 0.0228 0.1511 0.0258
213 0.1327 0.1691 0.5718 0.0232 0.0971 0.0058
214 0.0857 0.1576 0.3899 0.1786 0.1704 0.0178
215 0.0936 0.3215 0.4534 0.0237 0.0921 0.0158
216 0.1152 0.1017 0.5249 0.1327 0.1152 0.0105
217 0.1902 0.3843 0.3286 0.0524 0.0428 0.0016
218 0.0356 0.3220 0.2886 0.0615 0.2842 0.0082
219 0.1250 0.0807 0.4502 0.1848 0.1331 0.0260
220 0.0428 0.3425 0.5474 0.0449 0.0154 0.0072
221 0.0549 0.1666 0.3997 0.0920 0.2664 0.0205
222 0.1428 0.2144 0.3943 0.0169 0.2211 0.0107
223 0.0671 0.1399 0.4514 0.0518 0.2825 0.0073
224 0.0858 0.1459 0.4897 0.0318 0.2388 0.0080
225 0.1433 0.1188 0.2220 0.0970 0.4084 0.0105
226 0.1434 0.1650 0.4280 0.1276 0.1207 0.0152
227 0.1077 0.1707 0.6147 0.0149 0.0740 0.0180
228 0.0698 0.2185 0.2534 0.0688 0.3630 0.0263
229 0.0768 0.1516 0.1436 0.0768 0.5415 0.0095
230 0.3433 0.1866 0.3743 0.0737 0.0208 0.0014
231 0.1001 0.2291 0.5410 0.0374 0.0823 0.0098
232 0.1175 0.1251 0.3975 0.2732 0.0807 0.0058
233 0.0732 0.1479 0.4558 0.2328 0.0792 0.0111
234 0.1003 0.1628 0.3289 0.3613 0.0179 0.0287
235 0.0537 0.3418 0.5132 0.0248 0.0415 0.0250
236 0.0438 0.3999 0.5137 0.0159 0.0250 0.0019
237 0.0436 0.1187 0.2847 0.0114 0.5400 0.0016
238 0.1138 0.1250 0.5181 0.0226 0.2126 0.0077
239 0.0638 0.2075 0.2583 0.0409 0.4258 0.0037
240 0.0402 0.2292 0.5947 0.0187 0.1002 0.0171
241 0.0606 0.1989 0.5938 0.0092 0.1304 0.0072
242 0.0702 0.1396 0.6357 0.0228 0.1140 0.0179
243 0.1023 0.1956 0.5571 0.0221 0.1097 0.0131
244 0.1652 0.0811 0.3184 0.0157 0.4087 0.0111
245 0.0997 0.0782 0.5918 0.0478 0.1619 0.0206
246 0.0565 0.1274 0.7334 0.0147 0.0515 0.0164
247 0.0684 0.0516 0.4324 0.3115 0.0334 0.1027
248 0.1143 0.0693 0.0905 0.3308 0.0317 0.3633
