time exciting_prob fearful_prob tense_prob sad_prob relaxing_prob neutral_prob
0 0.0897 0.2478 0.4417 0.1676 0.0276 0.0255
1 0.1279 0.2859 0.5020 0.0537 0.0183 0.0124
2 0.0773 0.3630 0.4885 0.0392 0.0218 0.0104
3 0.1287 0.3062 0.1287 0.3694 0.0594 0.0077
4 0.0611 0.1525 0.1188 0.6177 0.0377 0.0124
5 0.2048 0.2693 0.1167 0.3076 0.0931 0.0086
6 0.0410 0.2080 0.4617 0.2510 0.0245 0.0140
7 0.5889 0.1926 0.0889 0.0620 0.0620 0.0058
8 0.6685 0.1975 0.0496 0.0095 0.0732 0.0018
9 0.0565 0.1825 0.2615 0.3923 0.0992 0.0081
10 0.1216 0.0322 0.0597 0.1265 0.0181 0.6421
11 0.0138 0.0352 0.4707 0.4285 0.0074 0.0445
12 0.0194 0.1560 0.4880 0.3054 0.0105 0.0205
13 0.0575 0.0779 0.4888 0.0092 0.3630 0.0037
14 0.0910 0.1283 0.3354 0.0055 0.4375 0.0024
15 0.0600 0.2411 0.1998 0.3677 0.0944 0.0370
16 0.2927 0.2028 0.1604 0.2075 0.1111 0.0256
17 0.2163 0.1895 0.2910 0.1793 0.1096 0.0143
18 0.0099 0.0455 0.0947 0.7568 0.0308 0.0621
19 0.0837 0.0438 0.0844 0.0956 0.0448 0.6479
20 0.0569 0.1251 0.4507 0.0329 0.3049 0.0293
21 0.0383 0.1346 0.7222 0.0146 0.0862 0.0040
22 0.0071 0.1248 0.8140 0.0262 0.0201 0.0078
23 0.0007 0.0414 0.0762 0.8721 0.0009 0.0088
24 0.0004 0.0216 0.0241 0.9346 0.0014 0.0177
25 0.0216 0.1780 0.4304 0.2490 0.0731 0.0479
26 0.0168 0.3501 0.5093 0.0608 0.0562 0.0070
27 0.0014 0.0840 0.0854 0.8101 0.0037 0.0155
28 0.0146 0.1952 0.6299 0.0801 0.0782 0.0020
29 0.0414 0.2104 0.6899 0.0325 0.0234 0.0021
30 0.0220 0.1567 0.6055 0.0581 0.1019 0.0559
31 0.0160 0.1564 0.2460 0.5542 0.0238 0.0035
32 0.0018 0.0398 0.0544 0.8926 0.0061 0.0052
33 0.0361 0.2932 0.4685 0.0497 0.1462 0.0064
34 0.0062 0.0756 0.1245 0.7749 0.0134 0.0054
35 0.0642 0.1801 0.5254 0.1002 0.0562 0.0739
36 0.0587 0.1488 0.6025 0.0172 0.1647 0.0080
37 0.0219 0.2131 0.6465 0.0298 0.0620 0.0267
38 0.0266 0.2502 0.3340 0.3088 0.0217 0.0585
39 0.0293 0.1713 0.4841 0.1740 0.0265 0.1150
40 0.0236 0.2169 0.5166 0.0404 0.0919 0.1108
41 0.0055 0.0753 0.1498 0.7490 0.0041 0.0160
42 0.0367 0.3428 0.4541 0.0258 0.1232 0.0173
43 0.0374 0.2021 0.5454 0.0380 0.1379 0.0392
44 0.0145 0.1675 0.3894 0.3657 0.0480 0.0149
45 0.0092 0.0975 0.1022 0.6509 0.0625 0.0778
46 0.0121 0.0936 0.2355 0.6011 0.0290 0.0286
47 0.0323 0.0369 0.5640 0.2793 0.0585 0.0287
48 0.0305 0.1023 0.6772 0.0271 0.1559 0.0069
49 0.0429 0.1475 0.4136 0.0894 0.2886 0.0180
50 0.0088 0.1240 0.2317 0.6201 0.0103 0.0050
51 0.0141 0.1996 0.6245 0.0653 0.0653 0.0313
52 0.0067 0.1219 0.1128 0.7358 0.0142 0.0086
53 0.0156 0.1906 0.6807 0.0533 0.0418 0.0179
54 0.0490 0.1014 0.6558 0.0482 0.1292 0.0163
55 0.2559 0.1002 0.4631 0.1190 0.0558 0.0061
56 0.0306 0.0995 0.0378 0.3020 0.5298 0.0004
57 0.0079 0.1044 0.0180 0.3218 0.5474 0.0007
58 0.0169 0.1820 0.6606 0.0342 0.0747 0.0316
59 0.0441 0.2185 0.6035 0.0091 0.1235 0.0014
60 0.0134 0.1571 0.1453 0.5835 0.0083 0.0923
61 0.0101 0.1192 0.4941 0.3730 0.0012 0.0026
62 0.0144 0.1022 0.2568 0.4543 0.0201 0.1522
63 0.0152 0.3157 0.1316 0.2830 0.2537 0.0006
64 0.0094 0.1177 0.3682 0.4802 0.0157 0.0087
65 0.0819 0.2125 0.3267 0.1240 0.1775 0.0776
66 0.0885 0.0980 0.4636 0.0399 0.2925 0.0177
67 0.1044 0.0493 0.1362 0.6396 0.0634 0.0068
68 0.0340 0.1741 0.4446 0.0829 0.2067 0.0579
69 0.0077 0.1772 0.1665 0.5723 0.0257 0.0508
70 0.0541 0.3555 0.2207 0.2642 0.0594 0.0463
71 0.0623 0.0845 0.7017 0.0235 0.1238 0.0044
72 0.1680 0.0906 0.0633 0.4426 0.2225 0.0129
73 0.1434 0.1305 0.1870 0.3550 0.1730 0.0112
74 0.1246 0.0732 0.1153 0.5674 0.0732 0.0462
75 0.0981 0.1405 0.4827 0.2076 0.0590 0.0121
76 0.2180 0.2214 0.2080 0.3323 0.0085 0.0117
77 0.0700 0.0928 0.5864 0.1136 0.0734 0.0638
78 0.0296 0.1757 0.0768 0.1757 0.5410 0.0010
79 0.0150 0.0659 0.0453 0.0794 0.7900 0.0046
80 0.0079 0.0687 0.0362 0.2893 0.5933 0.0045
81 0.0548 0.0417 0.3833 0.4480 0.0583 0.0140
82 0.0188 0.2637 0.5083 0.1676 0.0276 0.0144
83 0.0137 0.2305 0.4729 0.2131 0.0026 0.0671
84 0.0269 0.0437 0.5322 0.3657 0.0029 0.0284
85 0.0490 0.6211 0.1079 0.1864 0.0237 0.0121
86 0.0860 0.7368 0.1046 0.0443 0.0231 0.0050
87 0.4763 0.3052 0.1055 0.0340 0.0615 0.0176
88 0.0329 0.1165 0.7026 0.1183 0.0195 0.0104
89 0.5664 0.2717 0.0401 0.0698 0.0461 0.0056
90 0.0667 0.5498 0.2942 0.0662 0.0148 0.0082
91 0.0122 0.5278 0.4048 0.0472 0.0059 0.0021
92 0.1957 0.2473 0.1124 0.0578 0.3831 0.0038
93 0.0127 0.1656 0.0759 0.4231 0.3193 0.0033
94 0.0303 0.0787 0.1075 0.2969 0.4819 0.0048
95 0.1482 0.0987 0.4563 0.1993 0.0663 0.0311
96 0.0813 0.1655 0.6650 0.0706 0.0125 0.0052
97 0.1548 0.2434 0.4548 0.0526 0.0939 0.0006
98 0.0632 0.5088 0.2479 0.0421 0.1337 0.0045
99 0.1477 0.2781 0.3005 0.0931 0.1597 0.0209
100 0.1212 0.4265 0.2488 0.0284 0.1670 0.0083
101 0.3752 0.3525 0.0780 0.0325 0.1602 0.0017
102 0.2876 0.3442 0.0857 0.0328 0.2479 0.0020
103 0.4224 0.1831 0.0628 0.0613 0.2622 0.0081
104 0.3276 0.2473 0.1500 0.0531 0.2183 0.0038
105 0.0512 0.5015 0.2815 0.0292 0.1278 0.0086
106 0.1150 0.2825 0.1097 0.0186 0.4729 0.0011
107 0.1198 0.4812 0.1538 0.0229 0.2169 0.0053
108 0.0261 0.3235 0.4492 0.0441 0.1528 0.0042
109 0.0023 0.0063 0.0234 0.0028 0.9639 0.0010
110 0.0038 0.0339 0.1300 0.0082 0.8213 0.0027
111 0.0698 0.1686 0.3655 0.0714 0.3174 0.0074
112 0.1733 0.3115 0.3669 0.0135 0.1298 0.0050
113 0.1109 0.5127 0.2766 0.0129 0.0673 0.0194
114 0.0188 0.0877 0.0798 0.0065 0.8066 0.0007
115 0.0529 0.1776 0.1951 0.0079 0.5557 0.0106
116 0.0237 0.3672 0.3730 0.1748 0.0555 0.0058
117 0.0511 0.2983 0.2361 0.2288 0.1810 0.0048
118 0.0274 0.3440 0.4348 0.0508 0.1009 0.0421
119 0.1306 0.3691 0.3157 0.0085 0.1691 0.0068
120 0.0862 0.2324 0.3921 0.2306 0.0443 0.0144
121 0.1289 0.3645 0.2605 0.0268 0.1776 0.0415
122 0.0266 0.4397 0.3850 0.0586 0.0659 0.0244
123 0.0402 0.1219 0.2622 0.5132 0.0226 0.0399
124 0.0437 0.2637 0.5669 0.0948 0.0249 0.0058
125 0.0150 0.0332 0.0410 0.0053 0.9048 0.0009
126 0.0290 0.1035 0.1459 0.0950 0.6240 0.0026
127 0.0132 0.1973 0.2235 0.3628 0.2003 0.0029
128 0.1309 0.3042 0.3164 0.0155 0.2296 0.0036
129 0.1984 0.4910 0.1406 0.0138 0.1545 0.0017
130 0.0534 0.3826 0.3271 0.1632 0.0538 0.0200
131 0.0702 0.2798 0.3765 0.0916 0.1194 0.0624
132 0.0218 0.0237 0.0158 0.0037 0.9326 0.0026
133 0.0350 0.0595 0.0313 0.0057 0.8677 0.0010
134 0.1812 0.3777 0.2438 0.0135 0.1798 0.0042
135 0.2007 0.3960 0.2700 0.0069 0.1227 0.0038
136 0.1117 0.5806 0.2291 0.0259 0.0427 0.0101
137 0.1539 0.4316 0.2120 0.1058 0.0756 0.0210
138 0.0579 0.6519 0.2573 0.0084 0.0223 0.0023
139 0.0540 0.2961 0.4114 0.1797 0.0320 0.0269
140 0.0101 0.4937 0.2812 0.0988 0.0988 0.0176
141 0.0359 0.0413 0.0319 0.0069 0.8833 0.0004
142 0.0115 0.6772 0.2164 0.0902 0.0033 0.0013
143 0.0126 0.1010 0.3469 0.1237 0.3525 0.0632
144 0.0255 0.0296 0.0114 0.0039 0.9292 0.0005
145 0.0225 0.0289 0.0131 0.0065 0.9282 0.0006
146 0.2505 0.2837 0.2159 0.0189 0.2299 0.0011
147 0.1249 0.4939 0.3066 0.0352 0.0323 0.0069
148 0.1252 0.2957 0.4009 0.0250 0.1453 0.0079
149 0.1825 0.1755 0.5708 0.0175 0.0491 0.0045
150 0.1935 0.1230 0.5342 0.0806 0.0633 0.0055
151 0.0586 0.1300 0.3943 0.0801 0.3320 0.0048
152 0.0798 0.1294 0.5938 0.0472 0.1422 0.0075
153 0.0523 0.1455 0.5283 0.0368 0.2272 0.0101
154 0.0464 0.0681 0.0931 0.0061 0.7856 0.0007
155 0.0545 0.2681 0.4707 0.0408 0.1614 0.0045
156 0.1434 0.3232 0.2922 0.0532 0.1842 0.0036
157 0.0270 0.3115 0.4641 0.0432 0.1320 0.0224
158 0.1205 0.4766 0.3149 0.0288 0.0539 0.0055
159 0.0668 0.3369 0.4714 0.0287 0.0900 0.0062
160 0.0330 0.3923 0.5078 0.0206 0.0430 0.0034
161 0.1122 0.2734 0.3457 0.1533 0.1105 0.0049
162 0.2512 0.1106 0.1866 0.3127 0.1064 0.0324
163 0.1373 0.2905 0.4229 0.0478 0.0958 0.0055
164 0.0042 0.1403 0.0949 0.7349 0.0025 0.0229
165 0.0409 0.1494 0.4062 0.3643 0.0193 0.0199
166 0.0036 0.0263 0.0095 0.1083 0.8521 0.0002
167 0.1831 0.2705 0.3643 0.0643 0.1128 0.0050
168 0.0164 0.5645 0.3369 0.0152 0.0663 0.0010
169 0.0332 0.1365 0.1620 0.6509 0.0125 0.0050
170 0.0359 0.2085 0.4626 0.2805 0.0061 0.0062
171 0.0030 0.1346 0.4482 0.3833 0.0123 0.0185
172 0.0056 0.1261 0.3945 0.3765 0.0195 0.0777
173 0.0023 0.0496 0.0927 0.8135 0.0363 0.0055
174 0.1741 0.4697 0.2201 0.0327 0.0862 0.0172
175 0.0257 0.2942 0.4487 0.0480 0.1785 0.0047
176 0.0473 0.0668 0.1993 0.0238 0.6538 0.0092
177 0.0063 0.0634 0.0801 0.0718 0.7725 0.0059
178 0.0189 0.2695 0.6265 0.0547 0.0255 0.0049
179 0.0258 0.3452 0.6060 0.0131 0.0076 0.0024
180 0.0059 0.0453 0.0820 0.0302 0.8159 0.0209
181 0.0680 0.3943 0.3853 0.0600 0.0814 0.0109
182 0.0463 0.3091 0.4749 0.0674 0.0878 0.0145
183 0.1802 0.4187 0.2600 0.0366 0.0972 0.0073
184 0.1362 0.3071 0.3792 0.0479 0.1139 0.0157
185 0.0170 0.1460 0.5957 0.1309 0.0988 0.0117
186 0.0514 0.1281 0.5566 0.2047 0.0226 0.0367
187 0.0318 0.4497 0.1890 0.2927 0.0235 0.0134
188 0.0605 0.0771 0.4102 0.2566 0.1451 0.0505
189 0.0200 0.1208 0.2478 0.5498 0.0042 0.0575
190 0.0154 0.0809 0.2100 0.4514 0.2271 0.0151
191 0.0202 0.0332 0.3057 0.5981 0.0255 0.0172
192 0.0494 0.3708 0.1646 0.2048 0.0547 0.1558
193 0.0784 0.3325 0.4802 0.0909 0.0091 0.0087
194 0.0216 0.6265 0.3005 0.0440 0.0033 0.0039
195 0.0382 0.1635 0.6772 0.0903 0.0183 0.0124
196 0.0033 0.0242 0.0418 0.7524 0.1050 0.0734
197 0.0032 0.0117 0.0305 0.7993 0.0570 0.0984
198 0.0629 0.2001 0.6660 0.0551 0.0137 0.0020
199 0.0228 0.0868 0.2035 0.1150 0.5361 0.0359
200 0.0527 0.4919 0.3542 0.0645 0.0362 0.0003
201 0.0379 0.4204 0.3076 0.1781 0.0247 0.0312
202 0.0177 0.2239 0.1915 0.4053 0.0575 0.1041
203 0.1025 0.3308 0.3931 0.1266 0.0389 0.0081
204 0.0526 0.4270 0.2216 0.2632 0.0192 0.0166
205 0.0643 0.4683 0.3589 0.0595 0.0467 0.0023
206 0.0264 0.4609 0.4263 0.0664 0.0099 0.0102
207 0.0777 0.3823 0.4834 0.0373 0.0120 0.0071
208 0.2834 0.5420 0.1101 0.0187 0.0448 0.0009
209 0.0516 0.5469 0.2107 0.1747 0.0154 0.0008
210 0.1212 0.4399 0.3481 0.0075 0.0827 0.0005
211 0.0673 0.6133 0.2876 0.0160 0.0122 0.0036
212 0.0995 0.6958 0.1732 0.0213 0.0095 0.0005
213 0.0219 0.7080 0.2446 0.0111 0.0142 0.0002
214 0.0462 0.6846 0.2153 0.0156 0.0377 0.0007
215 0.0257 0.6675 0.2654 0.0170 0.0243 0.0003
216 0.0551 0.7603 0.1428 0.0319 0.0099 0.0003
217 0.0730 0.7373 0.1353 0.0302 0.0241 0.0003
218 0.3101 0.3486 0.2200 0.0882 0.0267 0.0063
219 0.1880 0.5151 0.2629 0.0193 0.0126 0.0021
220 0.0197 0.8267 0.0689 0.0806 0.0039 0.0001
221 0.0760 0.4016 0.2961 0.1598 0.0583 0.0081
222 0.1335 0.1537 0.2634 0.3203 0.0862 0.0430
223 0.0443 0.1851 0.6714 0.0815 0.0052 0.0125
224 0.1155 0.1438 0.2859 0.2076 0.2408 0.0062
225 0.0652 0.4456 0.3811 0.0699 0.0369 0.0013
226 0.1255 0.4924 0.1444 0.1456 0.0876 0.0043
227 0.2803 0.4341 0.1866 0.0583 0.0401 0.0007
228 0.7134 0.1340 0.0839 0.0297 0.0381 0.0006
229 0.2742 0.4592 0.2169 0.0194 0.0291 0.0011
230 0.0263 0.4451 0.4451 0.0750 0.0052 0.0034
231 0.1396 0.5273 0.2433 0.0708 0.0180 0.0010
232 0.0266 0.6812 0.2668 0.0124 0.0129 0.0002
233 0.0340 0.7041 0.1895 0.0556 0.0168 0.0003
234 0.0667 0.4021 0.4417 0.0570 0.0310 0.0016
235 0.0246 0.1643 0.4465 0.3479 0.0115 0.0052
236 0.0166 0.4138 0.4543 0.0815 0.0286 0.0053
237 0.0846 0.3616 0.3792 0.0586 0.1129 0.0032
238 0.3564 0.3025 0.2162 0.0189 0.1053 0.0005
239 0.3289 0.3845 0.2140 0.0246 0.0474 0.0007
240 0.3298 0.3003 0.2080 0.1194 0.0376 0.0051
241 0.2642 0.2878 0.2312 0.0781 0.1338 0.0049
242 0.0329 0.2373 0.6655 0.0517 0.0037 0.0090
243 0.0261 0.1886 0.7119 0.0455 0.0077 0.0202
244 0.0316 0.2930 0.5918 0.0551 0.0179 0.0106
245 0.2067 0.0703 0.1293 0.4585 0.0984 0.0370
246 0.1209 0.6538 0.1815 0.0244 0.0194 0.0002
247 0.0468 0.6714 0.2507 0.0183 0.0117 0.0011
248 0.0466 0.2314 0.6440 0.0421 0.0331 0.0028
249 0.0795 0.1147 0.6602 0.0929 0.0396 0.0132
250 0.0513 0.7847 0.1261 0.0214 0.0162 0.0004
251 0.0148 0.0996 0.5820 0.2749 0.0136 0.0148
252 0.0447 0.1636 0.3354 0.3303 0.0992 0.0267
253 0.0640 0.0765 0.1243 0.1055 0.6211 0.0085
254 0.0358 0.0590 0.1508 0.3450 0.4033 0.0061
255 0.0991 0.2233 0.0314 0.1354 0.5029 0.0078
256 0.1187 0.1335 0.0280 0.2253 0.4771 0.0175
257 0.0125 0.0803 0.6265 0.2612 0.0138 0.0055
258 0.0132 0.0709 0.4771 0.3955 0.0050 0.0385
259 0.0789 0.3242 0.1581 0.1682 0.2605 0.0100
260 0.1693 0.1566 0.2705 0.1616 0.2314 0.0103
261 0.0341 0.1307 0.3040 0.3337 0.1653 0.0320
262 0.0212 0.1588 0.3362 0.4250 0.0328 0.0259
263 0.0108 0.1747 0.2502 0.5298 0.0163 0.0183
264 0.0511 0.4019 0.4050 0.0704 0.0414 0.0305
265 0.0997 0.5732 0.2159 0.0482 0.0542 0.0085
266 0.1846 0.2262 0.3369 0.1120 0.1220 0.0183
267 0.1390 0.4817 0.1458 0.1010 0.1277 0.0049
268 0.2411 0.5737 0.1166 0.0350 0.0275 0.0060
269 0.0301 0.0341 0.1731 0.7065 0.0431 0.0133
270 0.1769 0.2307 0.1082 0.0939 0.3384 0.0519
271 0.1960 0.4280 0.1423 0.1009 0.1152 0.0175
272 0.1389 0.3464 0.2400 0.1082 0.1501 0.0163
273 0.0064 0.0666 0.3276 0.5664 0.0056 0.0275
274 0.2104 0.3962 0.1691 0.1083 0.1100 0.0058
275 0.2500 0.4492 0.1801 0.0378 0.0799 0.0031
276 0.3218 0.4683 0.1271 0.0132 0.0644 0.0053
277 0.0598 0.5210 0.1639 0.1602 0.0884 0.0067
278 0.0520 0.3040 0.4219 0.1731 0.0431 0.0060
279 0.0331 0.4229 0.2029 0.2861 0.0542 0.0011
280 0.0269 0.1525 0.5981 0.1913 0.0070 0.0241
281 0.1625 0.1613 0.2327 0.1316 0.2852 0.0269
282 0.0651 0.4114 0.4312 0.0535 0.0377 0.0014
283 0.2295 0.5254 0.1705 0.0328 0.0415 0.0003
284 0.0676 0.4304 0.2303 0.0895 0.1766 0.0054
285 0.3926 0.3574 0.1549 0.0552 0.0374 0.0023
286 0.0151 0.1504 0.2639 0.5049 0.0289 0.0369
287 0.0160 0.2313 0.3210 0.3528 0.0418 0.0372
288 0.0761 0.0243 0.0919 0.7568 0.0259 0.0247
289 0.0594 0.1774 0.4529 0.2539 0.0470 0.0095
290 0.1638 0.0395 0.3062 0.4185 0.0383 0.0338
291 0.1418 0.3679 0.3826 0.0753 0.0162 0.0162
292 0.2375 0.1985 0.2910 0.1909 0.0625 0.0193
293 0.2292 0.2681 0.1992 0.1842 0.0159 0.1033
294 0.2128 0.4758 0.1984 0.0840 0.0231 0.0061
295 0.1083 0.0830 0.0927 0.6328 0.0571 0.0259
296 0.0994 0.3811 0.2620 0.1564 0.0919 0.0093
297 0.2311 0.2257 0.2155 0.0580 0.2384 0.0313
298 0.3557 0.3289 0.1774 0.1182 0.0151 0.0047
299 0.1311 0.2469 0.3196 0.1849 0.0765 0.0410
300 0.2499 0.4419 0.1083 0.1058 0.0927 0.0014
301 0.2732 0.1046 0.0860 0.2910 0.0990 0.1462
302 0.1786 0.1208 0.5591 0.1153 0.0210 0.0054
303 0.1234 0.1123 0.4512 0.2454 0.0592 0.0085
304 0.2556 0.1599 0.1456 0.2700 0.1479 0.0208
305 0.2133 0.2695 0.1796 0.1443 0.1768 0.0166
306 0.1263 0.1000 0.4551 0.2717 0.0305 0.0163
307 0.2377 0.0556 0.0834 0.2571 0.0796 0.2866
308 0.1136 0.1553 0.1349 0.1288 0.0181 0.4492
309 0.4771 0.3545 0.0709 0.0395 0.0515 0.0065
310 0.5312 0.3027 0.0660 0.0446 0.0483 0.0067
311 0.5312 0.3027 0.0660 0.0446 0.0483 0.0068
312 0.5288 0.3059 0.0662 0.0444 0.0480 0.0069
313 0.5327 0.3037 0.0646 0.0441 0.0480 0.0068
314 0.5327 0.3037 0.0646 0.0441 0.0480 0.0068
315 0.5327 0.3037 0.0646 0.0441 0.0480 0.0068
316 0.5327 0.3037 0.0646 0.0441 0.0480 0.0068
317 0.5327 0.3037 0.0646 0.0441 0.0480 0.0068
318 0.5327 0.3037 0.0646 0.0441 0.0480 0.0068
