time exciting_prob fearful_prob tense_prob sad_prob relaxing_prob neutral_prob
0 0.1136 0.1553 0.1349 0.1288 0.0181 0.4492
1 0.0519 0.0677 0.2849 0.4412 0.1478 0.0064
2 0.1218 0.2120 0.4351 0.0677 0.1600 0.0033
3 0.3459 0.1559 0.2673 0.1158 0.1006 0.0143
4 0.4221 0.1257 0.2600 0.0306 0.1505 0.0107
5 0.1636 0.0760 0.2534 0.3303 0.0836 0.0932
6 0.0824 0.1946 0.2920 0.3157 0.0956 0.0197
7 0.2351 0.2771 0.2971 0.1060 0.0717 0.0130
8 0.1354 0.3223 0.3828 0.0796 0.0601 0.0200
9 0.0608 0.2683 0.1678 0.4709 0.0272 0.0050
10 0.2213 0.1113 0.4470 0.1892 0.0040 0.0273
11 0.3582 0.2073 0.2423 0.1425 0.0190 0.0310
12 0.1925 0.1252 0.1738 0.4653 0.0302 0.0129
13 0.1051 0.0138 0.2057 0.3499 0.0571 0.2683
14 0.3167 0.0490 0.3022 0.1580 0.0482 0.1260
15 0.2781 0.0665 0.3801 0.1896 0.0161 0.0698
16 0.2174 0.0628 0.2279 0.2583 0.1591 0.0746
17 0.1113 0.0654 0.1545 0.5312 0.0547 0.0828
18 0.0976 0.0742 0.3770 0.3711 0.0117 0.0681
19 0.2095 0.0649 0.0321 0.4719 0.0707 0.1509
20 0.3599 0.1956 0.0681 0.1866 0.1713 0.0186
21 0.4414 0.2085 0.0593 0.2069 0.0726 0.0112
22 0.2700 0.1359 0.3362 0.1638 0.0161 0.0780
23 0.2021 0.2827 0.1274 0.2678 0.0101 0.1099
24 0.3677 0.1486 0.1203 0.0534 0.0075 0.3025
25 0.5645 0.0997 0.1682 0.0740 0.0288 0.0648
26 0.0942 0.0972 0.0613 0.2330 0.4492 0.0652
27 0.1891 0.1193 0.0525 0.0471 0.5386 0.0533
28 0.0597 0.0523 0.0984 0.6470 0.0356 0.1072
29 0.0576 0.3291 0.3557 0.1733 0.0776 0.0066
30 0.1300 0.2111 0.2429 0.3535 0.0387 0.0239
31 0.5205 0.1135 0.2498 0.0251 0.0095 0.0817
32 0.2502 0.1448 0.1733 0.3394 0.0745 0.0177
33 0.3408 0.2783 0.2036 0.1525 0.0186 0.0061
34 0.3523 0.1504 0.1931 0.0315 0.2681 0.0047
35 0.3157 0.0970 0.3083 0.0933 0.1625 0.0234
36 0.1339 0.0381 0.0643 0.4861 0.1904 0.0872
37 0.1876 0.1183 0.0989 0.2045 0.0537 0.3372
38 0.2335 0.1193 0.0638 0.1461 0.0463 0.3911
39 0.0876 0.0338 0.0779 0.2084 0.0170 0.5752
40 0.0887 0.0471 0.0490 0.1953 0.0183 0.6016
41 0.3618 0.0685 0.1682 0.1121 0.2773 0.0120
42 0.2759 0.0660 0.2695 0.0443 0.3328 0.0115
43 0.3127 0.1548 0.0602 0.2003 0.2612 0.0109
44 0.2715 0.3770 0.1234 0.1488 0.0692 0.0104
45 0.1528 0.1010 0.1993 0.3445 0.1392 0.0632
46 0.4172 0.0924 0.1387 0.2065 0.0388 0.1063
47 0.3232 0.0744 0.1562 0.3037 0.0227 0.1198
48 0.5610 0.1122 0.1385 0.1194 0.0055 0.0634
49 0.1913 0.2004 0.4019 0.1663 0.0327 0.0074
50 0.2042 0.0308 0.0209 0.6289 0.0878 0.0272
51 0.3599 0.1410 0.0391 0.0809 0.3743 0.0049
52 0.1680 0.0711 0.1238 0.3555 0.2769 0.0048
53 0.2010 0.0935 0.1506 0.3342 0.2158 0.0048
54 0.4673 0.2350 0.2443 0.0205 0.0323 0.0006
55 0.2539 0.5332 0.0622 0.0994 0.0170 0.0341
56 0.3975 0.1037 0.0735 0.1820 0.2356 0.0076
57 0.6372 0.1378 0.0715 0.0503 0.0940 0.0093
58 0.3062 0.0699 0.2617 0.2876 0.0593 0.0155
59 0.6255 0.0923 0.0394 0.1879 0.0490 0.0059
60 0.2664 0.5298 0.1278 0.0435 0.0176 0.0151
61 0.1829 0.1470 0.0927 0.4387 0.1359 0.0028
62 0.3042 0.1173 0.0872 0.4160 0.0653 0.0100
63 0.3464 0.3306 0.1743 0.0579 0.0732 0.0174
64 0.1780 0.3430 0.1054 0.2375 0.1242 0.0118
65 0.2671 0.0391 0.0337 0.6406 0.0064 0.0129
66 0.2252 0.1754 0.0984 0.0454 0.4551 0.0006
67 0.3586 0.0872 0.4534 0.0219 0.0776 0.0012
68 0.0797 0.3892 0.2761 0.1687 0.0835 0.0028
69 0.6465 0.0861 0.2217 0.0138 0.0302 0.0019
70 0.3735 0.0707 0.3735 0.1113 0.0680 0.0029
71 0.1952 0.0649 0.0952 0.1005 0.5430 0.0012
72 0.3240 0.1761 0.1020 0.0467 0.3503 0.0007
73 0.1617 0.0880 0.0586 0.2109 0.4790 0.0017
74 0.4417 0.1083 0.2054 0.0448 0.1945 0.0053
75 0.2664 0.4094 0.1788 0.0299 0.1051 0.0105
76 0.2195 0.2710 0.2318 0.2281 0.0364 0.0133
77 0.4136 0.1096 0.1765 0.1204 0.1533 0.0264
78 0.3650 0.1558 0.2671 0.0959 0.0959 0.0203
79 0.3306 0.3386 0.1367 0.1207 0.0515 0.0218
80 0.1070 0.0591 0.6016 0.1619 0.0443 0.0262
81 0.4790 0.1310 0.2299 0.0260 0.1270 0.0073
82 0.2384 0.1962 0.1327 0.1025 0.3037 0.0263
83 0.2683 0.3936 0.1471 0.0957 0.0793 0.0159
84 0.0876 0.0798 0.2037 0.5044 0.0811 0.0434
85 0.0682 0.0469 0.2456 0.5620 0.0188 0.0583
86 0.1033 0.0528 0.1677 0.5332 0.0473 0.0956
87 0.4121 0.1962 0.1118 0.1947 0.0608 0.0244
88 0.2815 0.1191 0.2389 0.2124 0.1288 0.0193
89 0.1969 0.1096 0.4299 0.1671 0.0901 0.0064
90 0.2773 0.3821 0.0930 0.0260 0.2178 0.0037
91 0.5024 0.0801 0.1462 0.2095 0.0316 0.0302
92 0.3591 0.3096 0.1029 0.1521 0.0649 0.0115
93 0.2625 0.2883 0.1818 0.0800 0.1790 0.0085
94 0.1312 0.0759 0.1195 0.5029 0.0931 0.0771
95 0.4441 0.2130 0.1970 0.0655 0.0784 0.0021
96 0.4673 0.2073 0.1815 0.0831 0.0599 0.0010
97 0.6753 0.1472 0.0633 0.0618 0.0521 0.0004
98 0.1406 0.1849 0.1417 0.4167 0.0564 0.0596
99 0.0894 0.0521 0.0752 0.1543 0.6201 0.0089
100 0.1017 0.0699 0.0768 0.0955 0.6528 0.0032
101 0.0994 0.5718 0.1306 0.1504 0.0386 0.0092
102 0.0715 0.5586 0.2383 0.0434 0.0817 0.0066
103 0.0966 0.5557 0.2061 0.0605 0.0782 0.0027
104 0.0504 0.1412 0.3606 0.2222 0.1871 0.0386
105 0.0788 0.1201 0.2465 0.1361 0.3877 0.0306
106 0.4543 0.2451 0.0815 0.0216 0.1865 0.0110
107 0.0450 0.0129 0.0345 0.0730 0.7725 0.0624
108 0.0285 0.0222 0.0344 0.1010 0.7817 0.0323
109 0.2281 0.3118 0.2194 0.1331 0.0685 0.0390
110 0.0299 0.0329 0.0764 0.0493 0.7959 0.0155
111 0.0415 0.1804 0.1721 0.2209 0.3533 0.0318
112 0.1132 0.0946 0.1063 0.6313 0.0144 0.0400
113 0.0966 0.2544 0.2583 0.1094 0.2544 0.0270
114 0.4834 0.0801 0.3120 0.0502 0.0551 0.0190
115 0.5273 0.0534 0.3301 0.0340 0.0494 0.0059
116 0.0844 0.4597 0.3159 0.0105 0.1277 0.0020
117 0.3074 0.3567 0.0861 0.1343 0.0998 0.0159
118 0.7935 0.0129 0.1016 0.0593 0.0315 0.0014
119 0.8315 0.0368 0.0562 0.0161 0.0588 0.0004
120 0.1715 0.0205 0.4116 0.3521 0.0310 0.0133
121 0.1801 0.3364 0.1034 0.3235 0.0512 0.0056
122 0.5840 0.0483 0.0875 0.1796 0.0651 0.0354
123 0.5283 0.0454 0.0977 0.2006 0.1134 0.0145
124 0.5200 0.0897 0.1812 0.0616 0.1389 0.0087
125 0.4121 0.0964 0.3752 0.0349 0.0710 0.0102
126 0.3110 0.2810 0.1127 0.1209 0.1338 0.0405
127 0.4575 0.1683 0.1968 0.1644 0.0051 0.0081
128 0.4316 0.0905 0.2942 0.0850 0.0970 0.0016
129 0.3394 0.4497 0.0648 0.0585 0.0787 0.0087
130 0.1915 0.0589 0.4890 0.1946 0.0265 0.0395
131 0.2876 0.0994 0.5205 0.0383 0.0395 0.0148
132 0.1650 0.3440 0.1716 0.0856 0.2203 0.0136
133 0.5747 0.0450 0.0953 0.0635 0.2164 0.0050
134 0.3535 0.2566 0.1937 0.1332 0.0501 0.0126
135 0.6587 0.1191 0.0381 0.1019 0.0717 0.0105
136 0.2927 0.1279 0.4326 0.0879 0.0412 0.0176
137 0.0374 0.2274 0.1664 0.5371 0.0199 0.0117
138 0.2678 0.1467 0.4248 0.0570 0.0817 0.0220
139 0.2830 0.2537 0.1066 0.0607 0.1930 0.1033
140 0.2720 0.0621 0.4343 0.0646 0.0630 0.1040
141 0.4036 0.0669 0.3398 0.1104 0.0364 0.0429
142 0.2590 0.1443 0.0552 0.3250 0.1987 0.0178
143 0.3352 0.1272 0.0778 0.1499 0.3005 0.0096
144 0.2101 0.0616 0.1008 0.1715 0.3411 0.1151
145 0.3782 0.0455 0.2661 0.0857 0.2040 0.0205
146 0.4221 0.0844 0.3137 0.0303 0.1436 0.0059
147 0.2169 0.3230 0.2203 0.1236 0.0904 0.0257
148 0.2529 0.1780 0.3247 0.0967 0.1322 0.0153
149 0.1819 0.2300 0.3792 0.0989 0.0735 0.0367
150 0.2949 0.0366 0.0658 0.1603 0.3787 0.0638
151 0.2893 0.0454 0.0855 0.1549 0.3833 0.0417
152 0.2522 0.0478 0.0369 0.1642 0.4861 0.0128
153 0.4673 0.0864 0.0769 0.0980 0.2664 0.0051
154 0.2522 0.0212 0.0207 0.4565 0.2444 0.0050
155 0.2795 0.0394 0.0151 0.1353 0.5264 0.0041
156 0.1105 0.1375 0.2017 0.1204 0.0649 0.3650
157 0.2333 0.0418 0.0452 0.0541 0.6245 0.0012
158 0.2683 0.0541 0.0627 0.2278 0.3726 0.0146
159 0.0945 0.1195 0.0796 0.1766 0.5273 0.0026
160 0.2017 0.2471 0.1836 0.1522 0.0841 0.1312
161 0.3008 0.0232 0.0276 0.3464 0.2961 0.0058
162 0.2443 0.0357 0.0341 0.4563 0.2123 0.0173
163 0.1504 0.0346 0.1814 0.5674 0.0167 0.0496
164 0.2461 0.0328 0.5049 0.1947 0.0140 0.0074
165 0.3923 0.0454 0.0089 0.1089 0.4377 0.0065
166 0.5151 0.0834 0.0560 0.0502 0.2935 0.0019
167 0.3745 0.3203 0.0507 0.0791 0.1065 0.0687
168 0.4399 0.0482 0.0605 0.1619 0.2820 0.0075
169 0.2371 0.0493 0.2092 0.3342 0.1506 0.0196
170 0.3125 0.0487 0.1925 0.1583 0.2756 0.0125
171 0.3813 0.0739 0.1541 0.1589 0.1918 0.0399
172 0.3533 0.1202 0.1876 0.2029 0.1094 0.0264
173 0.2104 0.0562 0.0756 0.0994 0.1976 0.3608
174 0.2583 0.1471 0.1680 0.3066 0.0668 0.0533
175 0.3262 0.0393 0.2622 0.3113 0.0308 0.0303
176 0.3533 0.0723 0.3479 0.0555 0.1394 0.0316
177 0.1879 0.0930 0.0373 0.1953 0.4758 0.0107
178 0.1964 0.0341 0.3042 0.3669 0.0442 0.0541
179 0.2991 0.0234 0.5674 0.0941 0.0147 0.0013
180 0.0778 0.2048 0.0547 0.6309 0.0206 0.0112
181 0.2822 0.0143 0.2267 0.3623 0.0397 0.0748
182 0.3167 0.0104 0.2109 0.4004 0.0422 0.0195
183 0.5303 0.1004 0.1819 0.0696 0.1156 0.0023
184 0.2284 0.1385 0.1429 0.3376 0.1046 0.0479
185 0.2075 0.0776 0.0470 0.2279 0.2927 0.1472
186 0.1958 0.0245 0.1345 0.5938 0.0374 0.0143
187 0.1799 0.1227 0.1180 0.3550 0.1126 0.1117
188 0.2795 0.0103 0.2710 0.3481 0.0493 0.0416
189 0.2305 0.3540 0.1559 0.1097 0.1272 0.0226
190 0.4224 0.0201 0.3042 0.1371 0.0648 0.0516
191 0.3965 0.1844 0.0562 0.0637 0.2622 0.0369
192 0.5903 0.0336 0.1652 0.0584 0.1436 0.0092
193 0.5664 0.1700 0.1274 0.0380 0.0954 0.0027
194 0.2360 0.0656 0.1115 0.1431 0.1313 0.3125
195 0.7344 0.0956 0.0392 0.0165 0.1118 0.0025
196 0.6895 0.0786 0.0804 0.0173 0.1326 0.0019
197 0.2308 0.1869 0.0458 0.2382 0.2006 0.0977
198 0.6890 0.1798 0.0588 0.0168 0.0548 0.0006
199 0.7324 0.1609 0.0720 0.0042 0.0300 0.0008
200 0.2830 0.2256 0.1703 0.2617 0.0427 0.0170
201 0.3833 0.1514 0.1927 0.0856 0.1825 0.0045
202 0.1290 0.0629 0.0729 0.0782 0.2688 0.3882
203 0.1573 0.0362 0.0340 0.1090 0.0876 0.5757
204 0.4219 0.0627 0.0325 0.1317 0.3416 0.0096
205 0.3433 0.0348 0.0410 0.0388 0.5400 0.0020
206 0.1827 0.0149 0.0193 0.0249 0.7573 0.0006
207 0.2090 0.0326 0.0657 0.0964 0.5952 0.0010
208 0.1245 0.1929 0.0779 0.2720 0.0245 0.3081
