time exciting_prob fearful_prob tense_prob sad_prob relaxing_prob neutral_prob
0 0.1136 0.1553 0.1349 0.1288 0.0181 0.4492
1 0.1147 0.1013 0.0981 0.3823 0.0450 0.2585
2 0.0167 0.0868 0.1344 0.7153 0.0192 0.0277
3 0.0325 0.4634 0.1626 0.3337 0.0057 0.0021
4 0.1109 0.3416 0.2788 0.2137 0.0516 0.0036
5 0.0036 0.3723 0.1018 0.5010 0.0169 0.0041
6 0.0085 0.0362 0.0968 0.7856 0.0122 0.0606
7 0.0038 0.1475 0.1148 0.6924 0.0295 0.0121
8 0.0033 0.1904 0.0958 0.6753 0.0217 0.0138
9 0.0532 0.3779 0.2681 0.2639 0.0190 0.0178
10 0.0580 0.2443 0.3904 0.2769 0.0197 0.0107
11 0.0235 0.6304 0.1475 0.1953 0.0030 0.0003
12 0.1157 0.0629 0.3096 0.2607 0.0064 0.2449
13 0.0370 0.0703 0.1215 0.6670 0.0109 0.0931
14 0.0774 0.2966 0.1915 0.3469 0.0100 0.0774
15 0.0498 0.2031 0.4368 0.2527 0.0130 0.0446
16 0.0585 0.1426 0.1494 0.5054 0.0202 0.1238
17 0.0041 0.1204 0.0853 0.6714 0.0361 0.0827
18 0.1364 0.1750 0.4685 0.0600 0.0702 0.0901
19 0.0073 0.1744 0.0850 0.6899 0.0119 0.0318
20 0.0296 0.2086 0.3494 0.3232 0.0111 0.0779
21 0.0311 0.0633 0.4128 0.1832 0.0074 0.3020
22 0.0133 0.3647 0.1570 0.4006 0.0091 0.0551
23 0.0170 0.3445 0.4709 0.0927 0.0026 0.0722
24 0.0826 0.0853 0.3704 0.3372 0.0135 0.1112
25 0.0117 0.2927 0.2751 0.2974 0.0478 0.0752
26 0.0167 0.2720 0.2401 0.4280 0.0249 0.0181
27 0.0421 0.4666 0.2345 0.1316 0.0919 0.0335
28 0.0048 0.0880 0.1777 0.6108 0.0207 0.0981
29 0.0131 0.4385 0.1445 0.3750 0.0063 0.0225
30 0.0579 0.3955 0.2324 0.3032 0.0083 0.0027
31 0.0055 0.0923 0.0923 0.6309 0.0867 0.0923
32 0.0257 0.1902 0.3391 0.3088 0.0093 0.1267
33 0.0905 0.2170 0.4055 0.1691 0.0103 0.1075
34 0.0361 0.2544 0.1749 0.4067 0.0184 0.1094
35 0.0090 0.1799 0.1976 0.4453 0.0188 0.1492
36 0.0525 0.3164 0.4062 0.1471 0.0321 0.0456
37 0.0811 0.3989 0.3010 0.1057 0.0395 0.0738
38 0.0146 0.2542 0.1948 0.4976 0.0078 0.0313
39 0.0570 0.4666 0.2103 0.1492 0.0346 0.0823
40 0.0385 0.4199 0.3269 0.1261 0.0610 0.0277
41 0.0156 0.2446 0.2998 0.3616 0.0146 0.0638
42 0.0813 0.2354 0.4260 0.1279 0.0091 0.1202
43 0.0158 0.2096 0.0945 0.5435 0.0747 0.0620
44 0.0244 0.3086 0.3843 0.1328 0.1154 0.0346
45 0.0139 0.1522 0.2322 0.5483 0.0112 0.0423
46 0.0210 0.3552 0.3904 0.1328 0.0225 0.0781
47 0.0333 0.0751 0.0549 0.7949 0.0287 0.0130
48 0.0104 0.1815 0.2368 0.4937 0.0043 0.0734
49 0.0202 0.1552 0.0716 0.6279 0.0249 0.1002
50 0.0175 0.0873 0.0482 0.8286 0.0091 0.0095
51 0.0350 0.0396 0.1012 0.7363 0.0264 0.0614
52 0.0374 0.1676 0.3333 0.4214 0.0278 0.0126
53 0.0066 0.0710 0.1758 0.5010 0.0016 0.2441
54 0.0236 0.1477 0.2634 0.5073 0.0156 0.0423
55 0.0183 0.0559 0.1935 0.5430 0.1461 0.0435
56 0.0201 0.0658 0.2332 0.6050 0.0049 0.0711
57 0.0219 0.2546 0.2979 0.3706 0.0041 0.0509
58 0.0391 0.0596 0.4011 0.3430 0.0075 0.1499
59 0.0061 0.0843 0.3440 0.4084 0.0021 0.1550
60 0.0264 0.1068 0.5254 0.2277 0.0274 0.0864
61 0.0096 0.1714 0.1489 0.6074 0.0077 0.0548
62 0.0269 0.1283 0.6411 0.1283 0.0078 0.0676
63 0.0111 0.0183 0.1862 0.5059 0.0951 0.1832
64 0.0239 0.1088 0.5479 0.2214 0.0248 0.0730
65 0.0182 0.0494 0.4070 0.4070 0.0172 0.1013
66 0.0329 0.1848 0.1113 0.4719 0.1231 0.0759
67 0.0124 0.6260 0.2064 0.1510 0.0014 0.0030
68 0.0425 0.2373 0.4829 0.1104 0.0442 0.0826
69 0.0162 0.2382 0.1743 0.3257 0.0038 0.2419
70 0.0047 0.2019 0.2634 0.3772 0.0282 0.1245
71 0.0404 0.2494 0.3408 0.3152 0.0228 0.0315
72 0.0287 0.1626 0.2681 0.5088 0.0135 0.0181
73 0.0098 0.2620 0.2240 0.4668 0.0030 0.0346
74 0.0174 0.0329 0.3569 0.4802 0.0370 0.0754
75 0.0289 0.2189 0.4287 0.1505 0.0225 0.1505
76 0.0272 0.3999 0.2664 0.2484 0.0105 0.0474
77 0.0252 0.1113 0.1646 0.6509 0.0101 0.0382
78 0.0229 0.1093 0.2837 0.4062 0.0521 0.1259
79 0.0106 0.2114 0.2510 0.4270 0.0076 0.0923
80 0.0094 0.1437 0.2332 0.5015 0.0120 0.1003
81 0.0276 0.4778 0.3389 0.1135 0.0018 0.0405
82 0.0121 0.2705 0.2242 0.3875 0.0029 0.1027
83 0.0432 0.6602 0.1921 0.0826 0.0011 0.0204
84 0.0127 0.0871 0.2025 0.6143 0.0122 0.0711
85 0.0247 0.2720 0.2556 0.3547 0.0557 0.0371
86 0.1260 0.3821 0.3069 0.1427 0.0033 0.0390
87 0.0179 0.1340 0.2045 0.4194 0.0546 0.1696
88 0.0113 0.1356 0.1973 0.4514 0.0071 0.1973
89 0.1390 0.2402 0.3494 0.2119 0.0074 0.0519
90 0.0186 0.1765 0.2196 0.4368 0.0233 0.1251
91 0.0070 0.1233 0.1821 0.3857 0.0016 0.3003
92 0.0157 0.3596 0.3430 0.1453 0.0022 0.1344
93 0.0255 0.2272 0.2004 0.4312 0.0117 0.1040
94 0.0046 0.3164 0.3164 0.3066 0.0068 0.0493
95 0.0109 0.1273 0.1584 0.5532 0.0034 0.1466
96 0.0146 0.0782 0.1249 0.6343 0.0064 0.1416
97 0.0331 0.0367 0.5347 0.2732 0.0102 0.1121
98 0.0114 0.5098 0.2905 0.1682 0.0080 0.0117
99 0.0125 0.2668 0.1221 0.5225 0.0237 0.0525
100 0.0305 0.1115 0.2434 0.3596 0.0077 0.2472
101 0.0143 0.1813 0.1479 0.5762 0.0287 0.0515
102 0.0311 0.1228 0.4155 0.3611 0.0278 0.0418
103 0.0367 0.0741 0.2839 0.5142 0.0158 0.0753
104 0.0714 0.1879 0.4104 0.2001 0.0601 0.0702
105 0.0768 0.0781 0.3235 0.2854 0.0137 0.2224
106 0.0793 0.1731 0.4780 0.1436 0.0108 0.1153
107 0.0439 0.0591 0.2529 0.3916 0.0186 0.2339
108 0.0695 0.0964 0.4255 0.3018 0.0133 0.0935
109 0.1633 0.1396 0.5356 0.1272 0.0027 0.0316
110 0.0638 0.0542 0.2668 0.3269 0.1078 0.1805
111 0.0347 0.0109 0.1628 0.5596 0.0418 0.1903
112 0.0722 0.1003 0.2947 0.2725 0.0082 0.2520
113 0.0201 0.1322 0.0908 0.3884 0.0464 0.3220
114 0.0994 0.0728 0.3752 0.2876 0.0181 0.1470
115 0.0105 0.2454 0.1910 0.2131 0.0046 0.3352
116 0.0156 0.3167 0.2666 0.1804 0.0062 0.2142
117 0.0113 0.1010 0.0780 0.4595 0.3416 0.0086
118 0.0194 0.6333 0.2993 0.0280 0.0095 0.0104
119 0.0116 0.1636 0.2456 0.1611 0.0068 0.4114
120 0.0388 0.4768 0.0382 0.3628 0.0602 0.0230
121 0.0447 0.4624 0.3228 0.1031 0.0523 0.0149
122 0.0296 0.4775 0.3083 0.1526 0.0251 0.0067
123 0.0231 0.0696 0.0826 0.2952 0.0275 0.5020
124 0.0081 0.2532 0.2271 0.2781 0.0029 0.2306
125 0.0290 0.1593 0.2505 0.1952 0.0339 0.3320
126 0.0560 0.1987 0.2959 0.3201 0.0171 0.1123
127 0.0248 0.1615 0.2009 0.3015 0.0096 0.3015
128 0.0151 0.2020 0.2893 0.1206 0.0014 0.3716
129 0.0065 0.0272 0.0363 0.0756 0.0032 0.8516
130 0.0312 0.1691 0.4524 0.3013 0.0084 0.0377
131 0.0356 0.2078 0.6201 0.0936 0.0153 0.0275
132 0.0104 0.0227 0.1191 0.2769 0.0031 0.5679
133 0.0150 0.2556 0.2438 0.2764 0.0105 0.1990
134 0.0837 0.1978 0.2969 0.2539 0.0208 0.1470
135 0.0061 0.0742 0.2080 0.3171 0.0059 0.3887
136 0.0671 0.0651 0.2869 0.2003 0.0121 0.3684
137 0.0149 0.9341 0.0325 0.0175 0.0005 0.0004
138 0.0650 0.1196 0.5034 0.1881 0.0134 0.1106
139 0.0637 0.1434 0.2458 0.1108 0.0179 0.4182
140 0.0121 0.8120 0.1368 0.0315 0.0046 0.0029
141 0.0619 0.5181 0.2998 0.0922 0.0248 0.0033
142 0.0567 0.0604 0.2175 0.4326 0.0633 0.1694
143 0.0577 0.3398 0.2029 0.1112 0.0154 0.2729
144 0.0618 0.2332 0.3237 0.1788 0.0632 0.1393
145 0.0074 0.1306 0.1227 0.3389 0.3235 0.0768
146 0.0771 0.2001 0.3918 0.1659 0.0117 0.1534
147 0.0575 0.2988 0.3386 0.2021 0.0119 0.0911
148 0.0380 0.3286 0.3901 0.1759 0.0608 0.0066
149 0.0057 0.0797 0.1023 0.5708 0.0565 0.1852
150 0.0044 0.4365 0.0901 0.4504 0.0159 0.0028
151 0.0235 0.0583 0.1674 0.3225 0.0078 0.4207
152 0.0873 0.0901 0.3733 0.2646 0.0724 0.1121
153 0.0102 0.0396 0.1093 0.5132 0.0576 0.2703
154 0.0148 0.1925 0.1698 0.2250 0.0030 0.3948
155 0.0118 0.0701 0.1138 0.2229 0.0034 0.5781
156 0.0136 0.1951 0.3425 0.1593 0.0057 0.2839
157 0.1074 0.5332 0.1199 0.1002 0.1266 0.0129
158 0.0197 0.3181 0.3660 0.2085 0.0151 0.0726
159 0.0176 0.3054 0.1254 0.4307 0.0030 0.1177
160 0.0257 0.0891 0.1180 0.4739 0.0059 0.2874
161 0.0296 0.0451 0.0598 0.6738 0.0341 0.1576
162 0.0148 0.1149 0.0881 0.1224 0.0086 0.6514
163 0.0170 0.3743 0.1584 0.3687 0.0715 0.0102
164 0.0160 0.1173 0.2091 0.3848 0.0084 0.2644
165 0.0074 0.0939 0.1455 0.3179 0.0077 0.4277
166 0.0171 0.0401 0.1488 0.0511 0.0216 0.7212
167 0.0145 0.1274 0.1274 0.3057 0.0070 0.4180
168 0.0486 0.2179 0.2629 0.4202 0.0293 0.0212
169 0.0138 0.1857 0.2744 0.3416 0.0445 0.1401
170 0.0221 0.4014 0.2847 0.1837 0.0601 0.0479
171 0.0147 0.6392 0.1979 0.1278 0.0177 0.0029
172 0.0071 0.1823 0.2303 0.1464 0.0104 0.4236
173 0.0064 0.1644 0.0937 0.6816 0.0304 0.0233
174 0.0336 0.2390 0.1567 0.3267 0.0121 0.2317
175 0.0246 0.2245 0.1044 0.4194 0.2142 0.0131
176 0.0140 0.2756 0.3027 0.2588 0.0036 0.1453
177 0.0225 0.2434 0.1477 0.2590 0.0195 0.3079
178 0.0165 0.6689 0.1565 0.1317 0.0022 0.0240
179 0.0794 0.1415 0.3342 0.2996 0.0222 0.1230
180 0.0161 0.1414 0.3552 0.3962 0.0040 0.0870
181 0.0181 0.1472 0.2280 0.5557 0.0304 0.0207
182 0.0246 0.1578 0.3240 0.4292 0.0072 0.0572
183 0.0414 0.2020 0.1151 0.1868 0.4016 0.0531
184 0.0038 0.0344 0.0965 0.2749 0.0084 0.5820
185 0.0046 0.0616 0.1549 0.2020 0.0011 0.5757
186 0.0048 0.5298 0.0500 0.3875 0.0233 0.0046
187 0.0298 0.4656 0.1442 0.1686 0.1824 0.0095
188 0.0260 0.5547 0.1403 0.1042 0.1692 0.0054
189 0.0329 0.0783 0.1683 0.6157 0.0131 0.0916
190 0.0249 0.2515 0.2637 0.2986 0.0181 0.1433
191 0.1355 0.1187 0.1781 0.3225 0.0587 0.1866
192 0.0381 0.2297 0.1761 0.3560 0.0154 0.1847
193 0.0426 0.0373 0.1353 0.1353 0.0040 0.6455
194 0.0148 0.5732 0.3818 0.0207 0.0052 0.0042
195 0.0572 0.1531 0.2646 0.1383 0.0078 0.3789
196 0.0147 0.2810 0.5679 0.1118 0.0057 0.0190
197 0.0731 0.4878 0.2651 0.0635 0.0472 0.0635
198 0.0021 0.2827 0.4448 0.1586 0.0076 0.1040
199 0.0593 0.1116 0.4312 0.2438 0.0155 0.1389
200 0.0106 0.0705 0.1338 0.4385 0.0156 0.3311
201 0.0263 0.1561 0.5283 0.1326 0.0043 0.1525
202 0.0725 0.2473 0.4805 0.0556 0.1106 0.0335
203 0.0030 0.2444 0.3728 0.3042 0.0148 0.0609
204 0.0175 0.2083 0.2434 0.2759 0.0154 0.2396
205 0.0230 0.1699 0.4512 0.1302 0.0024 0.2233
206 0.0616 0.1700 0.2361 0.1897 0.0097 0.3330
207 0.0390 0.0679 0.2296 0.1268 0.0027 0.5342
208 0.0252 0.0526 0.4509 0.2130 0.0168 0.2413
209 0.0265 0.3357 0.2593 0.0984 0.0307 0.2494
210 0.0335 0.1433 0.5664 0.1812 0.0046 0.0709
211 0.0553 0.1017 0.4153 0.2810 0.0098 0.1370
212 0.0898 0.1208 0.2103 0.3721 0.0392 0.1677
213 0.0288 0.0321 0.5220 0.3530 0.0075 0.0567
214 0.0149 0.1139 0.1021 0.5269 0.0195 0.2230
215 0.1032 0.3057 0.2036 0.1455 0.1783 0.0636
216 0.0121 0.1609 0.1141 0.6167 0.0223 0.0737
217 0.0692 0.1534 0.4800 0.1970 0.0129 0.0874
218 0.1191 0.0695 0.1902 0.2224 0.0054 0.3933
219 0.0395 0.0855 0.2593 0.4275 0.0597 0.1284
220 0.2776 0.1521 0.1984 0.1509 0.0446 0.1764
221 0.4980 0.0794 0.1891 0.0369 0.0043 0.1920
222 0.0101 0.0484 0.1854 0.1797 0.0054 0.5713
223 0.0114 0.1443 0.1941 0.3921 0.0348 0.2234
224 0.0225 0.5361 0.2067 0.1825 0.0151 0.0371
225 0.0084 0.0431 0.1190 0.7407 0.0020 0.0871
226 0.0257 0.1187 0.3225 0.1089 0.0103 0.4141
227 0.0688 0.5005 0.1526 0.2556 0.0012 0.0215
228 0.0268 0.1069 0.6973 0.0873 0.0033 0.0782
229 0.0720 0.0785 0.4277 0.2362 0.0100 0.1755
230 0.0118 0.0483 0.0823 0.7563 0.0136 0.0875
231 0.0195 0.0391 0.1261 0.3376 0.0090 0.4688
232 0.0051 0.3247 0.0610 0.5879 0.0140 0.0071
233 0.0157 0.1455 0.1116 0.6621 0.0480 0.0170
234 0.0264 0.2107 0.1448 0.3018 0.3113 0.0050
235 0.0258 0.2393 0.3481 0.2932 0.0195 0.0741
236 0.0162 0.3748 0.2656 0.2964 0.0181 0.0289
237 0.1348 0.0688 0.2517 0.3496 0.0191 0.1758
238 0.0704 0.2036 0.4883 0.1024 0.0491 0.0862
239 0.0324 0.4263 0.3821 0.0997 0.0509 0.0085
240 0.0119 0.3516 0.1584 0.1741 0.0033 0.3008
241 0.0222 0.4792 0.2263 0.2159 0.0058 0.0505
242 0.0242 0.4248 0.2421 0.1716 0.0301 0.1074
243 0.0856 0.0646 0.5410 0.1676 0.0110 0.1305
244 0.0200 0.2759 0.3599 0.2019 0.0036 0.1388
245 0.0191 0.7622 0.1897 0.0174 0.0015 0.0102
246 0.0087 0.2335 0.2194 0.4363 0.0412 0.0609
247 0.0074 0.3257 0.3010 0.2382 0.0022 0.1255
248 0.0124 0.5879 0.1908 0.1737 0.0040 0.0312
249 0.0222 0.1624 0.4082 0.2849 0.0561 0.0661
250 0.0139 0.2661 0.2581 0.1859 0.0013 0.2747
251 0.0154 0.1985 0.1385 0.2015 0.0058 0.4402
252 0.0387 0.3398 0.2061 0.3506 0.0281 0.0367
253 0.0137 0.1281 0.1029 0.4832 0.0134 0.2588
254 0.0914 0.0794 0.3909 0.2445 0.0122 0.1818
255 0.0331 0.1719 0.3213 0.0599 0.0384 0.3755
256 0.0279 0.2058 0.2445 0.0550 0.0172 0.4497
257 0.0156 0.0206 0.1116 0.4277 0.0034 0.4211
258 0.0136 0.6484 0.1744 0.1109 0.0161 0.0366
259 0.0182 0.0610 0.1510 0.5269 0.0055 0.2374
260 0.0219 0.0538 0.7432 0.0530 0.0649 0.0629
261 0.0374 0.1307 0.2189 0.3135 0.0473 0.2520
262 0.0300 0.1263 0.4077 0.2891 0.0166 0.1304
263 0.0362 0.0556 0.4514 0.1443 0.0992 0.2133
264 0.0466 0.4929 0.2292 0.1813 0.0035 0.0466
265 0.0129 0.1289 0.1847 0.2126 0.0108 0.4500
266 0.0564 0.2842 0.4399 0.1364 0.0207 0.0624
267 0.0349 0.4626 0.4414 0.0354 0.0072 0.0186
268 0.0098 0.0818 0.0957 0.1732 0.0155 0.6240
269 0.0655 0.1985 0.2844 0.3123 0.0226 0.1167
270 0.0230 0.1141 0.0977 0.5117 0.0300 0.2235
271 0.0370 0.4407 0.4548 0.0450 0.0172 0.0051
272 0.1090 0.0862 0.3926 0.2134 0.0164 0.1825
273 0.0444 0.3154 0.1586 0.3745 0.0151 0.0918
274 0.0289 0.3306 0.1610 0.0480 0.0072 0.4243
275 0.0110 0.0772 0.1687 0.6074 0.0162 0.1196
276 0.0134 0.0895 0.1837 0.3325 0.0429 0.3379
277 0.1321 0.0568 0.3269 0.2795 0.0429 0.1619
278 0.0214 0.1965 0.3044 0.1289 0.0038 0.3450
279 0.0406 0.5342 0.3730 0.0341 0.0150 0.0029
280 0.1831 0.0633 0.4062 0.1449 0.1019 0.1003
281 0.0339 0.2603 0.4158 0.1460 0.0173 0.1268
282 0.0887 0.3823 0.2710 0.2079 0.0464 0.0036
283 0.0521 0.0505 0.5264 0.1052 0.0432 0.2228
284 0.0529 0.1193 0.5103 0.1907 0.0132 0.1138
285 0.0330 0.1226 0.1456 0.5942 0.0536 0.0511
286 0.0922 0.2014 0.5063 0.0741 0.0096 0.1165
287 0.0724 0.0833 0.6157 0.1271 0.0071 0.0944
288 0.0278 0.1208 0.5947 0.1758 0.0052 0.0756
289 0.0450 0.0827 0.3826 0.2629 0.0091 0.2179
290 0.0204 0.0387 0.4360 0.2686 0.0027 0.2334
291 0.0374 0.1990 0.1575 0.5005 0.0216 0.0843
292 0.0835 0.0440 0.2695 0.2959 0.0376 0.2695
293 0.0367 0.0329 0.2285 0.5483 0.0350 0.1185
294 0.0127 0.0416 0.1342 0.6016 0.0117 0.1984
295 0.0077 0.0630 0.2378 0.3459 0.0102 0.3354
296 0.0062 0.4285 0.3442 0.1135 0.0074 0.1002
297 0.0046 0.2084 0.4275 0.1432 0.0078 0.2084
298 0.0044 0.1971 0.4045 0.2234 0.0194 0.1511
299 0.0050 0.2219 0.2939 0.2219 0.0135 0.2437
300 0.0063 0.1791 0.3850 0.2524 0.0217 0.1555
301 0.1576 0.0756 0.0856 0.3083 0.0392 0.3335
