time exciting_prob fearful_prob tense_prob sad_prob relaxing_prob neutral_prob
0 0.0823 0.1009 0.0836 0.2742 0.0276 0.4314
1 0.4285 0.0919 0.0934 0.0562 0.3135 0.0165
2 0.1606 0.0446 0.1194 0.3564 0.0582 0.2607
3 0.0981 0.1028 0.2045 0.5474 0.0237 0.0237
4 0.8022 0.0229 0.0653 0.0576 0.0505 0.0015
5 0.1475 0.3481 0.3481 0.0789 0.0624 0.0149
6 0.2793 0.0585 0.2837 0.1278 0.2426 0.0082
7 0.1647 0.1047 0.1132 0.2937 0.0766 0.2472
8 0.5703 0.0592 0.0714 0.1105 0.1334 0.0552
9 0.2195 0.0997 0.2264 0.1112 0.3372 0.0059
10 0.0338 0.0949 0.1425 0.7124 0.0032 0.0129
11 0.2896 0.1346 0.3440 0.1207 0.0993 0.0118
12 0.1226 0.0280 0.7280 0.0398 0.0792 0.0024
13 0.1985 0.2081 0.2844 0.0640 0.2303 0.0147
14 0.2090 0.0331 0.2727 0.1482 0.3289 0.0082
15 0.4705 0.1664 0.1588 0.1126 0.0532 0.0386
16 0.3416 0.0817 0.2366 0.2832 0.0508 0.0063
17 0.1697 0.0479 0.3169 0.3706 0.0937 0.0014
18 0.2108 0.1289 0.4395 0.1495 0.0533 0.0181
19 0.1895 0.2888 0.3484 0.1354 0.0232 0.0150
20 0.1868 0.1727 0.4998 0.0376 0.0889 0.0143
21 0.3740 0.1559 0.2268 0.0778 0.1547 0.0110
22 0.0653 0.2603 0.4224 0.1803 0.0193 0.0525
23 0.0934 0.2703 0.3840 0.1338 0.0232 0.0956
24 0.6416 0.1056 0.1089 0.0480 0.0785 0.0172
25 0.4058 0.0757 0.2224 0.1328 0.1459 0.0175
26 0.7061 0.0504 0.0919 0.0774 0.0428 0.0313
27 0.2285 0.3250 0.3198 0.0665 0.0522 0.0081
28 0.1873 0.2385 0.4089 0.0751 0.0540 0.0363
29 0.4106 0.2181 0.2268 0.0510 0.0420 0.0514
30 0.8208 0.0412 0.0623 0.0409 0.0336 0.0011
31 0.6909 0.0500 0.1360 0.0558 0.0658 0.0016
32 0.0727 0.0792 0.6787 0.1587 0.0049 0.0056
33 0.5312 0.1969 0.0730 0.0660 0.1251 0.0078
34 0.0485 0.3611 0.5508 0.0328 0.0022 0.0046
35 0.0471 0.1750 0.4297 0.3145 0.0047 0.0290
36 0.1294 0.0692 0.3542 0.3892 0.0267 0.0312
37 0.3945 0.0290 0.3594 0.1697 0.0190 0.0284
38 0.3298 0.0551 0.1608 0.3003 0.1464 0.0073
39 0.5303 0.0609 0.1709 0.1342 0.0680 0.0356
40 0.2400 0.0374 0.1378 0.4924 0.0465 0.0458
41 0.5991 0.1503 0.0850 0.0756 0.0677 0.0223
42 0.2783 0.1074 0.3081 0.1929 0.0897 0.0236
43 0.3738 0.1038 0.1063 0.1823 0.0909 0.1429
44 0.0534 0.4006 0.3762 0.0712 0.0952 0.0034
45 0.1041 0.2517 0.4280 0.0617 0.1368 0.0177
46 0.1797 0.3057 0.3306 0.0911 0.0767 0.0162
47 0.2192 0.3345 0.3818 0.0344 0.0235 0.0066
48 0.2935 0.0107 0.0502 0.6021 0.0397 0.0041
49 0.4185 0.1317 0.1901 0.1588 0.0941 0.0068
50 0.1829 0.0775 0.2089 0.3752 0.0488 0.1067
51 0.0261 0.0386 0.1958 0.7056 0.0098 0.0243
52 0.1015 0.0953 0.3103 0.2695 0.1584 0.0650
53 0.0819 0.5386 0.2316 0.0412 0.0685 0.0384
54 0.0724 0.4236 0.4438 0.0185 0.0370 0.0047
55 0.0556 0.2717 0.4695 0.1782 0.0203 0.0046
56 0.3716 0.0715 0.2438 0.2554 0.0444 0.0133
57 0.6299 0.0989 0.1696 0.0326 0.0634 0.0054
58 0.1498 0.2776 0.4299 0.0847 0.0248 0.0331
59 0.2993 0.3088 0.0851 0.0763 0.0878 0.1426
60 0.6738 0.0553 0.0850 0.1306 0.0528 0.0028
61 0.2639 0.1117 0.1652 0.3635 0.0667 0.0291
62 0.7285 0.0677 0.0402 0.0180 0.1199 0.0257
63 0.0912 0.0405 0.3162 0.5132 0.0051 0.0341
64 0.7666 0.0295 0.0753 0.0724 0.0551 0.0012
65 0.5117 0.0897 0.1825 0.1755 0.0368 0.0038
66 0.1366 0.0126 0.0698 0.7158 0.0324 0.0330
67 0.2212 0.1373 0.3821 0.2111 0.0321 0.0161
68 0.2922 0.1118 0.3110 0.2423 0.0313 0.0113
69 0.4475 0.1398 0.1312 0.1794 0.0645 0.0376
70 0.5859 0.0452 0.1219 0.1360 0.1093 0.0017
71 0.3992 0.0380 0.0683 0.3110 0.0411 0.1423
72 0.3008 0.0230 0.0491 0.5039 0.0487 0.0743
73 0.3645 0.1129 0.3943 0.0591 0.0685 0.0008
74 0.4580 0.2097 0.1333 0.1167 0.0530 0.0293
75 0.5488 0.1133 0.0903 0.1304 0.0869 0.0300
76 0.3750 0.0414 0.0607 0.4382 0.0598 0.0249
77 0.3530 0.0428 0.1093 0.4062 0.0485 0.0402
78 0.1864 0.1462 0.1849 0.1835 0.0959 0.2031
79 0.1884 0.1467 0.0842 0.2783 0.0715 0.2308
80 0.0939 0.0152 0.0447 0.3330 0.0051 0.5078
81 0.1853 0.0239 0.0539 0.2252 0.0039 0.5078
82 0.0930 0.0974 0.4795 0.1937 0.0071 0.1290
83 0.1577 0.2661 0.0662 0.1136 0.3608 0.0355
84 0.1519 0.3730 0.0399 0.0958 0.3020 0.0372
85 0.1251 0.1005 0.0887 0.4946 0.0090 0.1820
86 0.0916 0.0692 0.0821 0.3196 0.1440 0.2935
87 0.0386 0.2421 0.2458 0.0911 0.2617 0.1207
88 0.0104 0.4404 0.3887 0.0573 0.0359 0.0670
89 0.0338 0.1786 0.3442 0.3037 0.1171 0.0227
90 0.1105 0.2357 0.0615 0.1711 0.0808 0.3403
91 0.1372 0.1012 0.0456 0.1069 0.0663 0.5430
92 0.1022 0.2549 0.2180 0.1195 0.2610 0.0443
93 0.0485 0.2722 0.4421 0.0805 0.1171 0.0396
94 0.0261 0.2554 0.6123 0.0407 0.0291 0.0362
95 0.1450 0.1331 0.0929 0.2246 0.1044 0.2998
96 0.0944 0.0860 0.0614 0.2266 0.0741 0.4575
97 0.0690 0.2795 0.1567 0.1004 0.2883 0.1061
98 0.0760 0.0335 0.0743 0.1810 0.0131 0.6221
99 0.0499 0.0267 0.1501 0.0856 0.0039 0.6836
100 0.0693 0.1812 0.0371 0.5449 0.0593 0.1082
101 0.1043 0.1654 0.0723 0.3447 0.0183 0.2949
102 0.0955 0.0395 0.1033 0.0704 0.0070 0.6841
103 0.0704 0.1469 0.1401 0.3159 0.0524 0.2744
104 0.1455 0.3713 0.2803 0.0374 0.0458 0.1196
105 0.1365 0.0483 0.1140 0.1725 0.0098 0.5190
106 0.0818 0.1553 0.3337 0.1705 0.0182 0.2405
107 0.2347 0.0705 0.2422 0.2876 0.0673 0.0978
108 0.0655 0.1213 0.1022 0.3708 0.1880 0.1522
109 0.1388 0.0779 0.2761 0.3435 0.0134 0.1501
110 0.0514 0.5034 0.2571 0.0999 0.0379 0.0506
111 0.0673 0.0381 0.0995 0.4937 0.0069 0.2947
112 0.0310 0.0156 0.0444 0.7163 0.0029 0.1898
113 0.0443 0.0910 0.0547 0.1345 0.0084 0.6670
114 0.0889 0.2068 0.1942 0.2133 0.0836 0.2133
115 0.0250 0.0256 0.0286 0.0790 0.0060 0.8359
116 0.4541 0.0279 0.0718 0.4199 0.0212 0.0050
117 0.4492 0.1318 0.1277 0.0781 0.1678 0.0452
118 0.7061 0.0557 0.0607 0.1025 0.0652 0.0098
119 0.1371 0.2260 0.0734 0.0493 0.4155 0.0987
120 0.1072 0.4478 0.1609 0.1047 0.0552 0.1243
121 0.4944 0.1310 0.2194 0.1012 0.0422 0.0119
122 0.0208 0.1242 0.0510 0.6929 0.0131 0.0983
123 0.1396 0.2129 0.2489 0.2800 0.0195 0.0990
124 0.0293 0.0332 0.0759 0.5352 0.0018 0.3247
125 0.0897 0.3154 0.4451 0.0918 0.0315 0.0265
126 0.2585 0.0258 0.2795 0.1497 0.2668 0.0196
127 0.5566 0.0620 0.0410 0.2529 0.0543 0.0334
128 0.6240 0.2191 0.0301 0.0181 0.1043 0.0041
129 0.7354 0.0818 0.0872 0.0262 0.0673 0.0020
130 0.1868 0.3179 0.1810 0.2084 0.0588 0.0472
131 0.5522 0.2113 0.0573 0.0938 0.0736 0.0117
132 0.4402 0.0410 0.2588 0.0909 0.1671 0.0020
133 0.1984 0.0759 0.2754 0.3884 0.0268 0.0353
134 0.1597 0.3152 0.3252 0.1097 0.0743 0.0162
135 0.4246 0.0208 0.0462 0.0374 0.4700 0.0013
136 0.0169 0.1046 0.1533 0.2339 0.3738 0.1176
137 0.0468 0.0577 0.0494 0.3977 0.1879 0.2607
138 0.0526 0.1766 0.1149 0.2693 0.1910 0.1956
139 0.0515 0.1957 0.0882 0.3892 0.1081 0.1674
140 0.0530 0.3049 0.2319 0.2430 0.1157 0.0514
141 0.0464 0.2183 0.2396 0.3005 0.1660 0.0291
142 0.0675 0.3071 0.3245 0.1222 0.1473 0.0314
143 0.0124 0.1355 0.1971 0.1205 0.5112 0.0232
144 0.0859 0.0922 0.1202 0.1876 0.2930 0.2211
145 0.0544 0.0185 0.0455 0.0532 0.0028 0.8257
146 0.0349 0.0128 0.0515 0.8062 0.0056 0.0891
147 0.0278 0.0884 0.1479 0.0162 0.6528 0.0667
148 0.0906 0.1076 0.1802 0.0086 0.6001 0.0129
149 0.0211 0.0125 0.0450 0.4839 0.0040 0.4336
150 0.0177 0.0267 0.0677 0.3691 0.0059 0.5127
151 0.1654 0.2749 0.3669 0.0238 0.0580 0.1110
152 0.0283 0.0256 0.1329 0.3640 0.0101 0.4392
153 0.1100 0.6230 0.1930 0.0227 0.0421 0.0092
154 0.0565 0.6211 0.2472 0.0163 0.0487 0.0101
155 0.0314 0.0144 0.0273 0.4683 0.0050 0.4539
156 0.0294 0.0283 0.1077 0.3613 0.0019 0.4712
157 0.1137 0.0467 0.0980 0.3586 0.0070 0.3757
158 0.0676 0.0397 0.0841 0.2491 0.0021 0.5571
159 0.0229 0.0153 0.0419 0.7778 0.0024 0.1395
160 0.1005 0.1594 0.3220 0.2355 0.0614 0.1212
161 0.0782 0.2141 0.4258 0.1580 0.0757 0.0482
162 0.0567 0.0264 0.0590 0.5093 0.0196 0.3289
163 0.0247 0.0168 0.0558 0.6484 0.0080 0.2461
164 0.0198 0.0385 0.0842 0.6831 0.0045 0.1700
165 0.0456 0.0318 0.1111 0.5469 0.0141 0.2505
166 0.0401 0.0153 0.0275 0.4343 0.0057 0.4771
167 0.1263 0.0720 0.2512 0.2399 0.0816 0.2289
168 0.1807 0.0686 0.4009 0.1046 0.1864 0.0587
169 0.1569 0.0505 0.1833 0.0922 0.0069 0.5103
170 0.1879 0.1724 0.3145 0.1176 0.0990 0.1087
171 0.2271 0.0816 0.3408 0.1661 0.1377 0.0465
172 0.0727 0.0657 0.1785 0.4851 0.0082 0.1899
173 0.0304 0.0314 0.1251 0.3350 0.0056 0.4724
174 0.1196 0.2200 0.2959 0.2416 0.0547 0.0681
175 0.6240 0.0366 0.0648 0.1932 0.0274 0.0541
176 0.4910 0.0938 0.0880 0.2469 0.0260 0.0542
177 0.7368 0.0221 0.0814 0.0634 0.0937 0.0024
178 0.0498 0.0569 0.4836 0.3484 0.0066 0.0547
179 0.2031 0.1938 0.2671 0.0370 0.1570 0.1418
180 0.1833 0.0741 0.3704 0.0707 0.0801 0.2212
181 0.6289 0.0113 0.0355 0.2444 0.0599 0.0202
182 0.6260 0.0406 0.0854 0.1113 0.1322 0.0046
183 0.4780 0.1118 0.1277 0.0971 0.1436 0.0421
184 0.5542 0.0484 0.1066 0.1915 0.0948 0.0042
185 0.3401 0.0753 0.1569 0.0783 0.3401 0.0094
186 0.1720 0.0541 0.4749 0.1299 0.1239 0.0452
187 0.2913 0.1252 0.2286 0.1168 0.2268 0.0113
188 0.4763 0.0573 0.0861 0.2001 0.1476 0.0327
189 0.5190 0.0681 0.1205 0.1398 0.0676 0.0848
190 0.5522 0.0952 0.0777 0.1354 0.0555 0.0840
191 0.1655 0.0370 0.2299 0.4944 0.0221 0.0513
192 0.8223 0.0426 0.0353 0.0422 0.0547 0.0031
193 0.3091 0.1708 0.2949 0.0679 0.0973 0.0599
194 0.1136 0.1136 0.1257 0.3499 0.0964 0.2009
195 0.1536 0.1926 0.2002 0.1572 0.1926 0.1039
196 0.0716 0.4563 0.3665 0.0642 0.0259 0.0155
197 0.1109 0.1100 0.2703 0.1266 0.3723 0.0100
198 0.1204 0.0827 0.2957 0.1006 0.3738 0.0271
199 0.5845 0.1031 0.1040 0.0889 0.0715 0.0480
200 0.1081 0.3743 0.3008 0.0961 0.1151 0.0056
201 0.1401 0.4453 0.2898 0.0562 0.0580 0.0105
202 0.1273 0.5317 0.0875 0.1548 0.0910 0.0076
203 0.1035 0.6855 0.1229 0.0283 0.0572 0.0026
204 0.6289 0.1615 0.0800 0.0533 0.0493 0.0272
205 0.7061 0.0217 0.0762 0.0323 0.1638 0.0003
206 0.2195 0.1907 0.2585 0.2732 0.0163 0.0419
207 0.1693 0.0590 0.3445 0.3501 0.0363 0.0408
208 0.1591 0.1257 0.2173 0.4390 0.0242 0.0347
209 0.2759 0.0230 0.1366 0.1432 0.4014 0.0200
210 0.2915 0.0848 0.1160 0.3435 0.1489 0.0152
211 0.4558 0.1246 0.1316 0.1401 0.1025 0.0451
212 0.5405 0.1388 0.1056 0.1294 0.0420 0.0440
213 0.2219 0.1702 0.4380 0.1274 0.0282 0.0144
214 0.1442 0.1006 0.6260 0.1071 0.0182 0.0038
215 0.0722 0.3472 0.3696 0.0920 0.0864 0.0326
216 0.5894 0.1284 0.1649 0.0451 0.0531 0.0191
217 0.0302 0.0250 0.0996 0.5386 0.0044 0.3022
218 0.3267 0.1094 0.3879 0.1129 0.0412 0.0217
219 0.3767 0.1204 0.2844 0.1418 0.0605 0.0162
220 0.1454 0.1345 0.4551 0.1897 0.0635 0.0118
221 0.0930 0.2954 0.4299 0.0894 0.0596 0.0326
222 0.4661 0.1467 0.1143 0.2185 0.0278 0.0267
223 0.0589 0.0224 0.1285 0.2366 0.0037 0.5498
224 0.0683 0.0857 0.0884 0.4087 0.0102 0.3389
225 0.0619 0.1184 0.1069 0.5518 0.0125 0.1486
226 0.0424 0.0811 0.0693 0.4924 0.0113 0.3035
227 0.0726 0.0298 0.0919 0.1400 0.0078 0.6577
228 0.0192 0.4326 0.4751 0.0648 0.0032 0.0049
229 0.0125 0.7236 0.2542 0.0078 0.0011 0.0008
230 0.0264 0.0470 0.1888 0.5640 0.0147 0.1591
231 0.0330 0.0438 0.1814 0.4854 0.0124 0.2440
232 0.0450 0.0410 0.1421 0.2397 0.0164 0.5156
