time exciting_prob fearful_prob tense_prob sad_prob relaxing_prob neutral_prob
0 0.1136 0.1553 0.1349 0.1288 0.0181 0.4492
1 0.2423 0.6689 0.0292 0.0408 0.0177 0.0008
2 0.3459 0.5977 0.0247 0.0139 0.0164 0.0013
3 0.0208 0.0484 0.0797 0.8306 0.0061 0.0143
4 0.1075 0.0477 0.2500 0.4600 0.0219 0.1127
5 0.2438 0.7051 0.0239 0.0088 0.0171 0.0011
6 0.2029 0.4229 0.2563 0.0475 0.0643 0.0060
7 0.1492 0.5630 0.2240 0.0229 0.0383 0.0026
8 0.8706 0.0535 0.0557 0.0108 0.0085 0.0008
9 0.1569 0.2627 0.2111 0.3372 0.0199 0.0124
10 0.2861 0.5264 0.1461 0.0290 0.0115 0.0009
11 0.1338 0.7695 0.0850 0.0077 0.0038 0.0002
12 0.2332 0.6240 0.0787 0.0352 0.0283 0.0006
13 0.1700 0.1501 0.1810 0.4209 0.0191 0.0588
14 0.0544 0.1700 0.1572 0.5938 0.0102 0.0146
15 0.0100 0.2260 0.0679 0.6851 0.0076 0.0033
16 0.0758 0.4097 0.3560 0.1120 0.0283 0.0181
17 0.1560 0.1273 0.3357 0.1687 0.1769 0.0354
18 0.0796 0.2610 0.3003 0.2957 0.0258 0.0376
19 0.8691 0.0990 0.0085 0.0098 0.0136 0.0002
20 0.4758 0.2668 0.0718 0.1497 0.0331 0.0026
21 0.1071 0.0795 0.0860 0.6660 0.0214 0.0400
22 0.1907 0.4539 0.2507 0.0183 0.0807 0.0058
23 0.2299 0.3044 0.3789 0.0396 0.0403 0.0070
24 0.0797 0.1234 0.1089 0.6172 0.0110 0.0602
25 0.1160 0.2871 0.5283 0.0583 0.0047 0.0055
26 0.0651 0.2068 0.3357 0.3154 0.0293 0.0476
27 0.0668 0.4158 0.1733 0.3042 0.0358 0.0042
28 0.4329 0.3318 0.1183 0.0833 0.0266 0.0071
29 0.0903 0.4443 0.1488 0.2695 0.0072 0.0397
30 0.0450 0.2546 0.3269 0.2391 0.0064 0.1281
31 0.2056 0.2056 0.1306 0.4089 0.0130 0.0363
32 0.1075 0.2971 0.3364 0.1042 0.0308 0.1238
33 0.1083 0.3550 0.4216 0.0566 0.0178 0.0408
34 0.0384 0.0542 0.0509 0.8345 0.0090 0.0131
35 0.1119 0.3188 0.1003 0.4290 0.0183 0.0215
36 0.3706 0.3123 0.1311 0.1779 0.0071 0.0011
37 0.0315 0.1117 0.0544 0.7876 0.0049 0.0099
38 0.1068 0.2224 0.1118 0.5171 0.0077 0.0341
39 0.1543 0.3877 0.1592 0.2927 0.0046 0.0015
40 0.1083 0.6948 0.0768 0.0912 0.0278 0.0010
41 0.4614 0.2935 0.1140 0.1194 0.0097 0.0021
42 0.1981 0.5513 0.0240 0.2192 0.0065 0.0008
43 0.2456 0.6318 0.0115 0.0992 0.0115 0.0003
44 0.0626 0.1245 0.2438 0.2515 0.0144 0.3032
45 0.0831 0.2856 0.1993 0.3552 0.0374 0.0392
46 0.0854 0.1595 0.2981 0.3540 0.0765 0.0265
47 0.1120 0.3369 0.5059 0.0415 0.0025 0.0010
48 0.0264 0.8325 0.0964 0.0080 0.0357 0.0009
49 0.1515 0.3579 0.1266 0.3184 0.0424 0.0033
50 0.4211 0.1346 0.0511 0.3081 0.0380 0.0469
51 0.4592 0.3181 0.0484 0.1378 0.0263 0.0102
52 0.3667 0.2683 0.0562 0.2642 0.0357 0.0092
53 0.1030 0.0587 0.0868 0.6826 0.0203 0.0487
54 0.5068 0.1821 0.0953 0.1608 0.0179 0.0370
55 0.2952 0.2428 0.0595 0.2544 0.1230 0.0248
56 0.1295 0.0738 0.2037 0.4050 0.0293 0.1587
57 0.3696 0.4189 0.0550 0.1172 0.0355 0.0038
58 0.2051 0.1151 0.2891 0.2803 0.0374 0.0731
59 0.0702 0.1606 0.4038 0.2338 0.0482 0.0833
60 0.1321 0.1921 0.2354 0.3821 0.0128 0.0456
61 0.2690 0.0945 0.1582 0.4233 0.0201 0.0348
62 0.1479 0.0830 0.0767 0.6733 0.0101 0.0088
63 0.0789 0.0938 0.4136 0.2629 0.0379 0.1130
64 0.0985 0.4485 0.3081 0.0904 0.0437 0.0109
65 0.1654 0.2157 0.3042 0.1934 0.0489 0.0723
66 0.3000 0.1290 0.0464 0.4985 0.0054 0.0207
67 0.3000 0.1290 0.0464 0.4985 0.0054 0.0207
68 0.3000 0.1290 0.0464 0.4985 0.0054 0.0206
69 0.1136 0.1553 0.1349 0.1288 0.0181 0.4492
70 0.1793 0.1071 0.0931 0.2778 0.0376 0.3052
71 0.1400 0.3059 0.2659 0.2238 0.0462 0.0182
72 0.2769 0.3289 0.1874 0.0769 0.0818 0.0481
73 0.2595 0.1501 0.1326 0.2988 0.0721 0.0869
74 0.3015 0.1425 0.1746 0.2277 0.0576 0.0964
75 0.2771 0.2124 0.2297 0.1506 0.0387 0.0914
76 0.1489 0.7388 0.0715 0.0105 0.0284 0.0020
77 0.1641 0.6289 0.0168 0.0155 0.1720 0.0026
78 0.0402 0.6597 0.1111 0.1249 0.0590 0.0054
79 0.1451 0.4758 0.2932 0.0120 0.0724 0.0017
80 0.1045 0.5024 0.2864 0.0186 0.0860 0.0021
81 0.1527 0.4055 0.2517 0.0857 0.0994 0.0048
82 0.5015 0.3447 0.0408 0.0352 0.0745 0.0033
83 0.1523 0.3352 0.3250 0.0939 0.0760 0.0175
84 0.2340 0.3149 0.2651 0.1234 0.0539 0.0087
85 0.0997 0.5918 0.2544 0.0258 0.0233 0.0050
86 0.1215 0.5659 0.1852 0.0273 0.0969 0.0032
87 0.0690 0.6748 0.2010 0.0344 0.0174 0.0031
88 0.1598 0.4412 0.3438 0.0144 0.0395 0.0014
89 0.0677 0.2440 0.4929 0.1552 0.0274 0.0127
90 0.3784 0.3188 0.0604 0.0740 0.1542 0.0143
91 0.3018 0.2278 0.0331 0.1775 0.2208 0.0390
92 0.3472 0.4819 0.0549 0.0360 0.0734 0.0066
93 0.3032 0.4624 0.0461 0.0139 0.1648 0.0097
94 0.5859 0.2423 0.0781 0.0617 0.0213 0.0109
95 0.2976 0.1984 0.3374 0.1406 0.0148 0.0112
96 0.0438 0.4492 0.2900 0.1887 0.0191 0.0088
97 0.1279 0.3267 0.2094 0.2194 0.1052 0.0114
98 0.0840 0.4800 0.3003 0.0983 0.0334 0.0039
99 0.1335 0.5537 0.1769 0.0287 0.0476 0.0597
100 0.2625 0.3645 0.2839 0.0321 0.0493 0.0077
101 0.1794 0.2002 0.4373 0.1376 0.0172 0.0282
102 0.4531 0.3584 0.0237 0.0323 0.1268 0.0055
103 0.2666 0.5020 0.0555 0.1520 0.0204 0.0036
104 0.0417 0.3655 0.2217 0.3225 0.0314 0.0170
105 0.1836 0.1054 0.0840 0.5352 0.0596 0.0321
106 0.1775 0.2465 0.3213 0.0256 0.2209 0.0082
107 0.1709 0.1736 0.1290 0.2817 0.0572 0.1876
108 0.1245 0.6992 0.0278 0.0511 0.0896 0.0077
109 0.0556 0.1254 0.0565 0.7446 0.0051 0.0128
110 0.1112 0.1202 0.2355 0.2710 0.0154 0.2467
111 0.2600 0.2900 0.3088 0.0934 0.0405 0.0069
112 0.1245 0.1514 0.5537 0.1389 0.0152 0.0162
113 0.3025 0.2607 0.3298 0.0087 0.0881 0.0102
114 0.1659 0.2032 0.5439 0.0403 0.0109 0.0356
115 0.1163 0.2971 0.3936 0.1219 0.0313 0.0396
116 0.3206 0.3691 0.2700 0.0103 0.0259 0.0040
117 0.1411 0.5625 0.0386 0.0257 0.2255 0.0069
118 0.2057 0.6191 0.0205 0.0212 0.1248 0.0088
119 0.2452 0.2434 0.1196 0.1956 0.1398 0.0565
120 0.0414 0.8706 0.0236 0.0440 0.0172 0.0030
121 0.1071 0.7207 0.0620 0.0232 0.0822 0.0048
122 0.3452 0.2300 0.0866 0.1241 0.1696 0.0446
123 0.1085 0.6489 0.1111 0.0663 0.0638 0.0012
124 0.3789 0.3586 0.0240 0.0663 0.1506 0.0215
125 0.4253 0.4319 0.0386 0.0120 0.0891 0.0031
126 0.1024 0.8052 0.0398 0.0239 0.0245 0.0039
127 0.4192 0.3164 0.0274 0.0825 0.1404 0.0142
128 0.1602 0.3782 0.0289 0.4219 0.0054 0.0055
129 0.1333 0.1851 0.0630 0.4954 0.0429 0.0803
130 0.1763 0.5347 0.0595 0.0638 0.1569 0.0089
131 0.0763 0.0865 0.0409 0.7129 0.0268 0.0567
132 0.2474 0.3176 0.1294 0.2399 0.0499 0.0158
133 0.1783 0.1812 0.3660 0.2325 0.0282 0.0140
134 0.0489 0.0562 0.1963 0.6333 0.0346 0.0306
135 0.0822 0.4763 0.3596 0.0660 0.0057 0.0100
136 0.0994 0.4890 0.2788 0.1108 0.0057 0.0162
137 0.4788 0.3909 0.0199 0.0158 0.0906 0.0041
138 0.1970 0.3799 0.1970 0.2198 0.0052 0.0012
139 0.2542 0.4675 0.2279 0.0456 0.0038 0.0011
140 0.1858 0.4121 0.2969 0.0986 0.0023 0.0043
141 0.0959 0.5352 0.3096 0.0482 0.0083 0.0029
142 0.1263 0.5239 0.2634 0.0743 0.0078 0.0042
143 0.1170 0.5122 0.1170 0.0107 0.2419 0.0013
144 0.0943 0.6753 0.1270 0.0928 0.0081 0.0024
145 0.0959 0.7090 0.1148 0.0099 0.0685 0.0019
146 0.2961 0.0797 0.1741 0.4177 0.0185 0.0139
147 0.0504 0.5596 0.3091 0.0701 0.0074 0.0032
148 0.6089 0.3110 0.0445 0.0066 0.0278 0.0009
149 0.2358 0.4304 0.1150 0.1398 0.0522 0.0267
150 0.0836 0.8115 0.0876 0.0051 0.0121 0.0002
151 0.6499 0.2212 0.0724 0.0464 0.0081 0.0019
152 0.2429 0.2546 0.4539 0.0201 0.0177 0.0107
153 0.2690 0.4473 0.1953 0.0426 0.0353 0.0105
154 0.2214 0.1595 0.1223 0.4202 0.0142 0.0625
155 0.1934 0.5957 0.1680 0.0202 0.0136 0.0093
156 0.0795 0.7090 0.1658 0.0112 0.0339 0.0004
157 0.1914 0.4849 0.2290 0.0626 0.0265 0.0057
158 0.2157 0.4062 0.0906 0.0478 0.1393 0.1003
159 0.1626 0.6138 0.1481 0.0642 0.0096 0.0017
160 0.0906 0.2173 0.5815 0.1026 0.0020 0.0061
161 0.1633 0.2434 0.3770 0.1940 0.0104 0.0118
162 0.1389 0.5669 0.1959 0.0773 0.0149 0.0058
163 0.3379 0.4995 0.0134 0.0064 0.1387 0.0041
164 0.1722 0.5518 0.0833 0.0206 0.1670 0.0050
165 0.1226 0.1456 0.4702 0.2220 0.0197 0.0199
166 0.0807 0.5781 0.2817 0.0501 0.0069 0.0025
167 0.0969 0.6025 0.2286 0.0597 0.0079 0.0044
168 0.0861 0.5312 0.3123 0.0534 0.0091 0.0079
169 0.1549 0.3835 0.1305 0.3179 0.0107 0.0026
170 0.2839 0.4434 0.1581 0.0219 0.0573 0.0353
171 0.1543 0.3645 0.3267 0.1320 0.0146 0.0080
172 0.0857 0.6328 0.1960 0.0716 0.0090 0.0046
173 0.2385 0.4634 0.1436 0.0942 0.0536 0.0067
174 0.1968 0.5024 0.1683 0.1046 0.0230 0.0047
175 0.1531 0.2883 0.0746 0.4536 0.0256 0.0048
176 0.0682 0.7051 0.0969 0.0720 0.0557 0.0019
177 0.0753 0.5103 0.2283 0.1683 0.0103 0.0073
178 0.1775 0.5098 0.1654 0.0304 0.0892 0.0279
179 0.1862 0.7192 0.0740 0.0161 0.0037 0.0007
180 0.3831 0.4141 0.0302 0.0754 0.0828 0.0143
181 0.0119 0.0443 0.0450 0.8765 0.0161 0.0061
182 0.1121 0.6709 0.0581 0.1147 0.0429 0.0015
183 0.1289 0.3191 0.4097 0.0659 0.0509 0.0256
184 0.1471 0.8145 0.0235 0.0028 0.0098 0.0025
185 0.1918 0.3936 0.0781 0.1068 0.2140 0.0160
186 0.1682 0.6445 0.1450 0.0224 0.0134 0.0065
187 0.0950 0.0685 0.0865 0.7026 0.0152 0.0323
188 0.0181 0.8926 0.0570 0.0244 0.0077 0.0004
189 0.1085 0.6543 0.0537 0.1707 0.0084 0.0043
190 0.3594 0.3247 0.0676 0.0967 0.1407 0.0107
191 0.1855 0.5371 0.0646 0.0434 0.1599 0.0095
192 0.2456 0.4177 0.1000 0.0273 0.2020 0.0074
193 0.0856 0.4382 0.0911 0.1456 0.2363 0.0031
194 0.2299 0.3215 0.3450 0.0449 0.0572 0.0015
195 0.1182 0.4290 0.2859 0.1035 0.0493 0.0142
196 0.0609 0.2861 0.5601 0.0833 0.0040 0.0058
197 0.1284 0.5938 0.1869 0.0552 0.0296 0.0060
198 0.0558 0.4358 0.0290 0.4495 0.0260 0.0039
199 0.2272 0.4961 0.1610 0.0992 0.0077 0.0088
200 0.1754 0.2148 0.5488 0.0368 0.0219 0.0024
201 0.3318 0.5142 0.0517 0.0164 0.0820 0.0042
202 0.1782 0.5845 0.0875 0.0785 0.0698 0.0017
203 0.1199 0.2898 0.4282 0.1276 0.0070 0.0274
204 0.2646 0.5024 0.0387 0.0372 0.1569 0.0003
205 0.1765 0.1908 0.0975 0.5107 0.0126 0.0119
206 0.1450 0.4165 0.0729 0.2336 0.0807 0.0513
207 0.0652 0.4631 0.1066 0.3550 0.0060 0.0041
208 0.1407 0.3376 0.2979 0.1864 0.0302 0.0071
209 0.1230 0.7246 0.0313 0.0181 0.0958 0.0073
210 0.3103 0.4585 0.0271 0.0379 0.1635 0.0028
211 0.0915 0.4199 0.4683 0.0093 0.0031 0.0079
212 0.0579 0.0969 0.5581 0.2185 0.0177 0.0511
213 0.2632 0.1523 0.0394 0.4768 0.0522 0.0159
214 0.2474 0.2253 0.0423 0.3601 0.1039 0.0210
215 0.2834 0.4819 0.0415 0.1338 0.0485 0.0109
216 0.1160 0.2379 0.0351 0.4111 0.1234 0.0767
217 0.4490 0.3721 0.0165 0.0280 0.1296 0.0048
218 0.2061 0.1483 0.3616 0.2158 0.0064 0.0619
219 0.1815 0.4492 0.2681 0.0891 0.0070 0.0051
220 0.0699 0.6528 0.1368 0.1326 0.0048 0.0033
221 0.2578 0.3472 0.3582 0.0229 0.0102 0.0038
222 0.1216 0.1715 0.4590 0.2085 0.0152 0.0243
223 0.0973 0.4360 0.1270 0.2815 0.0474 0.0106
224 0.0922 0.5562 0.0866 0.2318 0.0279 0.0056
225 0.0519 0.4214 0.4280 0.0926 0.0043 0.0018
226 0.1508 0.2126 0.1231 0.4165 0.0449 0.0521
227 0.0383 0.2328 0.6230 0.0699 0.0305 0.0055
228 0.1567 0.4463 0.2708 0.0712 0.0521 0.0029
229 0.0602 0.6943 0.2084 0.0343 0.0008 0.0022
230 0.0570 0.8579 0.0836 0.0011 0.0004 0.0001
231 0.0435 0.5869 0.0980 0.0435 0.2227 0.0055
232 0.2095 0.2449 0.0974 0.4231 0.0067 0.0183
233 0.0639 0.0915 0.1194 0.6870 0.0121 0.0262
234 0.1335 0.2698 0.2380 0.3357 0.0188 0.0045
235 0.2191 0.4426 0.1860 0.1102 0.0412 0.0008
236 0.1820 0.2649 0.2488 0.2908 0.0117 0.0017
237 0.1627 0.3997 0.4060 0.0129 0.0177 0.0009
238 0.1732 0.2947 0.3499 0.1349 0.0238 0.0238
239 0.3044 0.4534 0.0674 0.1655 0.0088 0.0005
240 0.2959 0.3542 0.2050 0.1177 0.0267 0.0006
241 0.0775 0.8535 0.0366 0.0030 0.0292 0.0002
242 0.1271 0.7720 0.0449 0.0239 0.0314 0.0008
243 0.2795 0.3372 0.1384 0.2061 0.0358 0.0030
244 0.1024 0.6890 0.0469 0.1305 0.0293 0.0019
245 0.0943 0.7773 0.0442 0.0595 0.0219 0.0025
246 0.1819 0.7197 0.0384 0.0304 0.0292 0.0004
247 0.2318 0.6016 0.1070 0.0196 0.0388 0.0014
248 0.1113 0.2047 0.2588 0.4009 0.0155 0.0088
249 0.1266 0.5498 0.2942 0.0200 0.0069 0.0025
250 0.1060 0.1775 0.4033 0.0788 0.2334 0.0011
251 0.1052 0.6543 0.0723 0.0872 0.0770 0.0040
252 0.1422 0.5244 0.1065 0.0750 0.1422 0.0097
253 0.0914 0.5913 0.0943 0.1003 0.1192 0.0036
254 0.2861 0.5024 0.1907 0.0143 0.0060 0.0004
255 0.1057 0.5005 0.2255 0.0970 0.0462 0.0253
256 0.1118 0.3037 0.1786 0.3086 0.0571 0.0402
257 0.3418 0.5215 0.0227 0.0227 0.0871 0.0043
258 0.1549 0.3081 0.3384 0.0829 0.1040 0.0118
259 0.0758 0.5347 0.1416 0.1439 0.1005 0.0036
260 0.0795 0.6709 0.1384 0.0216 0.0853 0.0041
261 0.1169 0.5493 0.1898 0.0458 0.0889 0.0093
262 0.0479 0.0923 0.0754 0.7378 0.0221 0.0245
263 0.1100 0.1414 0.2441 0.3086 0.0331 0.1627
264 0.1190 0.3962 0.3782 0.0805 0.0126 0.0134
265 0.0862 0.5278 0.3303 0.0433 0.0063 0.0061
266 0.0461 0.4480 0.3833 0.0816 0.0177 0.0232
267 0.0741 0.3882 0.3120 0.1777 0.0123 0.0358
268 0.0728 0.1403 0.2539 0.4319 0.0236 0.0775
269 0.1008 0.0932 0.1586 0.5039 0.0395 0.1040
270 0.1178 0.4241 0.1313 0.1768 0.0671 0.0829
271 0.3276 0.5659 0.0583 0.0330 0.0143 0.0009
272 0.3108 0.5669 0.0593 0.0444 0.0173 0.0012
273 0.3140 0.5640 0.0590 0.0445 0.0173 0.0012
274 0.3142 0.5688 0.0595 0.0399 0.0163 0.0011
275 0.3206 0.5669 0.0584 0.0383 0.0146 0.0011
276 0.3206 0.5669 0.0584 0.0383 0.0146 0.0011
277 0.3206 0.5669 0.0584 0.0383 0.0146 0.0011
278 0.3206 0.5669 0.0584 0.0383 0.0146 0.0011
279 0.3376 0.5522 0.0564 0.0370 0.0159 0.0010
