time exciting_prob fearful_prob tense_prob sad_prob relaxing_prob neutral_prob
0 0.1136 0.1553 0.1349 0.1288 0.0181 0.4492
1 0.1403 0.2367 0.1993 0.2405 0.1058 0.0775
2 0.1038 0.1302 0.2001 0.4370 0.0759 0.0530
3 0.2227 0.0456 0.1818 0.4429 0.0336 0.0734
4 0.1224 0.0968 0.6514 0.0784 0.0158 0.0351
5 0.1373 0.0820 0.3506 0.2605 0.0782 0.0914
6 0.1609 0.1323 0.5977 0.0597 0.0317 0.0175
7 0.0555 0.3071 0.5063 0.0457 0.0814 0.0036
8 0.2185 0.3601 0.3179 0.0469 0.0454 0.0112
9 0.0887 0.1450 0.4397 0.2668 0.0449 0.0148
10 0.0308 0.3066 0.2502 0.3699 0.0318 0.0105
11 0.1387 0.5396 0.0960 0.1387 0.0601 0.0269
12 0.2090 0.1172 0.4424 0.1035 0.1035 0.0246
13 0.3806 0.1315 0.4380 0.0132 0.0153 0.0215
14 0.2212 0.2976 0.2246 0.1863 0.0334 0.0370
15 0.1138 0.1036 0.3730 0.3909 0.0153 0.0033
16 0.2952 0.1936 0.0997 0.2627 0.1473 0.0016
17 0.2123 0.4287 0.1903 0.0516 0.0920 0.0251
18 0.2477 0.3035 0.1108 0.0503 0.2720 0.0157
19 0.5425 0.2583 0.1299 0.0366 0.0308 0.0021
20 0.1456 0.2188 0.4778 0.1227 0.0333 0.0020
21 0.5845 0.1478 0.1755 0.0307 0.0602 0.0010
22 0.1237 0.4705 0.3496 0.0242 0.0276 0.0045
23 0.3369 0.1495 0.1449 0.1427 0.1832 0.0425
24 0.4143 0.1573 0.1477 0.1324 0.0417 0.1064
25 0.0325 0.0677 0.3899 0.4558 0.0411 0.0129
26 0.0639 0.0555 0.4651 0.3855 0.0204 0.0097
27 0.0578 0.2590 0.4272 0.1986 0.0194 0.0379
28 0.0434 0.4250 0.4595 0.0612 0.0066 0.0043
29 0.1011 0.3264 0.1566 0.2974 0.0684 0.0501
30 0.0732 0.1927 0.2219 0.3833 0.0458 0.0829
31 0.2117 0.1755 0.1378 0.4211 0.0519 0.0021
32 0.0528 0.1017 0.2258 0.4421 0.0971 0.0805
33 0.1011 0.1667 0.1278 0.2141 0.2793 0.1111
34 0.1240 0.1221 0.3760 0.2544 0.0141 0.1094
35 0.2532 0.0976 0.5532 0.0487 0.0307 0.0167
36 0.2368 0.1229 0.5171 0.0387 0.0328 0.0516
37 0.0416 0.4907 0.2546 0.1921 0.0084 0.0124
38 0.2079 0.2047 0.3823 0.1385 0.0457 0.0208
39 0.2238 0.1025 0.2238 0.3806 0.0401 0.0291
40 0.1683 0.0629 0.1581 0.5518 0.0400 0.0187
41 0.1036 0.0873 0.2300 0.3792 0.1069 0.0929
42 0.1698 0.0952 0.4614 0.2321 0.0260 0.0155
43 0.0903 0.0784 0.3201 0.2065 0.2378 0.0671
44 0.1145 0.2622 0.2106 0.3113 0.0613 0.0402
45 0.1211 0.0886 0.2446 0.5098 0.0127 0.0231
46 0.0977 0.3987 0.2917 0.1057 0.1040 0.0023
47 0.1236 0.1664 0.5454 0.1357 0.0245 0.0044
48 0.0781 0.1815 0.5771 0.1392 0.0160 0.0081
49 0.0640 0.0784 0.2654 0.5527 0.0247 0.0146
50 0.1155 0.2561 0.3447 0.2124 0.0599 0.0112
51 0.0812 0.0489 0.5640 0.2622 0.0202 0.0233
52 0.2157 0.1578 0.0906 0.4495 0.0567 0.0296
53 0.0730 0.6455 0.2732 0.0018 0.0061 0.0005
54 0.1592 0.2625 0.3020 0.1681 0.1019 0.0064
55 0.0355 0.6592 0.2350 0.0078 0.0186 0.0442
56 0.4341 0.1853 0.3079 0.0499 0.0205 0.0023
57 0.1021 0.5605 0.3000 0.0120 0.0079 0.0172
58 0.2166 0.3569 0.0999 0.0790 0.0391 0.2083
59 0.0692 0.5928 0.2888 0.0324 0.0100 0.0070
60 0.1552 0.0817 0.0405 0.0544 0.6636 0.0048
61 0.1365 0.5791 0.1865 0.0120 0.0649 0.0211
62 0.1030 0.7852 0.0645 0.0074 0.0385 0.0018
63 0.1412 0.3496 0.4490 0.0164 0.0308 0.0130
64 0.0965 0.0920 0.0442 0.1919 0.5381 0.0372
65 0.1177 0.6987 0.1454 0.0118 0.0213 0.0049
66 0.0581 0.8149 0.1138 0.0040 0.0081 0.0011
67 0.2642 0.0684 0.5684 0.0113 0.0449 0.0431
68 0.2090 0.4092 0.3237 0.0412 0.0067 0.0102
69 0.2161 0.4646 0.2710 0.0279 0.0066 0.0138
70 0.2520 0.4285 0.2539 0.0294 0.0218 0.0144
71 0.2407 0.5259 0.2227 0.0031 0.0061 0.0018
72 0.2401 0.2556 0.4380 0.0434 0.0190 0.0040
73 0.2111 0.4502 0.2524 0.0521 0.0231 0.0109
74 0.1669 0.5513 0.2466 0.0115 0.0159 0.0079
75 0.3269 0.3704 0.1923 0.0741 0.0277 0.0086
76 0.2081 0.4993 0.2395 0.0351 0.0122 0.0059
77 0.4980 0.2245 0.1721 0.0928 0.0048 0.0079
78 0.3154 0.2720 0.2917 0.0984 0.0171 0.0054
79 0.1554 0.5596 0.2727 0.0057 0.0052 0.0012
80 0.3828 0.4011 0.1738 0.0145 0.0121 0.0156
81 0.2362 0.3491 0.3894 0.0194 0.0053 0.0006
82 0.1190 0.3550 0.3962 0.0473 0.0780 0.0045
83 0.0596 0.7847 0.1194 0.0233 0.0075 0.0053
84 0.2069 0.5005 0.1170 0.0862 0.0715 0.0181
85 0.1345 0.2362 0.3894 0.2084 0.0094 0.0221
86 0.2008 0.5127 0.2620 0.0060 0.0152 0.0033
87 0.1429 0.2629 0.4202 0.0867 0.0241 0.0629
88 0.1148 0.6606 0.1923 0.0107 0.0182 0.0034
89 0.2316 0.2583 0.0445 0.0485 0.3264 0.0906
90 0.3699 0.2174 0.0845 0.0124 0.2058 0.1102
91 0.1399 0.2739 0.0544 0.0392 0.4697 0.0230
92 0.2512 0.2269 0.1234 0.1334 0.2532 0.0121
93 0.1198 0.6841 0.1108 0.0255 0.0566 0.0032
94 0.1750 0.5830 0.1509 0.0555 0.0235 0.0120
95 0.1331 0.0696 0.3821 0.1569 0.2178 0.0406
96 0.2415 0.0999 0.0265 0.1187 0.4802 0.0332
97 0.1158 0.1252 0.4304 0.2693 0.0573 0.0017
98 0.1096 0.0777 0.3706 0.3220 0.0605 0.0596
99 0.2435 0.2554 0.3435 0.0816 0.0754 0.0006
100 0.0312 0.0523 0.3745 0.4810 0.0289 0.0322
101 0.0227 0.1178 0.0286 0.3408 0.0017 0.4883
102 0.2314 0.2010 0.1775 0.2463 0.0899 0.0537
103 0.0299 0.0244 0.0532 0.3259 0.5459 0.0205
104 0.0963 0.5542 0.2942 0.0386 0.0135 0.0031
105 0.0523 0.6577 0.2345 0.0220 0.0058 0.0280
106 0.1659 0.3350 0.3198 0.1022 0.0681 0.0091
107 0.1239 0.2010 0.3728 0.2445 0.0290 0.0287
108 0.2094 0.3562 0.2908 0.1121 0.0260 0.0057
109 0.0829 0.2253 0.4343 0.0969 0.1573 0.0032
110 0.1300 0.1384 0.3374 0.2930 0.0568 0.0443
111 0.2534 0.1770 0.4963 0.0170 0.0251 0.0312
112 0.0215 0.0405 0.1494 0.5298 0.2502 0.0089
113 0.1504 0.0185 0.1814 0.5503 0.0357 0.0637
114 0.1156 0.3142 0.2094 0.2126 0.1351 0.0132
115 0.0986 0.3901 0.1267 0.1786 0.1267 0.0793
116 0.1237 0.0811 0.7002 0.0424 0.0504 0.0021
117 0.0471 0.3369 0.2883 0.2666 0.0288 0.0323
118 0.0622 0.0934 0.3259 0.3582 0.0684 0.0920
119 0.2469 0.1893 0.2549 0.2712 0.0295 0.0082
120 0.2051 0.1523 0.4841 0.0835 0.0714 0.0035
121 0.1876 0.4263 0.1427 0.0299 0.1342 0.0795
122 0.1396 0.0564 0.1685 0.2129 0.4104 0.0124
123 0.3113 0.1257 0.4819 0.0173 0.0576 0.0062
124 0.1139 0.1509 0.0118 0.0187 0.6978 0.0071
125 0.1312 0.1205 0.0269 0.0117 0.7041 0.0056
126 0.3350 0.1632 0.3003 0.1429 0.0464 0.0124
127 0.0942 0.1482 0.0120 0.0092 0.7354 0.0013
128 0.2476 0.1598 0.4924 0.0570 0.0167 0.0265
129 0.0980 0.2622 0.5908 0.0170 0.0318 0.0003
130 0.1421 0.0395 0.0848 0.5039 0.1714 0.0583
131 0.0764 0.5381 0.3474 0.0113 0.0229 0.0037
132 0.0610 0.8350 0.0730 0.0104 0.0125 0.0081
133 0.1847 0.1202 0.6299 0.0439 0.0209 0.0008
134 0.1100 0.1118 0.1626 0.3779 0.0750 0.1626
135 0.0381 0.0701 0.7656 0.0914 0.0250 0.0098
136 0.0687 0.0720 0.1598 0.4482 0.1188 0.1324
137 0.3499 0.2137 0.1829 0.0589 0.1931 0.0015
138 0.3279 0.1989 0.1197 0.1263 0.2035 0.0237
139 0.1654 0.6855 0.1164 0.0131 0.0181 0.0013
140 0.0909 0.1113 0.7261 0.0573 0.0142 0.0002
141 0.0759 0.4402 0.4070 0.0121 0.0596 0.0052
142 0.2416 0.3569 0.1609 0.0731 0.0286 0.1387
143 0.1140 0.5269 0.2490 0.0277 0.0802 0.0020
144 0.0862 0.0875 0.0071 0.0065 0.8110 0.0015
145 0.1199 0.4597 0.1425 0.1493 0.0844 0.0441
146 0.2151 0.1927 0.3130 0.1116 0.1116 0.0561
147 0.0989 0.7715 0.0951 0.0124 0.0183 0.0039
148 0.1115 0.7622 0.0992 0.0095 0.0147 0.0029
149 0.1231 0.4231 0.0136 0.0206 0.4165 0.0031
150 0.2019 0.4341 0.2551 0.0503 0.0569 0.0015
151 0.0993 0.0499 0.1295 0.4248 0.2203 0.0762
152 0.3540 0.1780 0.2671 0.0923 0.1080 0.0007
153 0.0428 0.7588 0.1578 0.0057 0.0318 0.0030
154 0.1434 0.1527 0.6426 0.0242 0.0240 0.0131
155 0.2140 0.2278 0.4749 0.0199 0.0412 0.0224
156 0.0677 0.6426 0.1326 0.1152 0.0205 0.0216
157 0.0465 0.0579 0.0026 0.0070 0.8843 0.0017
158 0.1675 0.3601 0.0731 0.0469 0.1489 0.2036
159 0.1754 0.2937 0.3713 0.1031 0.0053 0.0511
160 0.1031 0.2286 0.5234 0.0939 0.0275 0.0234
161 0.0532 0.7573 0.1469 0.0210 0.0182 0.0033
162 0.1653 0.3843 0.1627 0.2106 0.0402 0.0372
163 0.1558 0.5146 0.1807 0.0901 0.0510 0.0078
164 0.5127 0.2681 0.1010 0.0224 0.0864 0.0097
165 0.3232 0.2222 0.2786 0.1237 0.0437 0.0087
166 0.1136 0.0994 0.0311 0.0225 0.7290 0.0043
167 0.1432 0.2986 0.2117 0.0715 0.2717 0.0032
168 0.2316 0.0950 0.2175 0.3215 0.1146 0.0196
169 0.0644 0.5474 0.0397 0.2585 0.0233 0.0664
170 0.0698 0.0947 0.0300 0.0374 0.7627 0.0056
171 0.0201 0.0742 0.0067 0.0269 0.8623 0.0097
172 0.2330 0.2089 0.3235 0.1576 0.0688 0.0082
173 0.3008 0.2455 0.1421 0.1838 0.1048 0.0228
174 0.0341 0.5498 0.0830 0.2944 0.0148 0.0238
175 0.0109 0.5073 0.2395 0.1753 0.0016 0.0655
176 0.0218 0.3015 0.1493 0.4526 0.0383 0.0366
177 0.1641 0.4492 0.2386 0.0098 0.1371 0.0012
178 0.0558 0.8730 0.0428 0.0226 0.0047 0.0010
179 0.0713 0.6768 0.1464 0.0692 0.0239 0.0127
180 0.1318 0.4900 0.1060 0.2107 0.0489 0.0127
181 0.2261 0.3289 0.1831 0.1816 0.0633 0.0169
182 0.1592 0.7075 0.0973 0.0108 0.0043 0.0207
183 0.0332 0.0620 0.6074 0.2695 0.0145 0.0132
184 0.1527 0.0166 0.1117 0.3335 0.2722 0.1135
185 0.0829 0.2118 0.6523 0.0251 0.0255 0.0022
186 0.1556 0.3914 0.1260 0.1112 0.1820 0.0339
187 0.1616 0.6646 0.0928 0.0439 0.0323 0.0046
188 0.0705 0.0662 0.8066 0.0212 0.0346 0.0007
189 0.0310 0.8589 0.0739 0.0188 0.0157 0.0019
190 0.3567 0.2778 0.1407 0.0403 0.1821 0.0025
191 0.0348 0.3462 0.4805 0.1023 0.0144 0.0220
192 0.3093 0.3848 0.2092 0.0581 0.0316 0.0070
193 0.2629 0.3223 0.3298 0.0361 0.0464 0.0025
194 0.1134 0.0817 0.1812 0.4556 0.1016 0.0667
195 0.0939 0.2634 0.2437 0.3657 0.0182 0.0150
196 0.0630 0.5845 0.2893 0.0082 0.0124 0.0427
197 0.1656 0.1271 0.2817 0.4036 0.0145 0.0073
198 0.4958 0.1660 0.2416 0.0259 0.0245 0.0461
199 0.2532 0.3982 0.2305 0.1022 0.0146 0.0015
200 0.2988 0.5005 0.1526 0.0365 0.0097 0.0017
201 0.1687 0.4080 0.2915 0.0803 0.0289 0.0225
202 0.2849 0.5322 0.0249 0.0557 0.0588 0.0434
203 0.1092 0.4893 0.3015 0.0244 0.0301 0.0455
204 0.0337 0.3884 0.4470 0.0468 0.0099 0.0742
205 0.1295 0.6079 0.2037 0.0424 0.0081 0.0082
206 0.4783 0.3445 0.0837 0.0858 0.0042 0.0036
207 0.0430 0.1015 0.1926 0.5400 0.0518 0.0709
208 0.3301 0.1534 0.4236 0.0514 0.0410 0.0006
209 0.0600 0.0702 0.8550 0.0043 0.0096 0.0012
210 0.0917 0.5278 0.3406 0.0286 0.0092 0.0022
211 0.2671 0.0815 0.1243 0.2756 0.0867 0.1647
212 0.2671 0.0815 0.1243 0.2756 0.0867 0.1647
