time exciting_prob fearful_prob tense_prob sad_prob relaxing_prob neutral_prob
0 0.1902 0.1392 0.0699 0.2559 0.0408 0.3040
1 0.4705 0.2659 0.1002 0.0360 0.1135 0.0140
2 0.1821 0.6821 0.0353 0.0348 0.0334 0.0322
3 0.1917 0.2275 0.0549 0.3994 0.0346 0.0919
4 0.1212 0.1331 0.1028 0.3193 0.0629 0.2607
5 0.1332 0.0387 0.1104 0.4871 0.0460 0.1848
6 0.1176 0.1375 0.1510 0.3738 0.0620 0.1582
7 0.0873 0.1183 0.3269 0.2212 0.0944 0.1520
8 0.2032 0.0848 0.1511 0.1333 0.3052 0.1224
9 0.4023 0.0884 0.1829 0.0844 0.2137 0.0283
10 0.7803 0.0061 0.0194 0.1196 0.0714 0.0033
11 0.9541 0.0067 0.0096 0.0111 0.0182 0.0005
12 0.9419 0.0291 0.0159 0.0024 0.0105 0.0003
13 0.9526 0.0217 0.0118 0.0037 0.0101 0.0003
14 0.9482 0.0243 0.0127 0.0025 0.0122 0.0002
15 0.6479 0.0850 0.0341 0.0837 0.1161 0.0333
16 0.6802 0.1201 0.0541 0.0193 0.1011 0.0252
17 0.3867 0.2006 0.1041 0.0247 0.2700 0.0140
18 0.5312 0.0433 0.0483 0.2064 0.0778 0.0930
19 0.7422 0.0517 0.0081 0.0275 0.1656 0.0050
20 0.7617 0.0454 0.0280 0.0394 0.1215 0.0039
21 0.8535 0.0740 0.0189 0.0140 0.0369 0.0026
22 0.7446 0.0703 0.0100 0.0743 0.0992 0.0017
23 0.3962 0.0294 0.0089 0.5415 0.0114 0.0126
24 0.6938 0.0587 0.0117 0.0479 0.1443 0.0437
25 0.3762 0.0189 0.0311 0.3479 0.1593 0.0664
26 0.6392 0.0237 0.0729 0.1404 0.1129 0.0110
27 0.6011 0.0262 0.1353 0.0937 0.1332 0.0105
28 0.5410 0.0229 0.1125 0.1575 0.1276 0.0383
29 0.5776 0.0229 0.1416 0.1147 0.0981 0.0449
30 0.1785 0.0282 0.1348 0.4775 0.0792 0.1017
31 0.1017 0.0632 0.2023 0.5674 0.0169 0.0488
32 0.1791 0.1004 0.3789 0.3044 0.0237 0.0133
33 0.4453 0.3083 0.1117 0.0366 0.0575 0.0405
34 0.1008 0.7451 0.0656 0.0656 0.0084 0.0145
35 0.1182 0.6143 0.1068 0.0949 0.0131 0.0529
36 0.2761 0.3057 0.2595 0.0779 0.0234 0.0574
37 0.3159 0.3962 0.1602 0.0363 0.0512 0.0402
38 0.3408 0.3772 0.1512 0.0379 0.0539 0.0388
39 0.0959 0.2301 0.2489 0.3508 0.0350 0.0391
40 0.3179 0.3716 0.2325 0.0398 0.0211 0.0172
41 0.2993 0.1118 0.1067 0.3582 0.0278 0.0964
42 0.4038 0.3025 0.0944 0.1353 0.0385 0.0258
43 0.4180 0.3306 0.0495 0.1573 0.0215 0.0232
44 0.0599 0.0537 0.1229 0.7407 0.0063 0.0164
45 0.2263 0.2078 0.2429 0.1682 0.0419 0.1129
46 0.1086 0.4360 0.2485 0.1484 0.0088 0.0497
47 0.1605 0.0422 0.1221 0.6055 0.0546 0.0149
48 0.2722 0.1379 0.0710 0.2440 0.0492 0.2257
49 0.2993 0.4155 0.1010 0.0705 0.0775 0.0363
50 0.2025 0.5952 0.1075 0.0408 0.0136 0.0402
51 0.4910 0.0959 0.0634 0.2266 0.0345 0.0887
52 0.1810 0.0523 0.1512 0.1989 0.2253 0.1913
53 0.2527 0.1013 0.1982 0.1406 0.2487 0.0586
54 0.2683 0.1815 0.3472 0.0831 0.0793 0.0408
55 0.0357 0.1841 0.6523 0.0561 0.0327 0.0389
56 0.0266 0.2030 0.6870 0.0212 0.0482 0.0139
57 0.0666 0.1882 0.3545 0.1225 0.1727 0.0954
58 0.0443 0.0736 0.0923 0.0137 0.7671 0.0092
59 0.0670 0.0337 0.0193 0.0067 0.8682 0.0052
60 0.4072 0.0573 0.0123 0.0275 0.4949 0.0008
61 0.1536 0.0228 0.0117 0.0183 0.7920 0.0016
62 0.2013 0.2428 0.1776 0.2646 0.0442 0.0696
63 0.4294 0.1906 0.1289 0.0752 0.0944 0.0814
64 0.4163 0.3618 0.1997 0.0169 0.0032 0.0021
65 0.1482 0.5254 0.2900 0.0262 0.0032 0.0072
66 0.0331 0.0270 0.0497 0.8394 0.0287 0.0220
67 0.2489 0.0777 0.1213 0.4104 0.1272 0.0145
68 0.2334 0.6294 0.0706 0.0137 0.0525 0.0005
69 0.1615 0.6904 0.0885 0.0068 0.0520 0.0006
70 0.0847 0.1820 0.1710 0.4871 0.0231 0.0522
71 0.2247 0.0997 0.3025 0.2212 0.0680 0.0840
72 0.2156 0.0906 0.2993 0.2367 0.0668 0.0912
73 0.2015 0.1343 0.2015 0.3535 0.0482 0.0610
74 0.1464 0.1088 0.2064 0.2820 0.1711 0.0854
75 0.1223 0.2549 0.3376 0.2214 0.0423 0.0216
76 0.3057 0.3333 0.0890 0.2069 0.0570 0.0083
77 0.1700 0.4697 0.0417 0.1636 0.1388 0.0162
78 0.1632 0.4336 0.0479 0.2888 0.0601 0.0065
79 0.0963 0.1886 0.2578 0.3208 0.1091 0.0276
80 0.0462 0.1562 0.3108 0.1976 0.0652 0.2239
81 0.0257 0.3550 0.4929 0.0068 0.0341 0.0856
82 0.0976 0.5488 0.3127 0.0046 0.0145 0.0220
83 0.0431 0.3662 0.4558 0.0067 0.1226 0.0057
84 0.4495 0.1318 0.0711 0.3064 0.0129 0.0283
85 0.3096 0.2430 0.1139 0.2979 0.0126 0.0230
86 0.0520 0.5957 0.2947 0.0020 0.0541 0.0016
87 0.0309 0.7021 0.2352 0.0035 0.0268 0.0014
88 0.0968 0.0179 0.0953 0.7041 0.0194 0.0665
89 0.3230 0.2102 0.1125 0.2615 0.0241 0.0688
90 0.4949 0.1440 0.0982 0.2179 0.0146 0.0304
91 0.3579 0.1552 0.0919 0.2898 0.0411 0.0641
92 0.0483 0.0544 0.1294 0.6470 0.0320 0.0889
93 0.1821 0.5742 0.1451 0.0498 0.0334 0.0152
94 0.2659 0.4524 0.0524 0.1359 0.0704 0.0231
95 0.3005 0.4954 0.0413 0.1293 0.0271 0.0065
96 0.0986 0.0891 0.0804 0.2365 0.2517 0.2439
97 0.1929 0.1959 0.0817 0.1611 0.2400 0.1284
98 0.1316 0.1588 0.1117 0.0905 0.3809 0.1266
99 0.2249 0.2284 0.0615 0.4041 0.0353 0.0461
100 0.0516 0.1026 0.1639 0.6387 0.0138 0.0294
101 0.0291 0.7983 0.1548 0.0035 0.0117 0.0025
102 0.2622 0.5908 0.1155 0.0148 0.0140 0.0024
103 0.0145 0.0838 0.6099 0.1011 0.0048 0.1860
104 0.1844 0.0418 0.0700 0.2123 0.3501 0.1415
105 0.1947 0.2832 0.3337 0.1425 0.0355 0.0104
106 0.1881 0.0714 0.6465 0.0703 0.0044 0.0195
107 0.1125 0.0963 0.7227 0.0566 0.0034 0.0085
108 0.1243 0.1097 0.4656 0.2715 0.0132 0.0156
109 0.3247 0.3052 0.2510 0.0931 0.0167 0.0093
110 0.5435 0.1683 0.0670 0.0182 0.1373 0.0659
111 0.0640 0.0969 0.1187 0.6367 0.0413 0.0426
112 0.0325 0.0933 0.6948 0.1049 0.0059 0.0683
113 0.5547 0.0673 0.0215 0.0545 0.2277 0.0745
114 0.3650 0.0587 0.0312 0.1620 0.1301 0.2529
115 0.1958 0.4019 0.0597 0.2656 0.0380 0.0392
116 0.3628 0.1660 0.1866 0.0465 0.2183 0.0198
117 0.0978 0.3232 0.2832 0.2722 0.0092 0.0141
118 0.0671 0.2456 0.5620 0.0130 0.0056 0.1064
119 0.0859 0.4326 0.2625 0.0456 0.0928 0.0806
120 0.0721 0.0732 0.0843 0.2764 0.2852 0.2086
121 0.4233 0.3823 0.1671 0.0130 0.0108 0.0034
122 0.2524 0.5688 0.0974 0.0453 0.0037 0.0323
123 0.5200 0.3057 0.1179 0.0236 0.0158 0.0168
124 0.3105 0.4380 0.1040 0.0962 0.0060 0.0454
125 0.2612 0.1454 0.2737 0.2551 0.0426 0.0221
126 0.2874 0.2119 0.2852 0.1625 0.0434 0.0095
127 0.1150 0.0842 0.3655 0.2759 0.0291 0.1304
128 0.2710 0.0358 0.4985 0.1521 0.0314 0.0111
129 0.0910 0.1323 0.1837 0.4995 0.0191 0.0743
130 0.2891 0.0828 0.3772 0.2288 0.0142 0.0080
131 0.1790 0.0513 0.3848 0.3342 0.0202 0.0306
132 0.1917 0.0229 0.0775 0.5635 0.0372 0.1075
133 0.1372 0.0463 0.2771 0.5098 0.0111 0.0189
134 0.1719 0.0585 0.2423 0.3472 0.0344 0.1459
135 0.1285 0.0699 0.2988 0.2595 0.0312 0.2119
136 0.1639 0.0366 0.2969 0.3416 0.0448 0.1162
137 0.7417 0.1361 0.0181 0.0323 0.0648 0.0072
138 0.8428 0.0655 0.0133 0.0436 0.0280 0.0069
139 0.5850 0.1116 0.0430 0.1715 0.0278 0.0612
140 0.3965 0.1787 0.2385 0.1317 0.0504 0.0043
141 0.4622 0.0635 0.2115 0.2051 0.0210 0.0368
142 0.1379 0.2120 0.1153 0.4150 0.0593 0.0603
143 0.2524 0.3909 0.1405 0.1519 0.0537 0.0108
144 0.2910 0.3794 0.1301 0.1406 0.0542 0.0046
145 0.2360 0.3379 0.3770 0.0221 0.0257 0.0014
146 0.4263 0.2078 0.2095 0.1281 0.0252 0.0032
147 0.2434 0.5234 0.1366 0.0841 0.0081 0.0044
148 0.3828 0.4270 0.1122 0.0385 0.0367 0.0029
149 0.4353 0.2766 0.0705 0.1257 0.0673 0.0246
150 0.3650 0.3767 0.0587 0.0551 0.1232 0.0214
151 0.0458 0.8184 0.0607 0.0651 0.0040 0.0061
152 0.1066 0.4026 0.1946 0.2479 0.0261 0.0222
153 0.0721 0.1456 0.1785 0.3718 0.0166 0.2152
154 0.2130 0.1823 0.0874 0.4800 0.0194 0.0179
155 0.4419 0.1370 0.1539 0.0891 0.1515 0.0265
156 0.2747 0.4670 0.1163 0.0452 0.0717 0.0251
157 0.2386 0.5171 0.1172 0.0545 0.0549 0.0176
158 0.1606 0.1985 0.1213 0.3481 0.1122 0.0591
159 0.1172 0.0844 0.0745 0.5376 0.0818 0.1042
160 0.3010 0.0750 0.1099 0.4050 0.0631 0.0458
161 0.0142 0.0182 0.0087 0.9346 0.0106 0.0138
162 0.0798 0.1401 0.0462 0.5083 0.1991 0.0263
163 0.0477 0.2681 0.0857 0.5171 0.0580 0.0236
164 0.0298 0.1296 0.0751 0.7349 0.0162 0.0145
165 0.1075 0.0934 0.0448 0.6904 0.0177 0.0462
166 0.2272 0.0340 0.1410 0.3774 0.0365 0.1840
167 0.4089 0.2810 0.1978 0.0328 0.0562 0.0231
168 0.4197 0.1848 0.1877 0.0859 0.0517 0.0701
169 0.1993 0.1003 0.0812 0.3784 0.1577 0.0831
170 0.1890 0.0794 0.1068 0.3877 0.0406 0.1965
171 0.0839 0.3069 0.1735 0.3091 0.1011 0.0256
172 0.1346 0.6035 0.1573 0.0612 0.0305 0.0130
173 0.0490 0.0573 0.0212 0.7783 0.0207 0.0735
174 0.3010 0.2006 0.1316 0.1125 0.1798 0.0744
175 0.4031 0.3501 0.1288 0.0885 0.0201 0.0095
176 0.3562 0.0302 0.0229 0.5693 0.0193 0.0022
177 0.4946 0.1532 0.0288 0.2976 0.0173 0.0086
178 0.0703 0.2285 0.1365 0.5068 0.0158 0.0419
179 0.0538 0.1558 0.5435 0.2231 0.0075 0.0162
180 0.1136 0.5635 0.2461 0.0710 0.0037 0.0022
181 0.3098 0.5229 0.1122 0.0494 0.0052 0.0005
182 0.4570 0.3760 0.0958 0.0633 0.0060 0.0019
183 0.0144 0.2372 0.7422 0.0024 0.0038 0.0003
184 0.0881 0.3003 0.5791 0.0208 0.0073 0.0044
185 0.0781 0.4290 0.2225 0.2123 0.0187 0.0396
186 0.1365 0.0975 0.4724 0.2285 0.0157 0.0494
187 0.5273 0.1465 0.1536 0.0698 0.0991 0.0036
188 0.0609 0.1542 0.0913 0.6592 0.0331 0.0013
189 0.0378 0.2727 0.4861 0.1415 0.0545 0.0076
190 0.0872 0.0609 0.1875 0.5869 0.0231 0.0546
191 0.0645 0.5791 0.2377 0.1022 0.0094 0.0073
192 0.1921 0.2161 0.5103 0.0356 0.0409 0.0051
193 0.1672 0.3484 0.2590 0.0279 0.1344 0.0630
194 0.1616 0.3999 0.3066 0.0764 0.0439 0.0115
195 0.2920 0.2874 0.1827 0.2239 0.0101 0.0040
196 0.3142 0.2448 0.2045 0.1863 0.0387 0.0115
197 0.2671 0.2375 0.2250 0.1851 0.0248 0.0605
198 0.0939 0.3684 0.3713 0.1055 0.0230 0.0379
199 0.1476 0.0322 0.1063 0.5933 0.0076 0.1132
200 0.2386 0.3262 0.3640 0.0326 0.0254 0.0133
201 0.0614 0.1362 0.0529 0.4363 0.0084 0.3047
202 0.3953 0.2654 0.1781 0.1234 0.0370 0.0010
203 0.4146 0.0495 0.1031 0.3745 0.0177 0.0407
204 0.2822 0.1079 0.1322 0.3767 0.0419 0.0591
205 0.0793 0.3582 0.2173 0.1815 0.0142 0.1493
206 0.1152 0.5669 0.1990 0.0588 0.0065 0.0536
207 0.1831 0.1874 0.2664 0.1043 0.0311 0.2278
208 0.1318 0.1239 0.4062 0.1641 0.0500 0.1239
209 0.7314 0.0605 0.1062 0.0573 0.0376 0.0071
210 0.1871 0.0811 0.3362 0.1208 0.0877 0.1871
211 0.2361 0.3127 0.1356 0.1675 0.0671 0.0809
212 0.1589 0.1692 0.5337 0.1051 0.0136 0.0194
213 0.3438 0.0327 0.0631 0.3230 0.1188 0.1188
214 0.2908 0.4871 0.0859 0.0509 0.0453 0.0400
215 0.0948 0.3232 0.1126 0.3257 0.0612 0.0824
216 0.0432 0.1070 0.3145 0.4646 0.0202 0.0505
217 0.6919 0.0222 0.0894 0.1617 0.0302 0.0047
218 0.1481 0.3110 0.0694 0.3416 0.0956 0.0344
219 0.1227 0.1296 0.0978 0.6230 0.0199 0.0068
220 0.2155 0.1516 0.2008 0.3870 0.0276 0.0177
221 0.1724 0.1311 0.2546 0.2449 0.0233 0.1737
222 0.2443 0.1209 0.1267 0.2190 0.0768 0.2123
