time exciting_prob fearful_prob tense_prob sad_prob relaxing_prob neutral_prob
0 0.5034 0.0367 0.0407 0.2913 0.1254 0.0024
1 0.2668 0.1475 0.2412 0.3145 0.0101 0.0198
2 0.0826 0.4294 0.2905 0.1165 0.0497 0.0311
3 0.4019 0.0106 0.0519 0.4846 0.0197 0.0315
4 0.7422 0.0020 0.0019 0.0032 0.2505 0.0004
5 0.1681 0.0361 0.0084 0.0159 0.6445 0.1270
6 0.3411 0.0597 0.0116 0.0032 0.5576 0.0267
7 0.3098 0.0967 0.0142 0.0012 0.5483 0.0297
8 0.5801 0.0223 0.0058 0.0019 0.3806 0.0092
9 0.8975 0.0340 0.0029 0.0006 0.0635 0.0018
10 0.7344 0.0504 0.0986 0.0261 0.0520 0.0386
11 0.1136 0.0957 0.2522 0.3845 0.0103 0.1437
12 0.3132 0.1266 0.1575 0.3777 0.0102 0.0148
13 0.8677 0.0669 0.0120 0.0422 0.0081 0.0034
14 0.4282 0.1379 0.0715 0.2054 0.1492 0.0077
15 0.1676 0.4182 0.2273 0.1538 0.0146 0.0185
16 0.3838 0.1625 0.0276 0.0035 0.3779 0.0448
17 0.4087 0.1857 0.0291 0.0029 0.3416 0.0323
18 0.1140 0.3567 0.3149 0.1925 0.0075 0.0143
19 0.6899 0.0544 0.0667 0.1731 0.0101 0.0059
20 0.0758 0.1631 0.5518 0.1121 0.0075 0.0900
21 0.1702 0.0955 0.1599 0.4211 0.0985 0.0548
22 0.1172 0.3210 0.2703 0.2423 0.0205 0.0287
23 0.1387 0.2717 0.3713 0.1957 0.0134 0.0094
24 0.0749 0.0890 0.2004 0.5117 0.0213 0.1024
25 0.0716 0.1626 0.1813 0.4487 0.0721 0.0637
26 0.0396 0.1129 0.2177 0.5645 0.0119 0.0533
27 0.6782 0.1188 0.0876 0.0035 0.1099 0.0017
28 0.6382 0.1652 0.1171 0.0120 0.0657 0.0021
29 0.1399 0.0630 0.1714 0.5034 0.0359 0.0862
30 0.1237 0.2040 0.1247 0.4490 0.0603 0.0383
31 0.0395 0.3086 0.3840 0.1758 0.0212 0.0710
32 0.0644 0.4006 0.3481 0.1261 0.0177 0.0432
33 0.1150 0.3713 0.4341 0.0666 0.0074 0.0057
34 0.2781 0.2306 0.1334 0.0119 0.3328 0.0130
35 0.1021 0.1053 0.1606 0.4104 0.1271 0.0945
36 0.0605 0.2432 0.1954 0.2549 0.0654 0.1807
37 0.0778 0.2981 0.3027 0.0909 0.2114 0.0191
38 0.5220 0.0679 0.1351 0.0707 0.1967 0.0074
39 0.1173 0.0375 0.0845 0.2333 0.1604 0.3669
40 0.0497 0.0974 0.1555 0.1862 0.4067 0.1044
41 0.0611 0.1971 0.3860 0.2131 0.1215 0.0213
42 0.0746 0.4502 0.1394 0.1450 0.1736 0.0173
43 0.1427 0.0372 0.1497 0.5474 0.0735 0.0497
44 0.0989 0.0649 0.1005 0.1112 0.2178 0.4067
45 0.5488 0.3103 0.0531 0.0338 0.0472 0.0065
46 0.1768 0.0725 0.1196 0.1168 0.3799 0.1344
47 0.0908 0.1070 0.0782 0.0475 0.6157 0.0609
48 0.3782 0.3499 0.0717 0.1307 0.0668 0.0027
49 0.0792 0.1743 0.3181 0.1798 0.1975 0.0511
50 0.1726 0.5571 0.2018 0.0483 0.0191 0.0010
51 0.2198 0.5977 0.1488 0.0064 0.0226 0.0046
52 0.3765 0.3650 0.1148 0.0332 0.0370 0.0735
53 0.4604 0.1775 0.0156 0.0052 0.2666 0.0746
54 0.1021 0.2230 0.1395 0.3975 0.0256 0.1121
55 0.1400 0.5161 0.1715 0.0726 0.0519 0.0480
56 0.4648 0.1937 0.0759 0.0288 0.2196 0.0172
57 0.0792 0.1327 0.2240 0.2722 0.0108 0.2810
58 0.5854 0.2898 0.0566 0.0247 0.0428 0.0004
59 0.1830 0.2683 0.2769 0.2561 0.0090 0.0067
60 0.0545 0.4460 0.4824 0.0104 0.0060 0.0006
61 0.0501 0.0800 0.1775 0.5732 0.0328 0.0865
62 0.2089 0.1458 0.0831 0.5249 0.0229 0.0143
63 0.3584 0.0913 0.0412 0.0268 0.4060 0.0763
64 0.5503 0.1026 0.0481 0.0589 0.2294 0.0108
65 0.1147 0.0057 0.0302 0.8340 0.0047 0.0106
66 0.0869 0.0458 0.1049 0.6626 0.0437 0.0561
67 0.3657 0.2184 0.0398 0.3179 0.0155 0.0427
68 0.3267 0.0614 0.0517 0.4001 0.1138 0.0463
69 0.3694 0.1317 0.0553 0.0030 0.4185 0.0222
70 0.3657 0.2344 0.0726 0.0876 0.1142 0.1255
71 0.2534 0.3057 0.0253 0.2102 0.1959 0.0094
72 0.5010 0.3259 0.0733 0.0100 0.0678 0.0218
73 0.4763 0.1985 0.1185 0.0916 0.1140 0.0011
74 0.1997 0.0135 0.0260 0.6865 0.0690 0.0054
75 0.5020 0.1669 0.1165 0.0311 0.1722 0.0111
76 0.1005 0.1764 0.0547 0.5967 0.0059 0.0659
77 0.4238 0.1753 0.0601 0.2800 0.0280 0.0327
78 0.3906 0.1803 0.0965 0.2124 0.1146 0.0057
79 0.1220 0.2603 0.1027 0.4094 0.0326 0.0729
80 0.1238 0.0865 0.0793 0.6489 0.0445 0.0168
81 0.5356 0.0861 0.0645 0.2454 0.0574 0.0109
82 0.4209 0.1235 0.0754 0.3152 0.0548 0.0102
83 0.4011 0.1711 0.1633 0.0909 0.1698 0.0036
84 0.4678 0.0277 0.0839 0.2389 0.1592 0.0226
85 0.2629 0.1078 0.2356 0.3428 0.0111 0.0397
86 0.1920 0.0228 0.1920 0.2708 0.0299 0.2927
87 0.4089 0.1050 0.1171 0.0884 0.2725 0.0082
88 0.3225 0.4512 0.0660 0.0226 0.0875 0.0502
89 0.3806 0.3518 0.0612 0.0190 0.1467 0.0407
90 0.2367 0.1902 0.1083 0.2294 0.0941 0.1414
91 0.3621 0.1658 0.0530 0.0542 0.3245 0.0403
92 0.3809 0.3257 0.0856 0.1041 0.0244 0.0792
93 0.7148 0.1632 0.0388 0.0104 0.0406 0.0321
94 0.7212 0.0984 0.0255 0.0522 0.0602 0.0423
95 0.5171 0.3445 0.0589 0.0091 0.0399 0.0303
96 0.5117 0.2915 0.0382 0.0953 0.0261 0.0374
97 0.2332 0.6045 0.1414 0.0080 0.0108 0.0020
98 0.5645 0.2484 0.0372 0.0638 0.0432 0.0432
99 0.6455 0.2527 0.0361 0.0286 0.0216 0.0158
100 0.6865 0.1555 0.0669 0.0513 0.0244 0.0155
101 0.3127 0.5493 0.0889 0.0026 0.0317 0.0147
102 0.4211 0.2380 0.0849 0.0077 0.1943 0.0540
103 0.4331 0.2627 0.0385 0.0026 0.2062 0.0568
104 0.5566 0.0713 0.0555 0.1213 0.1418 0.0534
105 0.0762 0.0524 0.0414 0.0477 0.7231 0.0594
106 0.3071 0.2355 0.0432 0.0131 0.3647 0.0364
107 0.1731 0.3110 0.1946 0.0068 0.2920 0.0225
108 0.3374 0.3120 0.0782 0.0028 0.2607 0.0089
109 0.1573 0.0985 0.2477 0.4626 0.0211 0.0127
110 0.0972 0.0308 0.0700 0.7529 0.0326 0.0164
111 0.4360 0.3240 0.0734 0.1289 0.0201 0.0176
112 0.2917 0.2345 0.1188 0.2964 0.0473 0.0111
113 0.1234 0.3516 0.0984 0.3569 0.0625 0.0073
114 0.3669 0.3213 0.0717 0.0226 0.1918 0.0260
115 0.1270 0.1193 0.2334 0.4570 0.0439 0.0195
116 0.0824 0.3931 0.1588 0.3362 0.0128 0.0166
117 0.2715 0.0665 0.0968 0.4993 0.0157 0.0502
118 0.4478 0.2632 0.1926 0.0487 0.0454 0.0022
119 0.0549 0.0378 0.0706 0.8071 0.0242 0.0053
120 0.4055 0.1135 0.0232 0.0015 0.4385 0.0180
121 0.2654 0.0766 0.2532 0.3572 0.0440 0.0037
122 0.0745 0.0871 0.3391 0.4355 0.0213 0.0424
123 0.4753 0.3167 0.0958 0.0158 0.0696 0.0268
124 0.3159 0.2744 0.0898 0.0956 0.1126 0.1118
125 0.2122 0.3210 0.2832 0.1759 0.0039 0.0040
126 0.6855 0.1542 0.0500 0.0396 0.0344 0.0363
127 0.0746 0.1173 0.2058 0.4939 0.0316 0.0769
128 0.6538 0.1318 0.0637 0.0554 0.0331 0.0623
129 0.3135 0.1576 0.2422 0.2620 0.0106 0.0144
130 0.4055 0.4487 0.0477 0.0101 0.0598 0.0282
131 0.1786 0.3416 0.1434 0.3232 0.0056 0.0075
132 0.7080 0.1709 0.0304 0.0132 0.0529 0.0244
133 0.2147 0.1780 0.0881 0.3887 0.0450 0.0854
134 0.1051 0.2369 0.3042 0.2369 0.0838 0.0331
135 0.1775 0.5342 0.2445 0.0299 0.0135 0.0007
136 0.0291 0.1323 0.2360 0.4919 0.0472 0.0635
137 0.0592 0.1334 0.2166 0.4307 0.0205 0.1398
138 0.3215 0.0674 0.0226 0.0166 0.5220 0.0501
139 0.5024 0.2751 0.0198 0.0170 0.1290 0.0568
140 0.0555 0.0326 0.2162 0.6763 0.0113 0.0081
141 0.0275 0.0538 0.1632 0.7432 0.0058 0.0067
142 0.5820 0.2406 0.0793 0.0244 0.0442 0.0296
143 0.4192 0.3115 0.1372 0.0184 0.0943 0.0193
144 0.3723 0.3416 0.0512 0.1678 0.0576 0.0095
145 0.2910 0.2549 0.1908 0.0724 0.1879 0.0031
146 0.2408 0.2544 0.1667 0.1416 0.1949 0.0015
147 0.2939 0.1610 0.2612 0.0597 0.2235 0.0006
148 0.3979 0.3708 0.0235 0.0765 0.0930 0.0382
149 0.3054 0.5659 0.0147 0.0194 0.0803 0.0143
150 0.4314 0.0850 0.1326 0.2617 0.0166 0.0727
151 0.2974 0.2708 0.1720 0.1818 0.0757 0.0026
152 0.3564 0.1864 0.1498 0.1608 0.1451 0.0013
153 0.3484 0.2129 0.2113 0.0482 0.1780 0.0012
154 0.4126 0.1172 0.1360 0.1641 0.0673 0.1027
155 0.3103 0.0848 0.1124 0.3801 0.0335 0.0790
156 0.5737 0.2111 0.0345 0.0252 0.1166 0.0390
157 0.3276 0.1263 0.0626 0.0282 0.3628 0.0925
158 0.2959 0.1488 0.0587 0.0050 0.4690 0.0226
159 0.4297 0.1121 0.0582 0.0184 0.2566 0.1250
160 0.4365 0.1147 0.0297 0.0019 0.3853 0.0321
161 0.3772 0.3684 0.0112 0.0269 0.2133 0.0032
162 0.2181 0.3276 0.1141 0.2198 0.0881 0.0322
163 0.2876 0.2744 0.0632 0.0267 0.2700 0.0780
164 0.4509 0.1711 0.0420 0.0011 0.3223 0.0125
165 0.0828 0.3076 0.2098 0.0976 0.2491 0.0530
166 0.0745 0.4285 0.1843 0.2766 0.0333 0.0027
167 0.3245 0.1241 0.0517 0.0944 0.3145 0.0908
168 0.2576 0.2576 0.1929 0.1017 0.0948 0.0955
169 0.1884 0.1974 0.2496 0.0925 0.1134 0.1587
170 0.2479 0.0598 0.2292 0.3284 0.0344 0.1002
171 0.1292 0.1176 0.0901 0.0719 0.5654 0.0256
172 0.0677 0.4553 0.2871 0.0593 0.0883 0.0424
173 0.1881 0.0703 0.0640 0.1252 0.4548 0.0976
174 0.0327 0.2168 0.4050 0.1008 0.1663 0.0785
175 0.0637 0.3550 0.2347 0.2072 0.0320 0.1074
176 0.2637 0.1009 0.0947 0.1826 0.2419 0.1161
177 0.2771 0.0590 0.2125 0.3557 0.0244 0.0712
178 0.4946 0.1157 0.1462 0.1364 0.0759 0.0311
179 0.1642 0.2664 0.2297 0.1060 0.1164 0.1173
180 0.2620 0.3186 0.0162 0.0015 0.3933 0.0084
181 0.3977 0.0406 0.1104 0.3455 0.0199 0.0860
182 0.3708 0.1498 0.1807 0.0376 0.2413 0.0198
183 0.1216 0.1637 0.1188 0.2656 0.1116 0.2185
184 0.0324 0.3623 0.2610 0.1252 0.0916 0.1272
185 0.2515 0.5161 0.0338 0.0398 0.1514 0.0075
186 0.5376 0.0972 0.1209 0.2009 0.0170 0.0262
187 0.3230 0.1285 0.1016 0.3333 0.1099 0.0037
188 0.5010 0.0912 0.1127 0.0844 0.2089 0.0018
189 0.5620 0.0785 0.1973 0.0715 0.0903 0.0004
190 0.3740 0.1007 0.0660 0.3101 0.0903 0.0587
191 0.3010 0.2917 0.0300 0.3333 0.0386 0.0053
192 0.4695 0.1008 0.0606 0.2739 0.0862 0.0091
193 0.2329 0.1539 0.2223 0.3608 0.0283 0.0019
194 0.5063 0.1300 0.1428 0.1029 0.1037 0.0141
195 0.2673 0.0506 0.4619 0.0687 0.1499 0.0015
196 0.1142 0.1039 0.4658 0.2167 0.0977 0.0017
197 0.2524 0.1669 0.2905 0.2666 0.0215 0.0019
198 0.3198 0.3301 0.1398 0.0578 0.1499 0.0026
199 0.0599 0.1136 0.1102 0.0580 0.6543 0.0041
200 0.0989 0.1004 0.2524 0.0758 0.4644 0.0080
201 0.0504 0.2106 0.3696 0.3210 0.0178 0.0306
202 0.0613 0.3528 0.2424 0.3162 0.0095 0.0178
203 0.2944 0.1638 0.0462 0.0020 0.4778 0.0158
204 0.1967 0.1906 0.1300 0.4680 0.0075 0.0074
205 0.3101 0.2269 0.1187 0.1686 0.1713 0.0044
206 0.1392 0.2600 0.5337 0.0533 0.0122 0.0017
207 0.5498 0.1677 0.0488 0.0077 0.2023 0.0236
208 0.2085 0.0817 0.2327 0.3958 0.0810 0.0005
209 0.1039 0.2397 0.3030 0.2217 0.1244 0.0072
210 0.1776 0.1427 0.3118 0.1472 0.2076 0.0130
211 0.1311 0.2266 0.3247 0.0587 0.2527 0.0062
212 0.1938 0.1510 0.2375 0.0629 0.3511 0.0036
213 0.1273 0.1409 0.2217 0.0720 0.4341 0.0041
214 0.1194 0.2776 0.2607 0.0211 0.3193 0.0019
215 0.2358 0.1794 0.0828 0.2510 0.2452 0.0058
216 0.4680 0.1967 0.0497 0.0513 0.2335 0.0008
217 0.4927 0.1143 0.0553 0.0191 0.3181 0.0006
218 0.0881 0.0502 0.5566 0.1835 0.1148 0.0070
219 0.3542 0.0502 0.0875 0.3328 0.1647 0.0107
220 0.3926 0.0523 0.0804 0.3464 0.1207 0.0075
221 0.2969 0.6387 0.0136 0.0328 0.0142 0.0038
222 0.7046 0.1852 0.0146 0.0828 0.0084 0.0044
223 0.1300 0.6201 0.1362 0.0846 0.0184 0.0104
224 0.3523 0.0580 0.0431 0.4250 0.1180 0.0037
225 0.4214 0.3547 0.1065 0.0849 0.0229 0.0097
226 0.4346 0.0317 0.0374 0.3660 0.1265 0.0037
227 0.3840 0.0492 0.0352 0.4023 0.1256 0.0035
228 0.4084 0.0762 0.0503 0.1613 0.3013 0.0026
229 0.3235 0.1327 0.3962 0.0380 0.1017 0.0079
230 0.5410 0.2495 0.1284 0.0570 0.0225 0.0017
231 0.5889 0.1366 0.1234 0.1254 0.0249 0.0008
232 0.6992 0.1313 0.0135 0.0022 0.1399 0.0138
233 0.5420 0.2025 0.0274 0.0264 0.1471 0.0545
234 0.6074 0.1560 0.0382 0.0999 0.0953 0.0033
235 0.5083 0.0405 0.0249 0.0245 0.3550 0.0466
236 0.2423 0.1392 0.2539 0.0694 0.2944 0.0007
237 0.2822 0.2910 0.3147 0.0258 0.0861 0.0002
238 0.4854 0.3232 0.0824 0.0780 0.0205 0.0103
239 0.3230 0.1116 0.0289 0.0045 0.5161 0.0158
240 0.5200 0.0575 0.0434 0.2720 0.1049 0.0021
241 0.6362 0.0656 0.0620 0.1273 0.1080 0.0006
242 0.2891 0.1687 0.2959 0.0961 0.1500 0.0002
243 0.2095 0.0718 0.0486 0.0546 0.5347 0.0807
244 0.3799 0.0790 0.0327 0.0039 0.4878 0.0167
245 0.2494 0.3713 0.1957 0.0767 0.0816 0.0253
246 0.6880 0.0167 0.0861 0.1713 0.0083 0.0298
247 0.1608 0.0312 0.2197 0.4578 0.0808 0.0498
248 0.7554 0.0327 0.0407 0.1273 0.0340 0.0098
249 0.6973 0.1230 0.0723 0.0258 0.0195 0.0623
250 0.7656 0.0944 0.0600 0.0172 0.0316 0.0313
251 0.7705 0.0920 0.0585 0.0166 0.0318 0.0303
252 0.7930 0.0947 0.0540 0.0123 0.0282 0.0179
253 0.7930 0.0947 0.0540 0.0123 0.0282 0.0179
254 0.7930 0.0947 0.0540 0.0123 0.0282 0.0179
255 0.7930 0.0947 0.0540 0.0123 0.0282 0.0179
256 0.7930 0.0947 0.0540 0.0123 0.0282 0.0179
257 0.7793 0.0931 0.0565 0.0146 0.0300 0.0267
258 0.7930 0.0947 0.0540 0.0123 0.0282 0.0179
