time exciting_prob fearful_prob tense_prob sad_prob relaxing_prob neutral_prob
0 0.0790 0.1047 0.1132 0.6519 0.0181 0.0332
1 0.0729 0.2585 0.2930 0.3318 0.0094 0.0344
2 0.0637 0.4248 0.2421 0.2498 0.0093 0.0105
3 0.1804 0.3218 0.4004 0.0302 0.0069 0.0605
4 0.1074 0.0704 0.2347 0.4185 0.0199 0.1492
5 0.1191 0.1191 0.2859 0.3845 0.0143 0.0769
6 0.1058 0.1976 0.4668 0.1827 0.0128 0.0343
7 0.1082 0.2637 0.3835 0.2053 0.0080 0.0312
8 0.0491 0.0507 0.2656 0.5200 0.0107 0.1040
9 0.0299 0.2277 0.3872 0.2922 0.0082 0.0549
10 0.0675 0.1864 0.2179 0.4541 0.0216 0.0526
11 0.0447 0.0917 0.2305 0.5532 0.0076 0.0725
12 0.0192 0.1364 0.2671 0.5146 0.0049 0.0577
13 0.0529 0.1682 0.3398 0.3850 0.0128 0.0412
14 0.0599 0.2334 0.3240 0.3342 0.0148 0.0336
15 0.0828 0.1387 0.2981 0.4204 0.0295 0.0305
16 0.0613 0.2971 0.4600 0.1425 0.0229 0.0162
17 0.0385 0.4138 0.4336 0.0999 0.0061 0.0081
18 0.0346 0.3181 0.4148 0.2086 0.0114 0.0124
19 0.0455 0.4744 0.2969 0.1257 0.0178 0.0396
20 0.0457 0.2083 0.3486 0.3433 0.0249 0.0293
21 0.0586 0.1694 0.2280 0.5142 0.0098 0.0201
22 0.0633 0.2175 0.2837 0.4128 0.0147 0.0080
23 0.0213 0.4023 0.1677 0.3899 0.0067 0.0121
24 0.1624 0.2325 0.2184 0.2849 0.0263 0.0755
25 0.0981 0.2144 0.1078 0.4263 0.0866 0.0669
26 0.0246 0.5557 0.2505 0.1495 0.0163 0.0036
27 0.0364 0.1879 0.1333 0.6064 0.0273 0.0086
28 0.1993 0.0668 0.1759 0.3286 0.0140 0.2155
29 0.0786 0.1276 0.1401 0.5049 0.0131 0.1359
30 0.0362 0.0923 0.1409 0.5928 0.0034 0.1344
31 0.3711 0.0687 0.2083 0.2937 0.0100 0.0483
32 0.2255 0.0544 0.2477 0.4019 0.0222 0.0484
33 0.4170 0.2197 0.1088 0.2490 0.0042 0.0013
34 0.0853 0.1969 0.4648 0.1558 0.0077 0.0894
35 0.1454 0.1302 0.2847 0.3542 0.0143 0.0714
36 0.0956 0.1552 0.3496 0.2598 0.0171 0.1227
37 0.1137 0.0281 0.2191 0.5957 0.0207 0.0227
38 0.1615 0.0122 0.5054 0.2747 0.0089 0.0375
39 0.0233 0.1692 0.2073 0.5376 0.0113 0.0516
40 0.0520 0.2859 0.2727 0.2949 0.0572 0.0375
41 0.0436 0.1644 0.2430 0.5225 0.0080 0.0183
42 0.0309 0.5063 0.2712 0.1779 0.0080 0.0056
43 0.0559 0.0604 0.3940 0.4534 0.0061 0.0301
44 0.0619 0.0665 0.3647 0.4199 0.0104 0.0765
45 0.1567 0.0449 0.3477 0.3760 0.0222 0.0525
46 0.0267 0.0693 0.1422 0.5283 0.0163 0.2169
47 0.2223 0.0481 0.2854 0.3901 0.0285 0.0255
48 0.1412 0.0617 0.5332 0.1153 0.0050 0.1436
49 0.0847 0.0422 0.2588 0.5742 0.0235 0.0167
50 0.0533 0.1052 0.1995 0.2407 0.3906 0.0107
51 0.1248 0.1788 0.1844 0.4861 0.0157 0.0100
52 0.0619 0.0958 0.2817 0.4944 0.0148 0.0513
53 0.1080 0.1547 0.5571 0.1672 0.0039 0.0093
54 0.0969 0.2051 0.2494 0.1610 0.0263 0.2612
55 0.4299 0.1737 0.0930 0.2864 0.0079 0.0093
56 0.1759 0.0831 0.1787 0.5171 0.0137 0.0316
57 0.1772 0.2922 0.4055 0.0536 0.0187 0.0528
58 0.0395 0.2007 0.2070 0.4666 0.0448 0.0414
59 0.0512 0.4604 0.3420 0.0839 0.0497 0.0128
60 0.0675 0.0490 0.2568 0.5610 0.0209 0.0446
61 0.1628 0.2028 0.1654 0.4224 0.0090 0.0375
62 0.0875 0.2571 0.3252 0.3103 0.0060 0.0140
63 0.2114 0.1511 0.0931 0.5073 0.0216 0.0157
64 0.0475 0.0765 0.7139 0.1281 0.0186 0.0154
65 0.0255 0.2019 0.2360 0.4077 0.0251 0.1039
66 0.0729 0.0533 0.2976 0.4983 0.0192 0.0586
67 0.2062 0.0221 0.1212 0.6157 0.0135 0.0214
68 0.0803 0.1622 0.5659 0.1700 0.0063 0.0151
69 0.0569 0.1754 0.3486 0.3713 0.0124 0.0353
70 0.1593 0.2527 0.4365 0.0901 0.0353 0.0262
71 0.1882 0.0709 0.4111 0.3103 0.0164 0.0032
72 0.2825 0.1584 0.3252 0.2234 0.0086 0.0020
73 0.1100 0.0138 0.0500 0.8003 0.0131 0.0129
74 0.4128 0.0559 0.1667 0.3477 0.0085 0.0084
75 0.0616 0.2983 0.3433 0.2715 0.0049 0.0203
76 0.0378 0.1835 0.2627 0.4399 0.0183 0.0577
77 0.1021 0.1251 0.3196 0.3975 0.0132 0.0426
78 0.0187 0.2878 0.2834 0.3474 0.0093 0.0533
79 0.0683 0.2830 0.3992 0.2274 0.0103 0.0118
80 0.0772 0.3516 0.3303 0.2269 0.0081 0.0060
81 0.0608 0.3235 0.3843 0.1873 0.0196 0.0246
82 0.0774 0.2659 0.4893 0.1516 0.0018 0.0140
83 0.1216 0.4736 0.1688 0.1943 0.0190 0.0227
84 0.1866 0.1283 0.1499 0.4475 0.0280 0.0596
85 0.2316 0.0460 0.1340 0.5303 0.0196 0.0387
86 0.1449 0.1720 0.5640 0.0950 0.0147 0.0093
87 0.0952 0.3538 0.2798 0.2469 0.0127 0.0116
88 0.1014 0.1205 0.4011 0.3325 0.0209 0.0233
89 0.0898 0.0637 0.2123 0.5503 0.0126 0.0711
90 0.0252 0.1487 0.1659 0.5610 0.0168 0.0822
91 0.1866 0.0923 0.3433 0.3379 0.0075 0.0324
92 0.1622 0.1768 0.5278 0.1151 0.0118 0.0062
93 0.0739 0.0346 0.1918 0.4673 0.0083 0.2241
94 0.2051 0.0778 0.2323 0.4548 0.0099 0.0200
95 0.1608 0.0342 0.2452 0.4727 0.0179 0.0692
96 0.1653 0.1190 0.2947 0.3286 0.0080 0.0844
97 0.0531 0.2253 0.2717 0.2634 0.1525 0.0340
98 0.0363 0.1052 0.2334 0.4788 0.0460 0.1003
99 0.1719 0.3162 0.2620 0.2190 0.0160 0.0151
100 0.1520 0.3022 0.2046 0.2976 0.0206 0.0229
101 0.1224 0.4207 0.4409 0.0077 0.0067 0.0015
102 0.0872 0.5864 0.2369 0.0668 0.0143 0.0082
103 0.0446 0.1030 0.1924 0.4009 0.0043 0.2549
104 0.0755 0.4849 0.3179 0.0612 0.0346 0.0261
105 0.0296 0.3582 0.1639 0.2922 0.0850 0.0710
106 0.0737 0.5703 0.2305 0.0931 0.0219 0.0104
107 0.0220 0.2520 0.1932 0.4155 0.0019 0.1154
108 0.0320 0.1206 0.3489 0.2937 0.0059 0.1989
109 0.0260 0.2212 0.4067 0.1863 0.0054 0.1544
110 0.1628 0.0819 0.1904 0.3970 0.0050 0.1628
111 0.0388 0.0182 0.3804 0.5366 0.0171 0.0091
112 0.0739 0.1198 0.2239 0.3992 0.0245 0.1588
113 0.0407 0.1160 0.2612 0.4517 0.0051 0.1254
114 0.1486 0.1632 0.3621 0.2527 0.0241 0.0494
115 0.0875 0.1399 0.2915 0.3743 0.0078 0.0992
116 0.1537 0.0962 0.3745 0.3254 0.0116 0.0386
117 0.1222 0.1028 0.1544 0.4609 0.0211 0.1384
118 0.1643 0.1078 0.3479 0.2795 0.0264 0.0741
119 0.0880 0.1655 0.3972 0.1847 0.0509 0.1138
120 0.1096 0.0543 0.3323 0.3767 0.0104 0.1167
121 0.2090 0.0678 0.6284 0.0632 0.0244 0.0070
122 0.1070 0.0203 0.1631 0.6450 0.0268 0.0376
123 0.0357 0.0912 0.3040 0.5171 0.0011 0.0512
124 0.1552 0.0647 0.2329 0.4705 0.0405 0.0363
125 0.0546 0.1020 0.3396 0.3672 0.0246 0.1120
126 0.0543 0.6309 0.1385 0.1282 0.0436 0.0048
127 0.0988 0.1774 0.3696 0.2747 0.0072 0.0723
128 0.0740 0.1289 0.2408 0.4294 0.0147 0.1120
129 0.0842 0.1284 0.3601 0.3894 0.0058 0.0320
130 0.0563 0.1309 0.1708 0.4941 0.0043 0.1438
131 0.0923 0.4470 0.2712 0.0685 0.1029 0.0180
132 0.0875 0.2800 0.1896 0.2147 0.1865 0.0416
133 0.1538 0.2874 0.3689 0.1049 0.0792 0.0057
134 0.0588 0.4150 0.4702 0.0488 0.0016 0.0057
135 0.0999 0.2803 0.3831 0.2018 0.0035 0.0317
136 0.0989 0.0581 0.2487 0.4363 0.0140 0.1439
137 0.0988 0.0928 0.4097 0.2605 0.0073 0.1310
138 0.0720 0.0925 0.3489 0.4016 0.0106 0.0743
139 0.0183 0.2732 0.5967 0.0974 0.0083 0.0059
140 0.1952 0.1157 0.3452 0.2429 0.0275 0.0735
141 0.0343 0.1512 0.2035 0.5620 0.0225 0.0267
142 0.0409 0.4395 0.3818 0.1278 0.0033 0.0069
143 0.0742 0.0796 0.6411 0.1808 0.0051 0.0192
144 0.0239 0.4546 0.4075 0.1014 0.0065 0.0062
145 0.0460 0.1877 0.2374 0.4436 0.0082 0.0771
146 0.1174 0.0375 0.2908 0.5103 0.0156 0.0285
147 0.0525 0.2144 0.5225 0.1569 0.0106 0.0435
148 0.3440 0.1246 0.3440 0.1189 0.0162 0.0523
149 0.0591 0.6060 0.2126 0.0252 0.0929 0.0045
150 0.0786 0.0940 0.3835 0.3181 0.0031 0.1226
151 0.0637 0.3113 0.6001 0.0166 0.0072 0.0012
152 0.0895 0.1547 0.4692 0.2251 0.0189 0.0426
153 0.1913 0.3306 0.2456 0.2272 0.0010 0.0043
154 0.0697 0.0334 0.1344 0.7378 0.0128 0.0119
155 0.0570 0.0193 0.0667 0.8384 0.0063 0.0124
156 0.0786 0.1946 0.4817 0.2170 0.0151 0.0130
157 0.0676 0.1387 0.4690 0.3076 0.0058 0.0116
158 0.0446 0.2905 0.3240 0.2998 0.0150 0.0262
159 0.1188 0.1411 0.3958 0.2808 0.0296 0.0341
160 0.0621 0.1637 0.5625 0.1885 0.0036 0.0195
161 0.0896 0.1597 0.0969 0.3892 0.0324 0.2323
162 0.0559 0.3506 0.4036 0.1736 0.0014 0.0148
163 0.0785 0.1661 0.2494 0.4587 0.0211 0.0263
164 0.2646 0.2563 0.2125 0.1260 0.0044 0.1362
165 0.0815 0.1063 0.1407 0.6113 0.0226 0.0373
166 0.1210 0.0231 0.0746 0.6646 0.0316 0.0851
167 0.2830 0.1689 0.0773 0.3989 0.0074 0.0646
168 0.0384 0.2625 0.4607 0.1920 0.0060 0.0403
169 0.0465 0.1703 0.2595 0.3494 0.0167 0.1575
170 0.1982 0.3425 0.1279 0.2839 0.0165 0.0309
171 0.0898 0.3723 0.3445 0.1436 0.0253 0.0246
172 0.0489 0.2996 0.3237 0.2996 0.0106 0.0177
173 0.1159 0.1713 0.3250 0.3459 0.0275 0.0142
174 0.0769 0.2603 0.2727 0.3726 0.0141 0.0036
175 0.0707 0.1569 0.2754 0.4834 0.0068 0.0068
176 0.1481 0.2810 0.1208 0.3552 0.0267 0.0683
177 0.0753 0.1594 0.2754 0.4268 0.0203 0.0429
178 0.1292 0.2302 0.3247 0.2649 0.0461 0.0049
179 0.1064 0.2759 0.3381 0.2115 0.0479 0.0201
180 0.1881 0.0117 0.0630 0.7100 0.0062 0.0211
181 0.0934 0.2876 0.3259 0.2578 0.0132 0.0220
182 0.1082 0.0407 0.1702 0.5322 0.0241 0.1245
183 0.1121 0.0490 0.2338 0.5269 0.0060 0.0724
184 0.0602 0.0476 0.2006 0.6079 0.0062 0.0773
185 0.0600 0.2391 0.3269 0.2111 0.0202 0.1428
186 0.1422 0.2118 0.0561 0.5493 0.0293 0.0112
187 0.0654 0.0304 0.1981 0.6602 0.0025 0.0435
188 0.0637 0.1125 0.2920 0.3989 0.0149 0.1180
189 0.0667 0.0843 0.1265 0.5762 0.0296 0.1170
190 0.0273 0.1167 0.1522 0.5747 0.0108 0.1185
191 0.1155 0.2061 0.2563 0.2998 0.1120 0.0103
192 0.1844 0.0270 0.1436 0.5093 0.0205 0.1154
193 0.0754 0.0569 0.1204 0.6719 0.0305 0.0450
194 0.0798 0.0377 0.2007 0.5288 0.0612 0.0919
195 0.0296 0.0780 0.1458 0.7065 0.0033 0.0369
196 0.0355 0.1652 0.2441 0.4421 0.0175 0.0956
197 0.0401 0.0276 0.1742 0.6997 0.0087 0.0499
198 0.1014 0.0724 0.4072 0.3223 0.0080 0.0887
199 0.0733 0.0520 0.1678 0.6538 0.0108 0.0424
200 0.0393 0.0529 0.0872 0.6748 0.0066 0.1393
201 0.0958 0.0482 0.2448 0.5513 0.0288 0.0311
202 0.2457 0.2037 0.2238 0.2534 0.0359 0.0374
203 0.0627 0.0612 0.2480 0.4353 0.0112 0.1815
204 0.0397 0.2017 0.3027 0.3826 0.0223 0.0510
205 0.0614 0.2111 0.1984 0.4265 0.0654 0.0373
206 0.0781 0.5215 0.2351 0.1201 0.0147 0.0304
207 0.0292 0.2905 0.4790 0.1655 0.0219 0.0138
208 0.1182 0.1948 0.3755 0.2581 0.0252 0.0283
209 0.0925 0.1445 0.4314 0.2700 0.0125 0.0492
210 0.0318 0.0396 0.0892 0.8198 0.0004 0.0193
211 0.0324 0.2551 0.2935 0.4014 0.0089 0.0087
212 0.1449 0.1775 0.3369 0.2793 0.0070 0.0546
213 0.1267 0.2057 0.3137 0.3088 0.0074 0.0375
214 0.0497 0.1270 0.3342 0.3616 0.0456 0.0819
215 0.1060 0.1076 0.1448 0.5908 0.0393 0.0114
216 0.0637 0.1732 0.4858 0.2443 0.0098 0.0233
217 0.0980 0.0567 0.2041 0.5723 0.0056 0.0632
218 0.0695 0.3699 0.3643 0.1361 0.0355 0.0248
219 0.0363 0.1051 0.3965 0.3965 0.0075 0.0580
220 0.0844 0.3608 0.3086 0.1786 0.0417 0.0259
221 0.1187 0.1377 0.4587 0.2306 0.0120 0.0423
222 0.0815 0.2532 0.2341 0.3572 0.0147 0.0592
223 0.0410 0.0707 0.1343 0.6113 0.0226 0.1204
224 0.0420 0.0377 0.1273 0.7217 0.0055 0.0660
225 0.0606 0.5752 0.2676 0.0910 0.0028 0.0027
226 0.0638 0.3340 0.2444 0.3501 0.0060 0.0018
227 0.1749 0.1791 0.5781 0.0564 0.0038 0.0075
228 0.1025 0.2576 0.3928 0.2070 0.0104 0.0296
229 0.1147 0.2076 0.3118 0.2316 0.0250 0.1094
230 0.0638 0.0529 0.7534 0.0435 0.0191 0.0674
231 0.0359 0.2698 0.4448 0.1914 0.0080 0.0499
232 0.0220 0.0743 0.1959 0.6523 0.0220 0.0335
233 0.0814 0.1113 0.1061 0.5308 0.1061 0.0644
234 0.0426 0.1583 0.5112 0.2571 0.0130 0.0180
235 0.0908 0.2842 0.1893 0.3481 0.0419 0.0457
236 0.0704 0.0761 0.5625 0.2168 0.0312 0.0430
237 0.0430 0.2673 0.3950 0.2632 0.0134 0.0181
238 0.2242 0.1667 0.4602 0.1298 0.0118 0.0072
239 0.2196 0.1606 0.4167 0.1821 0.0124 0.0084
240 0.1674 0.1064 0.4409 0.2115 0.0027 0.0709
241 0.1884 0.2273 0.3630 0.1715 0.0017 0.0480
242 0.2064 0.1252 0.3796 0.2490 0.0206 0.0191
243 0.1148 0.0707 0.2710 0.4399 0.0037 0.0997
244 0.1936 0.1876 0.4644 0.1260 0.0103 0.0180
245 0.0371 0.2256 0.6426 0.0817 0.0030 0.0099
246 0.0709 0.2185 0.5757 0.1065 0.0049 0.0234
247 0.0414 0.0673 0.1589 0.6382 0.0077 0.0864
248 0.0381 0.2260 0.4783 0.2367 0.0054 0.0157
249 0.2139 0.1328 0.2642 0.3582 0.0173 0.0140
250 0.1265 0.1943 0.2917 0.3518 0.0223 0.0134
251 0.0196 0.2463 0.3066 0.3584 0.0173 0.0516
252 0.0202 0.1688 0.3010 0.4180 0.0170 0.0750
253 0.0114 0.1326 0.1869 0.5942 0.0114 0.0636
254 0.0216 0.1385 0.1923 0.6113 0.0206 0.0159
255 0.0443 0.0350 0.1497 0.7368 0.0226 0.0115
256 0.0342 0.5347 0.1876 0.2092 0.0215 0.0130
257 0.0149 0.4587 0.2915 0.2068 0.0056 0.0223
258 0.0134 0.4180 0.4314 0.1074 0.0059 0.0240
259 0.0189 0.3474 0.3877 0.2141 0.0071 0.0248
260 0.0163 0.3279 0.3545 0.2595 0.0067 0.0351
261 0.1298 0.3364 0.1801 0.3262 0.0070 0.0207
262 0.1051 0.3091 0.2124 0.3237 0.0099 0.0399
263 0.1143 0.2498 0.2537 0.3362 0.0096 0.0366
264 0.1078 0.2546 0.2179 0.3706 0.0159 0.0329
265 0.1387 0.3030 0.1523 0.3770 0.0100 0.0192
266 0.1573 0.1169 0.1624 0.5078 0.0158 0.0398
267 0.1915 0.1562 0.2346 0.3633 0.0188 0.0354
268 0.1246 0.1526 0.2023 0.4702 0.0163 0.0341
269 0.2001 0.0975 0.1464 0.5190 0.0151 0.0221
270 0.2079 0.1342 0.2754 0.3120 0.0212 0.0494
271 0.1234 0.2737 0.2002 0.2571 0.0848 0.0611
