time exciting_prob fearful_prob tense_prob sad_prob relaxing_prob neutral_prob
0 0.1136 0.1553 0.1349 0.1288 0.0181 0.4492
1 0.2295 0.1678 0.1003 0.2561 0.0438 0.2025
2 0.0649 0.4263 0.1028 0.0581 0.3425 0.0055
3 0.1694 0.0852 0.0559 0.6104 0.0127 0.0663
4 0.2367 0.3337 0.1118 0.2539 0.0177 0.0462
5 0.0978 0.1179 0.0823 0.0726 0.6274 0.0017
6 0.0640 0.1464 0.0397 0.0173 0.7319 0.0008
7 0.3137 0.2705 0.2332 0.1448 0.0333 0.0046
8 0.0251 0.2134 0.0704 0.1008 0.5894 0.0010
9 0.0386 0.1514 0.1305 0.1587 0.5205 0.0004
10 0.1487 0.3052 0.3350 0.0703 0.1396 0.0013
11 0.2323 0.0443 0.0645 0.5933 0.0138 0.0518
12 0.3645 0.1921 0.1848 0.2211 0.0116 0.0258
13 0.2042 0.4324 0.1191 0.0412 0.1995 0.0037
14 0.1506 0.2174 0.0442 0.0268 0.5552 0.0057
15 0.1522 0.0895 0.3123 0.3027 0.1114 0.0319
16 0.1589 0.6382 0.0627 0.0150 0.1162 0.0089
17 0.1425 0.5815 0.0934 0.0124 0.1589 0.0113
18 0.1155 0.6543 0.0418 0.0184 0.1519 0.0180
19 0.0177 0.8677 0.1103 0.0023 0.0018 0.0002
20 0.0493 0.7363 0.1862 0.0088 0.0127 0.0068
21 0.0304 0.6113 0.2671 0.0391 0.0514 0.0003
22 0.0399 0.7344 0.1075 0.0710 0.0466 0.0007
23 0.1182 0.5635 0.0722 0.0205 0.2207 0.0048
24 0.2250 0.5396 0.0975 0.0161 0.1122 0.0095
25 0.1259 0.2837 0.1165 0.1642 0.2974 0.0125
26 0.1980 0.5728 0.1616 0.0248 0.0412 0.0015
27 0.1226 0.3547 0.3958 0.0767 0.0447 0.0057
28 0.1414 0.2156 0.3186 0.2260 0.0878 0.0107
29 0.0662 0.1855 0.2310 0.3867 0.1125 0.0181
30 0.1262 0.7432 0.0547 0.0130 0.0560 0.0068
31 0.1114 0.7378 0.0587 0.0291 0.0413 0.0219
32 0.1759 0.5376 0.1257 0.0344 0.0942 0.0323
33 0.0163 0.0974 0.0353 0.0168 0.8286 0.0058
34 0.0163 0.2070 0.0750 0.0261 0.6685 0.0071
35 0.0228 0.2976 0.0339 0.0215 0.6201 0.0042
36 0.2408 0.5469 0.1211 0.0347 0.0505 0.0060
37 0.2969 0.2832 0.0956 0.0441 0.2744 0.0057
38 0.3005 0.4373 0.1149 0.0410 0.0888 0.0175
39 0.2668 0.5435 0.1086 0.0288 0.0482 0.0042
40 0.0905 0.7227 0.1359 0.0158 0.0217 0.0133
41 0.2416 0.4307 0.0815 0.0487 0.1727 0.0247
42 0.0372 0.3269 0.5825 0.0393 0.0076 0.0064
43 0.0806 0.1993 0.2520 0.4026 0.0349 0.0306
44 0.1888 0.4858 0.0775 0.0477 0.1816 0.0184
45 0.1395 0.4233 0.1908 0.2000 0.0359 0.0106
46 0.2246 0.4331 0.2318 0.0629 0.0464 0.0014
47 0.1227 0.6631 0.0986 0.0294 0.0699 0.0165
48 0.2347 0.6187 0.0688 0.0215 0.0411 0.0154
49 0.0888 0.2910 0.3857 0.1940 0.0189 0.0216
50 0.0290 0.1450 0.0759 0.1166 0.6011 0.0324
51 0.0320 0.2323 0.0457 0.1324 0.5488 0.0088
52 0.1619 0.5649 0.1321 0.0600 0.0529 0.0281
53 0.0760 0.2654 0.2913 0.3250 0.0324 0.0099
54 0.1476 0.5928 0.1312 0.0269 0.0861 0.0157
55 0.1343 0.6870 0.0998 0.0432 0.0264 0.0091
56 0.1998 0.6499 0.0901 0.0286 0.0239 0.0075
57 0.0905 0.8130 0.0524 0.0227 0.0106 0.0111
58 0.1212 0.1998 0.0538 0.1021 0.4907 0.0326
59 0.0724 0.1140 0.0916 0.0297 0.6660 0.0262
60 0.1721 0.4905 0.0563 0.0746 0.1749 0.0316
61 0.1970 0.6216 0.0450 0.0725 0.0153 0.0487
62 0.1365 0.6460 0.0916 0.0376 0.0391 0.0494
63 0.1368 0.6523 0.1134 0.0553 0.0138 0.0282
64 0.3311 0.4631 0.0532 0.0553 0.0721 0.0251
65 0.2932 0.2507 0.0233 0.0226 0.4009 0.0093
66 0.2764 0.3633 0.0441 0.0255 0.2720 0.0190
67 0.2646 0.4646 0.0701 0.0753 0.1086 0.0165
68 0.0746 0.7485 0.1193 0.0306 0.0193 0.0077
69 0.2046 0.5146 0.0675 0.1428 0.0595 0.0110
70 0.1514 0.3306 0.1008 0.2419 0.1637 0.0116
71 0.1749 0.5737 0.1061 0.0443 0.0952 0.0059
72 0.1490 0.5366 0.1611 0.0444 0.1057 0.0028
73 0.1379 0.4451 0.0320 0.0240 0.3577 0.0035
74 0.0445 0.2791 0.1201 0.1146 0.4390 0.0028
75 0.0941 0.5581 0.1813 0.0238 0.1411 0.0014
76 0.1449 0.5098 0.0775 0.0576 0.1934 0.0170
77 0.1225 0.4209 0.0977 0.0849 0.2593 0.0145
78 0.0793 0.0845 0.1816 0.1393 0.5015 0.0135
79 0.3293 0.5181 0.0859 0.0254 0.0283 0.0126
80 0.2003 0.6362 0.1064 0.0335 0.0188 0.0047
81 0.2678 0.5581 0.1065 0.0303 0.0335 0.0038
82 0.0989 0.5103 0.1332 0.0376 0.2162 0.0037
83 0.1121 0.7080 0.0690 0.0712 0.0067 0.0329
84 0.2173 0.4355 0.0864 0.0452 0.2057 0.0098
85 0.1559 0.5977 0.1252 0.0464 0.0490 0.0258
86 0.2590 0.2935 0.1672 0.1522 0.0472 0.0809
87 0.1554 0.1935 0.3970 0.1604 0.0422 0.0517
88 0.1346 0.1637 0.3411 0.2344 0.0552 0.0709
89 0.1086 0.5601 0.2126 0.0989 0.0133 0.0064
90 0.1210 0.3845 0.1963 0.2482 0.0135 0.0366
91 0.1854 0.7104 0.0698 0.0162 0.0102 0.0078
92 0.0546 0.9019 0.0326 0.0062 0.0040 0.0006
93 0.1479 0.3521 0.0503 0.0363 0.4021 0.0115
94 0.1263 0.5195 0.0778 0.0215 0.2455 0.0093
95 0.0742 0.7314 0.1292 0.0197 0.0361 0.0094
96 0.2292 0.5630 0.0386 0.0213 0.1423 0.0056
97 0.1132 0.7554 0.0526 0.0506 0.0214 0.0069
98 0.1061 0.7783 0.0284 0.0513 0.0187 0.0171
99 0.2776 0.4072 0.1194 0.0432 0.0975 0.0551
100 0.2023 0.2944 0.1108 0.0575 0.2617 0.0732
101 0.1395 0.3647 0.1362 0.1439 0.1643 0.0513
102 0.1023 0.4768 0.3030 0.0510 0.0650 0.0019
103 0.1727 0.4961 0.1942 0.0651 0.0709 0.0009
104 0.2198 0.0945 0.1851 0.2778 0.1252 0.0975
105 0.0757 0.2408 0.2262 0.1996 0.2524 0.0052
106 0.2389 0.2583 0.2389 0.1707 0.0851 0.0081
107 0.3125 0.4077 0.0991 0.0630 0.0991 0.0183
108 0.3962 0.3208 0.0768 0.0492 0.1412 0.0157
109 0.0930 0.4504 0.2374 0.1820 0.0109 0.0262
110 0.0330 0.8247 0.1116 0.0168 0.0062 0.0076
111 0.0579 0.5532 0.2656 0.0440 0.0760 0.0031
112 0.1692 0.0775 0.1589 0.4529 0.0159 0.1257
113 0.2157 0.1934 0.2026 0.2058 0.0723 0.1102
114 0.0654 0.7725 0.0887 0.0416 0.0091 0.0230
115 0.2268 0.5112 0.1195 0.0258 0.0778 0.0388
116 0.1376 0.1376 0.0991 0.0931 0.5273 0.0054
117 0.4790 0.3396 0.0734 0.0268 0.0706 0.0105
118 0.2734 0.3401 0.2356 0.1157 0.0241 0.0111
119 0.3564 0.2649 0.0600 0.2468 0.0439 0.0281
120 0.2034 0.5884 0.1168 0.0731 0.0053 0.0133
121 0.0327 0.8379 0.0955 0.0243 0.0020 0.0077
122 0.1278 0.4822 0.3186 0.0323 0.0326 0.0065
123 0.2183 0.5488 0.1072 0.0848 0.0073 0.0335
124 0.3132 0.4966 0.0532 0.1049 0.0157 0.0166
125 0.3130 0.2495 0.1675 0.2476 0.0218 0.0006
126 0.1268 0.6147 0.1393 0.0459 0.0463 0.0270
127 0.1956 0.5840 0.0953 0.0228 0.0797 0.0230
128 0.0210 0.8867 0.0775 0.0110 0.0020 0.0018
129 0.1270 0.3672 0.2861 0.1906 0.0148 0.0145
130 0.2150 0.2117 0.1410 0.2474 0.0848 0.1000
131 0.2681 0.4026 0.2024 0.1010 0.0202 0.0058
132 0.3074 0.2145 0.3049 0.1038 0.0555 0.0140
133 0.3965 0.1110 0.0481 0.3755 0.0459 0.0229
134 0.2869 0.4275 0.0772 0.0797 0.1196 0.0092
135 0.0970 0.7690 0.0584 0.0259 0.0096 0.0398
136 0.0561 0.3774 0.3716 0.1549 0.0082 0.0315
137 0.2092 0.3342 0.1052 0.3240 0.0139 0.0135
138 0.1075 0.3313 0.5210 0.0169 0.0219 0.0013
139 0.1997 0.2952 0.3191 0.0316 0.1519 0.0027
140 0.0652 0.5010 0.2188 0.1153 0.0196 0.0805
141 0.3245 0.4102 0.1581 0.0833 0.0173 0.0067
142 0.0557 0.6787 0.1637 0.0761 0.0171 0.0087
143 0.0583 0.5884 0.2822 0.0461 0.0084 0.0166
144 0.0178 0.8931 0.0756 0.0086 0.0011 0.0040
145 0.1674 0.5620 0.1942 0.0645 0.0092 0.0028
146 0.1420 0.3799 0.3223 0.1323 0.0194 0.0044
147 0.0293 0.6221 0.2399 0.0855 0.0038 0.0194
148 0.1169 0.4622 0.1304 0.2474 0.0230 0.0200
149 0.0884 0.2854 0.2683 0.3186 0.0180 0.0213
150 0.1172 0.2443 0.3726 0.1815 0.0734 0.0110
151 0.3062 0.3870 0.1976 0.0824 0.0240 0.0029
152 0.0679 0.5176 0.2686 0.1102 0.0274 0.0080
153 0.0793 0.7886 0.0360 0.0898 0.0024 0.0038
154 0.0869 0.4341 0.4622 0.0112 0.0051 0.0004
155 0.0157 0.9194 0.0450 0.0167 0.0010 0.0024
156 0.2037 0.3359 0.1770 0.2576 0.0067 0.0192
157 0.1869 0.6177 0.0661 0.0918 0.0307 0.0070
158 0.2925 0.3210 0.2561 0.0942 0.0209 0.0154
159 0.2223 0.4780 0.1083 0.1247 0.0363 0.0305
160 0.1436 0.0756 0.1118 0.5947 0.0283 0.0459
161 0.0558 0.1425 0.1746 0.5815 0.0233 0.0225
162 0.0966 0.4829 0.2390 0.1300 0.0432 0.0084
163 0.1289 0.7139 0.0893 0.0467 0.0022 0.0192
164 0.0130 0.9199 0.0626 0.0023 0.0020 0.0003
165 0.0318 0.5684 0.1733 0.1934 0.0155 0.0176
166 0.1625 0.2639 0.3232 0.0817 0.1550 0.0137
167 0.0434 0.7456 0.1613 0.0383 0.0027 0.0088
168 0.1548 0.3921 0.2493 0.1488 0.0430 0.0121
169 0.0870 0.1307 0.1873 0.5171 0.0109 0.0673
170 0.2056 0.1228 0.1328 0.4492 0.0153 0.0745
171 0.0832 0.4392 0.2793 0.0886 0.0914 0.0184
172 0.1049 0.4519 0.1624 0.2382 0.0271 0.0157
173 0.1243 0.4875 0.3005 0.0394 0.0420 0.0063
174 0.4280 0.4148 0.0383 0.0876 0.0119 0.0195
175 0.3611 0.1665 0.1370 0.3113 0.0147 0.0096
176 0.1556 0.5347 0.2300 0.0555 0.0160 0.0082
177 0.1099 0.0656 0.1188 0.6226 0.0053 0.0779
178 0.1899 0.2439 0.3281 0.1990 0.0317 0.0074
179 0.0842 0.7158 0.1622 0.0273 0.0094 0.0012
180 0.0858 0.7354 0.1182 0.0481 0.0041 0.0082
181 0.4421 0.1381 0.1247 0.2189 0.0481 0.0283
182 0.0863 0.6040 0.1703 0.0905 0.0083 0.0408
183 0.0303 0.7407 0.1553 0.0589 0.0076 0.0071
184 0.2260 0.1801 0.3965 0.1425 0.0215 0.0336
185 0.0770 0.3909 0.3396 0.1655 0.0228 0.0044
186 0.1897 0.2343 0.4048 0.1377 0.0284 0.0052
187 0.1740 0.3406 0.2610 0.1659 0.0547 0.0038
188 0.0613 0.5767 0.1163 0.1993 0.0383 0.0080
189 0.0609 0.8677 0.0329 0.0283 0.0026 0.0074
190 0.4219 0.2024 0.2366 0.1190 0.0145 0.0057
191 0.2223 0.0941 0.2122 0.4490 0.0105 0.0119
192 0.0701 0.4292 0.3787 0.0819 0.0141 0.0262
193 0.0546 0.8022 0.0996 0.0288 0.0015 0.0134
194 0.2654 0.1825 0.2184 0.2100 0.0903 0.0335
195 0.1285 0.3838 0.1991 0.2478 0.0150 0.0257
196 0.0386 0.5581 0.3281 0.0454 0.0190 0.0109
197 0.1351 0.5601 0.2466 0.0344 0.0231 0.0009
198 0.1214 0.2358 0.2510 0.3325 0.0426 0.0166
199 0.0714 0.5610 0.3049 0.0423 0.0186 0.0018
200 0.0457 0.1453 0.7979 0.0041 0.0070 0.0001
201 0.2048 0.5835 0.0742 0.0901 0.0297 0.0178
202 0.1768 0.1727 0.0407 0.0535 0.5488 0.0075
203 0.1483 0.3613 0.3503 0.1068 0.0199 0.0134
204 0.1611 0.4448 0.1400 0.1235 0.1107 0.0199
205 0.0231 0.4292 0.1554 0.0728 0.3188 0.0006
206 0.0731 0.3623 0.3403 0.1608 0.0479 0.0157
207 0.0720 0.3894 0.1573 0.0312 0.3438 0.0063
208 0.0513 0.4231 0.2411 0.0254 0.2566 0.0022
209 0.0496 0.4666 0.2136 0.0303 0.2346 0.0053
210 0.0439 0.4104 0.1711 0.0209 0.3511 0.0026
211 0.0331 0.5913 0.1775 0.0136 0.1831 0.0015
212 0.0497 0.4758 0.1923 0.0314 0.2468 0.0041
213 0.2905 0.1174 0.1270 0.1967 0.0807 0.1876
214 0.4795 0.3455 0.0457 0.0246 0.1021 0.0026
215 0.4795 0.3455 0.0457 0.0246 0.1021 0.0027
216 0.4768 0.3489 0.0457 0.0245 0.1015 0.0027
217 0.4719 0.3508 0.0505 0.0262 0.0974 0.0032
218 0.4719 0.3508 0.0505 0.0262 0.0974 0.0032
219 0.1136 0.1553 0.1349 0.1288 0.0181 0.4492
220 0.1136 0.1553 0.1349 0.1288 0.0181 0.4492
