time exciting_prob fearful_prob tense_prob sad_prob relaxing_prob neutral_prob
0 0.3154 0.0918 0.0523 0.2068 0.0085 0.3254
1 0.3154 0.0918 0.0523 0.2068 0.0085 0.3254
2 0.5562 0.1203 0.0777 0.1697 0.0096 0.0665
3 0.4990 0.2339 0.0901 0.1582 0.0183 0.0005
4 0.1675 0.5449 0.1099 0.1729 0.0045 0.0003
5 0.0985 0.2761 0.1305 0.2255 0.0704 0.1990
6 0.1301 0.4758 0.2196 0.0587 0.0880 0.0277
7 0.1260 0.4500 0.1643 0.1260 0.0643 0.0696
8 0.4902 0.1642 0.1094 0.1949 0.0220 0.0193
9 0.2925 0.4529 0.1615 0.0806 0.0122 0.0007
10 0.0293 0.0848 0.1881 0.2959 0.1488 0.2532
11 0.1511 0.1609 0.3950 0.0280 0.2590 0.0057
12 0.4695 0.1727 0.1500 0.1205 0.0698 0.0175
13 0.4792 0.1053 0.0915 0.2449 0.0384 0.0406
14 0.0477 0.0171 0.0704 0.4595 0.3809 0.0245
15 0.1218 0.1144 0.1539 0.1652 0.3184 0.1266
16 0.1504 0.1504 0.4634 0.1871 0.0202 0.0285
17 0.0804 0.1033 0.2328 0.4558 0.1033 0.0245
18 0.1549 0.5889 0.1755 0.0423 0.0374 0.0008
19 0.1289 0.0958 0.0872 0.6650 0.0098 0.0131
20 0.1000 0.2534 0.5708 0.0267 0.0382 0.0110
21 0.0546 0.4429 0.3728 0.0942 0.0256 0.0100
22 0.4854 0.2537 0.2039 0.0197 0.0366 0.0007
23 0.4856 0.2810 0.1412 0.0668 0.0068 0.0187
24 0.0235 0.2335 0.5264 0.1735 0.0180 0.0254
25 0.3792 0.1998 0.2354 0.0254 0.0908 0.0696
26 0.3323 0.1644 0.1863 0.0468 0.2319 0.0385
27 0.1107 0.1073 0.4312 0.0234 0.3105 0.0170
28 0.1099 0.1798 0.0421 0.1378 0.5200 0.0102
29 0.0538 0.0538 0.0426 0.3196 0.5029 0.0271
30 0.1182 0.3340 0.3289 0.1707 0.0369 0.0113
31 0.0834 0.1765 0.2302 0.4797 0.0284 0.0018
32 0.1417 0.5474 0.1104 0.1736 0.0246 0.0024
33 0.0864 0.0533 0.1093 0.7236 0.0079 0.0193
34 0.3752 0.0793 0.2832 0.0566 0.1947 0.0109
35 0.3467 0.1295 0.2086 0.0804 0.2102 0.0245
36 0.3149 0.1195 0.2017 0.2285 0.1055 0.0300
37 0.2639 0.1348 0.1066 0.3552 0.0824 0.0571
38 0.1504 0.5171 0.1436 0.1786 0.0046 0.0060
39 0.3923 0.4080 0.1216 0.0544 0.0225 0.0011
40 0.2849 0.3491 0.1798 0.0993 0.0698 0.0168
41 0.4583 0.2913 0.1699 0.0731 0.0035 0.0041
42 0.3376 0.2031 0.2607 0.0246 0.1570 0.0168
43 0.1483 0.1965 0.1146 0.3450 0.0604 0.1351
44 0.0659 0.0820 0.4038 0.3792 0.0231 0.0460
45 0.1667 0.1239 0.2314 0.4392 0.0287 0.0099
46 0.0569 0.0698 0.3684 0.4443 0.0483 0.0123
47 0.0521 0.2905 0.3674 0.2335 0.0288 0.0277
48 0.5869 0.1532 0.1450 0.0136 0.0908 0.0105
49 0.4407 0.2781 0.0946 0.1283 0.0487 0.0097
50 0.3196 0.1462 0.1213 0.4009 0.0112 0.0009
51 0.1509 0.4646 0.2886 0.0435 0.0509 0.0015
52 0.2086 0.1161 0.0856 0.3386 0.2053 0.0458
53 0.0512 0.0699 0.2600 0.3552 0.0793 0.1843
54 0.1564 0.2617 0.4453 0.0672 0.0571 0.0123
55 0.3059 0.1236 0.3232 0.0205 0.1930 0.0338
56 0.0490 0.0670 0.0509 0.2954 0.0273 0.5103
57 0.2372 0.1736 0.0936 0.1069 0.2930 0.0958
58 0.2537 0.3809 0.2292 0.0363 0.0641 0.0357
59 0.1953 0.1594 0.2145 0.2507 0.0559 0.1241
60 0.4768 0.0574 0.0645 0.1897 0.1926 0.0189
61 0.2615 0.3154 0.1346 0.2308 0.0536 0.0038
62 0.4512 0.2083 0.1824 0.0766 0.0766 0.0050
63 0.0436 0.0295 0.1078 0.1062 0.6978 0.0151
64 0.2576 0.0417 0.1074 0.5083 0.0404 0.0444
65 0.4617 0.0457 0.1030 0.2671 0.0703 0.0522
66 0.3496 0.1423 0.3723 0.1075 0.0171 0.0111
67 0.3118 0.2212 0.1231 0.0509 0.1569 0.1362
68 0.2032 0.1396 0.1233 0.0587 0.4727 0.0025
69 0.2900 0.1093 0.3235 0.1653 0.1042 0.0076
70 0.6221 0.0626 0.1549 0.0523 0.1008 0.0072
71 0.0333 0.0281 0.0504 0.0049 0.8794 0.0037
72 0.0533 0.0237 0.1642 0.1860 0.5640 0.0090
73 0.0654 0.0937 0.1281 0.1062 0.6016 0.0050
74 0.0483 0.0910 0.0709 0.0379 0.7500 0.0019
75 0.0337 0.2179 0.3884 0.3428 0.0132 0.0041
76 0.1213 0.0901 0.3977 0.3564 0.0281 0.0064
77 0.1136 0.2947 0.5508 0.0231 0.0102 0.0077
78 0.0770 0.1201 0.1495 0.4360 0.1919 0.0256
79 0.0797 0.2131 0.2251 0.0703 0.2472 0.1647
80 0.0315 0.1730 0.4214 0.3132 0.0251 0.0360
81 0.1465 0.0620 0.2377 0.3979 0.0736 0.0822
82 0.0662 0.4250 0.2499 0.2384 0.0181 0.0024
83 0.0815 0.2737 0.1881 0.3625 0.0606 0.0337
84 0.2094 0.2732 0.0735 0.3733 0.0542 0.0165
85 0.0533 0.3704 0.1130 0.3943 0.0638 0.0053
86 0.0564 0.0888 0.2267 0.5356 0.0640 0.0286
87 0.0386 0.1992 0.2944 0.0360 0.4282 0.0035
88 0.1091 0.1770 0.1826 0.4966 0.0126 0.0220
89 0.0272 0.8472 0.0529 0.0654 0.0065 0.0006
90 0.0681 0.4509 0.3623 0.0250 0.0916 0.0022
91 0.0494 0.2732 0.5186 0.0982 0.0573 0.0031
92 0.0060 0.9468 0.0443 0.0019 0.0002 0.0008
93 0.1221 0.1320 0.2793 0.3818 0.0740 0.0107
94 0.4001 0.1580 0.1394 0.0155 0.2708 0.0164
95 0.2749 0.2208 0.3213 0.0146 0.1460 0.0224
96 0.2352 0.0595 0.3264 0.0366 0.3318 0.0105
97 0.0905 0.3748 0.4814 0.0225 0.0298 0.0010
98 0.1843 0.3210 0.1403 0.3040 0.0323 0.0180
99 0.0737 0.1881 0.4956 0.1660 0.0506 0.0261
100 0.1981 0.1472 0.2192 0.0782 0.3503 0.0070
101 0.1190 0.2598 0.4668 0.0371 0.1153 0.0018
102 0.0499 0.6279 0.2238 0.0704 0.0105 0.0177
103 0.0501 0.1384 0.4070 0.1281 0.2754 0.0010
104 0.0555 0.0674 0.1165 0.0290 0.7310 0.0008
105 0.0587 0.6455 0.2568 0.0209 0.0139 0.0042
106 0.1589 0.1381 0.4058 0.0722 0.1665 0.0585
107 0.2037 0.3928 0.1870 0.1625 0.0527 0.0012
108 0.0338 0.3059 0.5122 0.1074 0.0389 0.0017
109 0.0762 0.1613 0.3523 0.3635 0.0095 0.0374
110 0.2153 0.5898 0.0955 0.0308 0.0646 0.0040
111 0.0347 0.0920 0.0191 0.0572 0.7954 0.0017
112 0.2118 0.0911 0.2021 0.2783 0.1335 0.0829
113 0.0114 0.1577 0.6191 0.1436 0.0445 0.0238
114 0.0880 0.1508 0.1250 0.1183 0.5142 0.0036
115 0.0046 0.0059 0.0109 0.0234 0.9478 0.0076
116 0.0495 0.0829 0.1388 0.6836 0.0273 0.0179
117 0.1533 0.1969 0.5972 0.0290 0.0226 0.0011
118 0.2808 0.0830 0.2764 0.3333 0.0129 0.0136
119 0.3152 0.0703 0.1356 0.4048 0.0176 0.0565
120 0.1027 0.1517 0.1747 0.5298 0.0172 0.0242
121 0.0857 0.0414 0.1180 0.7231 0.0208 0.0111
122 0.0579 0.3777 0.2720 0.2186 0.0721 0.0017
123 0.0218 0.1493 0.0285 0.5049 0.0123 0.2832
124 0.1218 0.0857 0.0684 0.6846 0.0310 0.0084
125 0.1230 0.0576 0.0826 0.6860 0.0364 0.0142
126 0.2803 0.0861 0.0666 0.5034 0.0507 0.0128
127 0.5322 0.1315 0.1178 0.1089 0.0785 0.0312
128 0.2103 0.4282 0.3037 0.0448 0.0124 0.0006
129 0.1841 0.0392 0.2053 0.3958 0.0511 0.1245
130 0.0726 0.2037 0.4521 0.1587 0.0553 0.0575
131 0.3201 0.1852 0.3225 0.1648 0.0070 0.0005
132 0.1154 0.0844 0.2405 0.3726 0.1759 0.0113
133 0.1070 0.1619 0.3374 0.2212 0.1722 0.0004
134 0.2357 0.2017 0.2113 0.2981 0.0340 0.0193
135 0.2932 0.1375 0.1984 0.2629 0.1013 0.0067
136 0.0732 0.1265 0.1501 0.4922 0.1346 0.0234
137 0.0528 0.1171 0.5088 0.2854 0.0089 0.0270
138 0.1000 0.0616 0.4146 0.0155 0.3660 0.0424
139 0.0439 0.0479 0.3916 0.0143 0.4722 0.0302
140 0.1580 0.4500 0.1875 0.0950 0.1052 0.0044
141 0.1060 0.4639 0.2644 0.0653 0.0818 0.0187
142 0.3149 0.1608 0.0809 0.2490 0.0064 0.1880
143 0.0244 0.3042 0.1102 0.0125 0.4861 0.0627
144 0.2277 0.1627 0.0415 0.0448 0.4895 0.0338
145 0.1153 0.1917 0.2639 0.0512 0.3752 0.0028
146 0.0716 0.0745 0.1962 0.0511 0.5674 0.0392
147 0.0999 0.1753 0.1365 0.0106 0.5615 0.0164
148 0.1769 0.3279 0.2720 0.1990 0.0181 0.0062
149 0.0223 0.3860 0.5117 0.0703 0.0044 0.0054
150 0.3369 0.1289 0.1426 0.1904 0.1965 0.0047
151 0.0842 0.0597 0.0495 0.7163 0.0094 0.0810
152 0.0794 0.1920 0.5181 0.1449 0.0369 0.0288
153 0.0823 0.0715 0.2310 0.5630 0.0349 0.0175
154 0.2944 0.0678 0.1843 0.2172 0.1359 0.1002
155 0.3711 0.2781 0.1809 0.0261 0.1252 0.0186
156 0.2297 0.0422 0.4641 0.1735 0.0782 0.0124
157 0.2155 0.2275 0.4153 0.1208 0.0167 0.0043
158 0.1116 0.3467 0.3633 0.1099 0.0621 0.0063
159 0.2200 0.3201 0.3408 0.0440 0.0737 0.0015
160 0.1124 0.1008 0.2717 0.0592 0.4377 0.0181
161 0.2554 0.1549 0.3894 0.0925 0.0704 0.0374
162 0.0738 0.2053 0.1143 0.5366 0.0346 0.0351
163 0.1498 0.1282 0.2249 0.4473 0.0169 0.0329
164 0.0417 0.6030 0.2676 0.0755 0.0051 0.0068
165 0.1317 0.3135 0.3782 0.1481 0.0238 0.0050
166 0.1104 0.2527 0.3564 0.2412 0.0297 0.0094
167 0.1553 0.4636 0.2856 0.0126 0.0825 0.0004
168 0.1356 0.3862 0.2417 0.1205 0.1072 0.0088
169 0.1270 0.1260 0.5557 0.0581 0.1250 0.0083
170 0.2100 0.1810 0.3831 0.1560 0.0298 0.0401
171 0.1122 0.1396 0.6113 0.0660 0.0475 0.0232
172 0.2527 0.2712 0.1877 0.0997 0.1877 0.0008
173 0.0975 0.4617 0.2866 0.0556 0.0587 0.0397
174 0.0313 0.1759 0.2683 0.4636 0.0224 0.0386
175 0.2440 0.1871 0.1108 0.3311 0.1237 0.0033
176 0.4131 0.1580 0.1183 0.2974 0.0048 0.0084
177 0.3345 0.3645 0.0943 0.1351 0.0432 0.0285
178 0.2102 0.0499 0.0359 0.1611 0.3865 0.1562
179 0.1393 0.1329 0.2028 0.3672 0.1483 0.0096
180 0.0861 0.6509 0.1766 0.0697 0.0111 0.0056
181 0.4380 0.4146 0.0511 0.0849 0.0100 0.0016
182 0.4099 0.1373 0.3093 0.0161 0.1202 0.0072
183 0.2161 0.4297 0.2030 0.1045 0.0435 0.0034
184 0.0594 0.1774 0.3018 0.3997 0.0421 0.0199
185 0.0533 0.1681 0.5957 0.1102 0.0363 0.0363
186 0.1059 0.1641 0.4529 0.2009 0.0242 0.0520
187 0.2426 0.1859 0.2157 0.1471 0.2042 0.0044
188 0.3220 0.3916 0.1545 0.0327 0.0990 0.0003
189 0.0728 0.0369 0.1553 0.1759 0.5503 0.0086
190 0.2520 0.3088 0.1200 0.2971 0.0165 0.0056
191 0.1777 0.2710 0.4434 0.0505 0.0460 0.0115
192 0.2480 0.3235 0.3391 0.0589 0.0249 0.0057
193 0.2781 0.1366 0.2455 0.0651 0.0743 0.2003
194 0.0170 0.1351 0.0529 0.7476 0.0180 0.0294
195 0.1442 0.2671 0.2734 0.2163 0.0821 0.0168
196 0.1236 0.1703 0.3606 0.1757 0.1625 0.0074
197 0.0955 0.1016 0.2805 0.4019 0.0220 0.0985
198 0.0776 0.6812 0.0581 0.1593 0.0216 0.0022
199 0.0867 0.6768 0.1453 0.0719 0.0168 0.0027
200 0.0796 0.3005 0.4011 0.1823 0.0288 0.0077
201 0.0602 0.0772 0.1714 0.6777 0.0075 0.0061
202 0.3198 0.3711 0.1865 0.0601 0.0472 0.0152
203 0.1145 0.1059 0.0864 0.5728 0.0668 0.0537
204 0.1178 0.0305 0.3462 0.2344 0.2615 0.0097
205 0.1188 0.2874 0.4280 0.0856 0.0779 0.0023
206 0.0985 0.4519 0.3521 0.0380 0.0593 0.0004
207 0.0584 0.2328 0.4851 0.1991 0.0234 0.0013
208 0.0905 0.4182 0.1161 0.1799 0.1827 0.0125
209 0.0682 0.0767 0.0223 0.1624 0.6621 0.0082
210 0.1055 0.0931 0.0251 0.1866 0.5747 0.0147
211 0.3416 0.3259 0.1652 0.0941 0.0705 0.0029
212 0.3650 0.1343 0.2284 0.1893 0.0753 0.0078
213 0.2170 0.0850 0.1827 0.4524 0.0289 0.0338
214 0.0847 0.0514 0.1252 0.4373 0.2693 0.0322
215 0.3589 0.1121 0.1593 0.2751 0.0776 0.0170
216 0.3167 0.3267 0.2280 0.1156 0.0107 0.0023
217 0.1654 0.2644 0.1628 0.3787 0.0093 0.0196
218 0.0488 0.6636 0.0688 0.0603 0.1470 0.0112
219 0.0997 0.6978 0.0770 0.0644 0.0529 0.0084
220 0.1992 0.4216 0.2422 0.0934 0.0377 0.0059
221 0.2896 0.1649 0.3630 0.1346 0.0420 0.0058
222 0.2455 0.2717 0.2803 0.1064 0.0939 0.0023
223 0.2073 0.0576 0.1746 0.5376 0.0140 0.0089
224 0.4290 0.0222 0.0599 0.4358 0.0445 0.0087
225 0.3813 0.1565 0.2207 0.1692 0.0673 0.0048
226 0.0581 0.0807 0.3191 0.4941 0.0177 0.0302
227 0.2617 0.0891 0.1515 0.3928 0.0682 0.0368
228 0.1816 0.0213 0.3669 0.0658 0.3611 0.0032
229 0.1661 0.3804 0.1255 0.3057 0.0105 0.0118
230 0.0745 0.3340 0.1903 0.3669 0.0124 0.0219
231 0.0697 0.2957 0.1895 0.0670 0.3738 0.0043
232 0.1015 0.3684 0.3276 0.1196 0.0784 0.0046
233 0.1086 0.0609 0.4099 0.3674 0.0246 0.0288
234 0.0316 0.1350 0.4292 0.3906 0.0078 0.0058
235 0.0139 0.9141 0.0315 0.0366 0.0027 0.0015
236 0.1802 0.2482 0.1257 0.0652 0.3340 0.0466
237 0.2942 0.2639 0.0994 0.0244 0.2205 0.0978
238 0.1003 0.1182 0.2107 0.2971 0.0384 0.2351
239 0.2681 0.1689 0.2966 0.1049 0.1539 0.0076
240 0.2318 0.2229 0.2373 0.1764 0.1212 0.0104
241 0.2391 0.2229 0.3293 0.1221 0.0820 0.0045
242 0.1437 0.0806 0.2522 0.3726 0.1051 0.0459
243 0.2434 0.1647 0.1726 0.2673 0.1334 0.0186
244 0.3032 0.2361 0.2324 0.1727 0.0359 0.0195
245 0.1235 0.1225 0.2915 0.3862 0.0511 0.0251
246 0.1842 0.1276 0.2170 0.3691 0.0405 0.0617
247 0.3455 0.3323 0.2196 0.0568 0.0121 0.0339
248 0.4019 0.2939 0.1160 0.1197 0.0511 0.0175
249 0.4177 0.1512 0.2289 0.1107 0.0703 0.0213
250 0.3147 0.2432 0.3350 0.0436 0.0543 0.0091
251 0.1769 0.1913 0.1561 0.4114 0.0385 0.0259
252 0.1954 0.4268 0.1954 0.0808 0.0854 0.0163
253 0.1077 0.0757 0.4192 0.2244 0.1694 0.0036
254 0.1332 0.1290 0.1632 0.3853 0.1849 0.0044
255 0.1971 0.3054 0.1796 0.1881 0.1263 0.0035
256 0.0751 0.0528 0.1403 0.3755 0.3113 0.0452
257 0.1495 0.4097 0.1394 0.2428 0.0568 0.0017
258 0.0420 0.1305 0.3279 0.3545 0.1422 0.0029
259 0.2159 0.3452 0.1876 0.0428 0.0929 0.1156
260 0.2401 0.3835 0.1743 0.0101 0.0308 0.1611
261 0.2311 0.1317 0.1237 0.4385 0.0225 0.0524
262 0.2600 0.5293 0.1002 0.0678 0.0280 0.0149
263 0.0962 0.1065 0.5850 0.0985 0.0570 0.0570
264 0.2125 0.2815 0.2927 0.1309 0.0663 0.0160
265 0.2852 0.0441 0.0710 0.3662 0.0683 0.1650
266 0.4749 0.1298 0.2140 0.0892 0.0349 0.0572
267 0.1230 0.1461 0.2485 0.3911 0.0690 0.0222
268 0.1854 0.1561 0.2534 0.2827 0.0667 0.0557
269 0.1181 0.0684 0.1614 0.4121 0.1181 0.1218
270 0.2261 0.2686 0.0717 0.1011 0.3164 0.0164
271 0.0688 0.8252 0.0465 0.0519 0.0062 0.0014
272 0.3384 0.1400 0.0940 0.0743 0.3333 0.0202
273 0.0579 0.4846 0.3835 0.0410 0.0276 0.0053
274 0.0751 0.3965 0.3667 0.0942 0.0274 0.0402
275 0.2228 0.1438 0.1935 0.2371 0.0497 0.1531
276 0.4907 0.1045 0.0493 0.1892 0.0095 0.1569
277 0.2881 0.5054 0.0572 0.0188 0.1201 0.0103
278 0.2888 0.5068 0.0534 0.0168 0.1242 0.0097
279 0.2976 0.4985 0.0513 0.0158 0.1281 0.0087
280 0.2954 0.5024 0.0505 0.0155 0.1271 0.0089
