time exciting_prob fearful_prob tense_prob sad_prob relaxing_prob neutral_prob
0 0.0062 0.0512 0.0235 0.8936 0.0231 0.0024
1 0.0057 0.1934 0.0270 0.7529 0.0199 0.0013
2 0.0216 0.2891 0.0597 0.5571 0.0709 0.0016
3 0.1753 0.3030 0.4014 0.0703 0.0135 0.0365
4 0.0926 0.0646 0.1049 0.5850 0.0200 0.1327
5 0.1855 0.2656 0.1326 0.2896 0.0488 0.0779
6 0.1404 0.2465 0.1472 0.3818 0.0363 0.0478
7 0.1735 0.0921 0.3342 0.3318 0.0126 0.0559
8 0.0579 0.1466 0.2201 0.5449 0.0184 0.0122
9 0.0674 0.1250 0.1331 0.6152 0.0446 0.0148
10 0.0794 0.2952 0.1847 0.2729 0.0643 0.1036
11 0.0727 0.0817 0.1743 0.5718 0.0218 0.0779
12 0.1501 0.1661 0.2134 0.3601 0.0791 0.0310
13 0.0797 0.0395 0.1421 0.5532 0.0544 0.1313
14 0.0881 0.0895 0.1821 0.5522 0.0275 0.0605
15 0.3164 0.2603 0.1011 0.1628 0.0537 0.1060
16 0.2476 0.2678 0.1245 0.2202 0.0661 0.0738
17 0.0856 0.1786 0.2639 0.4419 0.0119 0.0182
18 0.1833 0.1279 0.0577 0.6011 0.0062 0.0238
19 0.1089 0.1089 0.1598 0.5117 0.0548 0.0557
20 0.0981 0.1202 0.3071 0.3704 0.0334 0.0707
21 0.2822 0.2737 0.0720 0.3125 0.0351 0.0245
22 0.1060 0.2463 0.1831 0.3640 0.0147 0.0858
23 0.1552 0.2441 0.2073 0.3442 0.0073 0.0418
24 0.0459 0.1718 0.2008 0.4893 0.0185 0.0739
25 0.1108 0.3311 0.3110 0.2137 0.0298 0.0037
26 0.0515 0.1913 0.3987 0.3357 0.0082 0.0147
27 0.0498 0.1166 0.1521 0.6113 0.0219 0.0482
28 0.0738 0.2021 0.2874 0.3630 0.0238 0.0499
29 0.0211 0.1090 0.7686 0.0804 0.0030 0.0182
30 0.0246 0.0893 0.7417 0.1174 0.0019 0.0250
31 0.0264 0.0706 0.2209 0.6006 0.0110 0.0706
32 0.0440 0.2418 0.4734 0.1561 0.0186 0.0661
33 0.0283 0.2335 0.1416 0.5518 0.0030 0.0419
34 0.0304 0.1517 0.1361 0.6392 0.0049 0.0378
35 0.0303 0.4390 0.4390 0.0825 0.0045 0.0049
36 0.1173 0.3557 0.3699 0.1299 0.0170 0.0102
37 0.2300 0.2128 0.3882 0.1166 0.0490 0.0035
38 0.1874 0.1803 0.5054 0.0700 0.0537 0.0031
39 0.2291 0.2383 0.3035 0.1467 0.0646 0.0177
40 0.1638 0.0520 0.3259 0.2347 0.0164 0.2072
41 0.1349 0.1370 0.2258 0.4421 0.0287 0.0315
42 0.1300 0.0644 0.2212 0.3882 0.1544 0.0416
43 0.2465 0.0618 0.2949 0.3291 0.0521 0.0157
44 0.2205 0.1083 0.3721 0.2598 0.0249 0.0144
45 0.1243 0.0211 0.2673 0.5151 0.0560 0.0159
46 0.0695 0.0313 0.0717 0.7959 0.0060 0.0256
47 0.2539 0.1318 0.3904 0.1392 0.0338 0.0508
48 0.2438 0.0365 0.3333 0.3464 0.0259 0.0142
49 0.3289 0.0812 0.3965 0.1589 0.0292 0.0054
50 0.2058 0.0594 0.2332 0.4495 0.0347 0.0174
51 0.0918 0.1284 0.6577 0.0925 0.0251 0.0045
52 0.1440 0.1632 0.2693 0.3196 0.0211 0.0828
53 0.1030 0.1365 0.1476 0.5928 0.0017 0.0183
54 0.3040 0.1017 0.2725 0.2366 0.0396 0.0459
55 0.2023 0.2766 0.4216 0.0768 0.0096 0.0131
56 0.1218 0.1237 0.1638 0.5127 0.0444 0.0335
57 0.2688 0.1484 0.4226 0.0928 0.0463 0.0210
58 0.1503 0.3281 0.2720 0.2401 0.0041 0.0054
59 0.4180 0.1549 0.2554 0.1216 0.0451 0.0049
60 0.4119 0.1650 0.2239 0.1390 0.0562 0.0041
61 0.1570 0.1487 0.3826 0.2471 0.0307 0.0340
62 0.1979 0.0851 0.3210 0.3262 0.0363 0.0333
63 0.1976 0.1469 0.3157 0.3257 0.0096 0.0044
64 0.2517 0.1117 0.2292 0.3442 0.0544 0.0087
65 0.1475 0.0159 0.2712 0.5068 0.0312 0.0275
66 0.2144 0.4329 0.2429 0.0770 0.0297 0.0031
67 0.1237 0.2239 0.4854 0.1445 0.0155 0.0071
68 0.1295 0.0904 0.1335 0.5200 0.0890 0.0374
69 0.2445 0.1404 0.3728 0.1904 0.0334 0.0186
70 0.2325 0.4243 0.2289 0.0398 0.0383 0.0362
71 0.0880 0.1289 0.1165 0.4790 0.0283 0.1592
72 0.0700 0.0818 0.2260 0.6143 0.0034 0.0048
73 0.0892 0.1011 0.2074 0.5728 0.0154 0.0141
74 0.2993 0.3340 0.2622 0.0745 0.0272 0.0027
75 0.1407 0.1710 0.2301 0.0675 0.3884 0.0022
76 0.3140 0.2108 0.2108 0.1790 0.0663 0.0191
77 0.2502 0.2708 0.2445 0.1404 0.0764 0.0176
78 0.0306 0.0674 0.1593 0.6812 0.0190 0.0422
79 0.0582 0.1805 0.5308 0.1053 0.1212 0.0042
80 0.0248 0.1667 0.6294 0.1566 0.0155 0.0072
81 0.0115 0.1658 0.5103 0.2864 0.0148 0.0112
82 0.0127 0.2085 0.5850 0.1688 0.0128 0.0123
83 0.0164 0.2091 0.3340 0.3728 0.0030 0.0648
84 0.0584 0.1929 0.4556 0.1841 0.0287 0.0804
85 0.0488 0.0877 0.6792 0.1481 0.0280 0.0080
86 0.0434 0.1082 0.7002 0.1033 0.0377 0.0073
87 0.0425 0.3640 0.3394 0.1578 0.0274 0.0689
88 0.1547 0.1409 0.1880 0.1910 0.0342 0.2913
89 0.1111 0.3342 0.4570 0.0313 0.0550 0.0112
90 0.0117 0.3647 0.1984 0.4133 0.0033 0.0084
91 0.1038 0.1865 0.2321 0.4268 0.0394 0.0114
92 0.1852 0.2148 0.4375 0.1234 0.0340 0.0052
93 0.2598 0.2008 0.1516 0.2832 0.0877 0.0169
94 0.2773 0.2930 0.2708 0.0914 0.0600 0.0076
95 0.0512 0.0292 0.1678 0.7070 0.0292 0.0156
96 0.1774 0.2386 0.4636 0.0987 0.0191 0.0026
97 0.2184 0.2235 0.4480 0.0451 0.0611 0.0038
98 0.0343 0.0798 0.3105 0.5537 0.0095 0.0119
99 0.0586 0.2062 0.6108 0.0765 0.0242 0.0235
100 0.0497 0.3611 0.3447 0.1816 0.0576 0.0053
101 0.1804 0.3940 0.1981 0.1936 0.0297 0.0041
102 0.2612 0.2935 0.3740 0.0138 0.0569 0.0005
103 0.2457 0.3257 0.2152 0.1870 0.0222 0.0043
104 0.1829 0.4153 0.3184 0.0306 0.0512 0.0016
105 0.1865 0.2113 0.3887 0.1752 0.0356 0.0027
106 0.3884 0.1737 0.3594 0.0591 0.0172 0.0022
107 0.2023 0.3013 0.4558 0.0232 0.0148 0.0025
108 0.1401 0.1827 0.5630 0.0716 0.0402 0.0022
109 0.1145 0.0825 0.7012 0.0739 0.0196 0.0084
110 0.1126 0.1976 0.3157 0.3062 0.0549 0.0130
111 0.1461 0.0643 0.3792 0.2688 0.0634 0.0782
112 0.1588 0.1359 0.6279 0.0438 0.0242 0.0095
113 0.1768 0.2847 0.4917 0.0178 0.0282 0.0010
114 0.2000 0.1938 0.4333 0.1261 0.0337 0.0130
115 0.1257 0.4817 0.2969 0.0762 0.0143 0.0051
116 0.1896 0.4692 0.2396 0.0597 0.0334 0.0085
117 0.1196 0.1610 0.5488 0.0468 0.1133 0.0102
118 0.0796 0.0714 0.7671 0.0307 0.0490 0.0025
119 0.0993 0.1715 0.5986 0.0715 0.0544 0.0044
120 0.1733 0.2903 0.3503 0.1404 0.0363 0.0092
121 0.2294 0.0528 0.1349 0.3843 0.1732 0.0255
122 0.6079 0.2255 0.0579 0.0386 0.0661 0.0040
123 0.1118 0.1172 0.3901 0.2330 0.1307 0.0172
124 0.1715 0.1455 0.2515 0.4019 0.0085 0.0210
125 0.4177 0.2871 0.0348 0.0362 0.2235 0.0007
126 0.1011 0.0466 0.0892 0.6094 0.1318 0.0217
127 0.1240 0.0378 0.1472 0.5386 0.1259 0.0268
128 0.1295 0.2053 0.1378 0.2988 0.2152 0.0134
129 0.1786 0.3210 0.1172 0.2969 0.0787 0.0077
130 0.1630 0.5913 0.1329 0.0674 0.0439 0.0015
131 0.1002 0.4741 0.1401 0.2659 0.0157 0.0039
132 0.1390 0.5249 0.1758 0.1296 0.0285 0.0020
133 0.1852 0.3125 0.3174 0.1766 0.0051 0.0031
134 0.0594 0.1044 0.4712 0.2771 0.0220 0.0658
135 0.0369 0.1580 0.5425 0.2245 0.0036 0.0344
136 0.1274 0.7002 0.1490 0.0110 0.0119 0.0006
137 0.0660 0.7324 0.1824 0.0107 0.0081 0.0002
138 0.1120 0.3242 0.2428 0.3020 0.0080 0.0110
139 0.1631 0.2211 0.3069 0.2795 0.0222 0.0071
140 0.0570 0.1526 0.1959 0.5493 0.0229 0.0223
141 0.2705 0.4497 0.1919 0.0558 0.0297 0.0023
142 0.4600 0.2683 0.1614 0.0799 0.0249 0.0056
143 0.3184 0.5723 0.0739 0.0210 0.0140 0.0006
144 0.2137 0.6792 0.0745 0.0131 0.0188 0.0004
145 0.1302 0.6987 0.1487 0.0162 0.0053 0.0010
146 0.1770 0.0561 0.3574 0.3010 0.1008 0.0075
147 0.1006 0.0976 0.1534 0.6069 0.0228 0.0183
148 0.1902 0.4932 0.1180 0.1704 0.0139 0.0142
149 0.1265 0.2256 0.2852 0.1757 0.1265 0.0607
150 0.1349 0.4124 0.3340 0.0906 0.0147 0.0136
151 0.2123 0.2058 0.3904 0.1051 0.0739 0.0125
152 0.4285 0.2294 0.2441 0.0274 0.0662 0.0045
153 0.1046 0.1451 0.4834 0.1953 0.0501 0.0216
154 0.2625 0.1832 0.2708 0.1449 0.1012 0.0375
155 0.2090 0.2664 0.2174 0.2123 0.0723 0.0227
156 0.2729 0.2817 0.2448 0.1394 0.0546 0.0065
157 0.2751 0.2729 0.3672 0.0428 0.0364 0.0054
158 0.0484 0.2203 0.6577 0.0662 0.0064 0.0009
159 0.0900 0.0989 0.6865 0.0853 0.0285 0.0109
160 0.4482 0.0933 0.3464 0.0469 0.0565 0.0086
161 0.3020 0.0628 0.2124 0.3369 0.0812 0.0047
162 0.2903 0.1238 0.5176 0.0138 0.0529 0.0020
163 0.4119 0.1412 0.3184 0.0898 0.0354 0.0033
164 0.0867 0.2844 0.3826 0.1808 0.0172 0.0483
165 0.1863 0.1569 0.2111 0.3706 0.0397 0.0356
166 0.1509 0.2195 0.3508 0.1820 0.0944 0.0026
167 0.1632 0.1820 0.4167 0.1417 0.0894 0.0070
168 0.1299 0.1361 0.4324 0.2141 0.0806 0.0068
169 0.0537 0.1068 0.6343 0.1604 0.0274 0.0173
170 0.1077 0.4128 0.2316 0.1860 0.0412 0.0206
171 0.1427 0.3760 0.2175 0.2076 0.0378 0.0184
172 0.0755 0.3660 0.2052 0.3081 0.0192 0.0261
173 0.0896 0.3545 0.2593 0.2474 0.0146 0.0345
174 0.8320 0.0184 0.0051 0.1199 0.0171 0.0073
175 0.5669 0.0247 0.0148 0.3230 0.0380 0.0325
176 0.6426 0.0232 0.0119 0.2595 0.0441 0.0187
177 0.6685 0.0203 0.0105 0.2440 0.0371 0.0196
