time exciting_prob fearful_prob tense_prob sad_prob relaxing_prob neutral_prob
0 0.1136 0.1553 0.1349 0.1288 0.0181 0.4492
1 0.0837 0.0318 0.0878 0.3813 0.3936 0.0219
2 0.2211 0.0463 0.0886 0.0707 0.5688 0.0044
3 0.0867 0.1475 0.1385 0.3538 0.2588 0.0149
4 0.0981 0.1655 0.1020 0.0358 0.5962 0.0023
5 0.0807 0.1311 0.0989 0.2450 0.4368 0.0076
6 0.2104 0.2854 0.1614 0.0352 0.3062 0.0013
7 0.1681 0.3586 0.1137 0.0734 0.2815 0.0048
8 0.1649 0.3127 0.1160 0.0726 0.3330 0.0007
9 0.1968 0.3296 0.0638 0.1290 0.2754 0.0056
10 0.1458 0.1018 0.0857 0.1992 0.4634 0.0041
11 0.1533 0.0538 0.5518 0.1509 0.0860 0.0040
12 0.0619 0.1820 0.3193 0.2411 0.1907 0.0050
13 0.0828 0.4915 0.2651 0.0443 0.1149 0.0012
14 0.1616 0.0585 0.4258 0.1654 0.1875 0.0012
15 0.1295 0.2896 0.2595 0.1188 0.1990 0.0035
16 0.1680 0.3162 0.2074 0.0781 0.2278 0.0024
17 0.1941 0.2737 0.1387 0.0430 0.3459 0.0044
18 0.1810 0.0646 0.1727 0.0144 0.5664 0.0007
19 0.2852 0.0817 0.2598 0.0066 0.3662 0.0004
20 0.3762 0.0643 0.1819 0.0169 0.3589 0.0017
21 0.0840 0.1923 0.4265 0.1498 0.1451 0.0022
22 0.1840 0.1265 0.1989 0.0630 0.4243 0.0034
23 0.1516 0.3416 0.1677 0.0532 0.2832 0.0028
24 0.3003 0.0543 0.2164 0.2671 0.1547 0.0071
25 0.3506 0.1077 0.2448 0.0776 0.2177 0.0017
26 0.3184 0.0603 0.2384 0.0352 0.3469 0.0009
27 0.2001 0.3098 0.1312 0.0888 0.2671 0.0028
28 0.2358 0.2434 0.1660 0.0687 0.2844 0.0016
29 0.2238 0.2637 0.3254 0.1245 0.0437 0.0188
30 0.0555 0.2092 0.6548 0.0609 0.0129 0.0070
31 0.1761 0.2793 0.2793 0.2175 0.0339 0.0136
32 0.2313 0.1888 0.2260 0.2074 0.1307 0.0157
33 0.0589 0.3496 0.1871 0.3901 0.0061 0.0083
34 0.2559 0.0919 0.2461 0.3110 0.0898 0.0053
35 0.3081 0.0767 0.3411 0.1188 0.1537 0.0016
36 0.1483 0.0266 0.2446 0.4866 0.0859 0.0081
37 0.2212 0.3647 0.1593 0.1907 0.0546 0.0096
38 0.1054 0.3826 0.2549 0.1923 0.0605 0.0046
39 0.1852 0.0556 0.3076 0.3030 0.1420 0.0066
40 0.2583 0.0529 0.2563 0.2727 0.1554 0.0044
41 0.2112 0.0538 0.2754 0.3538 0.0990 0.0068
42 0.2522 0.0623 0.2971 0.2561 0.1278 0.0046
43 0.0526 0.4370 0.2610 0.1621 0.0854 0.0018
44 0.0471 0.5737 0.2839 0.0555 0.0388 0.0008
45 0.0714 0.3435 0.2717 0.1868 0.1225 0.0041
46 0.0579 0.4663 0.3105 0.0786 0.0849 0.0017
47 0.1893 0.1213 0.3735 0.1658 0.1486 0.0014
48 0.1548 0.1215 0.2133 0.0984 0.4111 0.0008
49 0.2115 0.1023 0.3772 0.0822 0.2252 0.0016
50 0.0731 0.3225 0.2844 0.1523 0.1647 0.0030
51 0.2004 0.3279 0.2515 0.0377 0.1812 0.0013
52 0.1012 0.1221 0.2583 0.3645 0.0865 0.0674
53 0.1141 0.5400 0.1713 0.1355 0.0219 0.0170
54 0.0810 0.2849 0.2654 0.1031 0.2634 0.0021
55 0.0836 0.2438 0.2964 0.1433 0.2308 0.0022
56 0.0430 0.2416 0.2341 0.1796 0.3005 0.0011
57 0.0460 0.0859 0.2128 0.5518 0.0505 0.0529
58 0.2590 0.0630 0.0423 0.2164 0.4141 0.0051
59 0.1880 0.0522 0.0394 0.3350 0.3738 0.0117
60 0.0797 0.0201 0.0293 0.6074 0.2454 0.0183
61 0.1758 0.1515 0.0544 0.1208 0.4778 0.0199
62 0.4937 0.1101 0.0308 0.0899 0.2747 0.0008
63 0.3926 0.0779 0.0565 0.1637 0.3057 0.0036
64 0.4312 0.1000 0.0271 0.0715 0.3689 0.0014
65 0.1101 0.0169 0.0372 0.5093 0.2993 0.0272
66 0.1133 0.0238 0.0755 0.3989 0.3689 0.0197
67 0.1545 0.0361 0.1096 0.4041 0.2756 0.0201
68 0.1208 0.1199 0.2922 0.3015 0.1481 0.0174
69 0.1039 0.0976 0.0574 0.6777 0.0630 0.0006
70 0.3623 0.0304 0.3979 0.1354 0.0560 0.0179
71 0.3782 0.0441 0.4490 0.0750 0.0431 0.0106
72 0.2993 0.2522 0.1238 0.0995 0.1979 0.0274
73 0.3086 0.1843 0.1307 0.1436 0.2009 0.0318
74 0.2268 0.1376 0.4407 0.0771 0.1014 0.0163
75 0.0720 0.0918 0.6470 0.1160 0.0579 0.0151
76 0.1648 0.0910 0.2983 0.2551 0.1548 0.0359
77 0.0069 0.0321 0.0668 0.8804 0.0133 0.0006
78 0.0168 0.0601 0.0783 0.8291 0.0137 0.0019
79 0.3940 0.1240 0.0577 0.1555 0.2177 0.0509
80 0.4053 0.0919 0.0411 0.1575 0.2966 0.0077
81 0.4197 0.1862 0.2109 0.0649 0.0493 0.0690
82 0.4336 0.2233 0.1986 0.0686 0.0329 0.0429
83 0.0621 0.0933 0.2119 0.5283 0.0993 0.0050
84 0.0758 0.0753 0.1709 0.4983 0.1763 0.0035
85 0.0934 0.0700 0.5420 0.1517 0.1360 0.0067
86 0.1088 0.1725 0.4011 0.1407 0.1752 0.0018
87 0.1000 0.1133 0.0259 0.2554 0.5000 0.0051
88 0.0981 0.1192 0.0170 0.1472 0.6152 0.0034
89 0.0512 0.0608 0.0194 0.3608 0.5010 0.0070
90 0.2307 0.1797 0.3518 0.1169 0.1124 0.0085
91 0.0950 0.0717 0.0132 0.1060 0.7134 0.0006
92 0.0409 0.0914 0.0453 0.7651 0.0546 0.0027
93 0.0544 0.0836 0.1638 0.6577 0.0363 0.0040
94 0.1943 0.1016 0.1478 0.1575 0.3958 0.0029
95 0.0690 0.1212 0.1416 0.3425 0.3218 0.0039
96 0.1437 0.1137 0.0581 0.0769 0.5864 0.0212
97 0.0675 0.1646 0.0290 0.0873 0.6406 0.0111
98 0.0902 0.1780 0.0543 0.1376 0.5356 0.0046
99 0.1434 0.1504 0.0194 0.0366 0.6479 0.0021
100 0.1014 0.2180 0.0391 0.0547 0.5835 0.0033
101 0.1002 0.0927 0.0207 0.0710 0.7065 0.0092
102 0.1643 0.1270 0.0403 0.0467 0.6201 0.0019
103 0.1423 0.1703 0.0891 0.1390 0.4558 0.0035
104 0.0588 0.0791 0.0245 0.0791 0.7563 0.0019
105 0.1307 0.1528 0.0787 0.0536 0.5815 0.0028
106 0.1713 0.2305 0.0924 0.0790 0.4207 0.0060
107 0.0734 0.1760 0.0838 0.1760 0.4358 0.0550
108 0.1935 0.1361 0.0537 0.1249 0.4863 0.0056
109 0.1145 0.1076 0.0456 0.3113 0.3997 0.0213
110 0.0842 0.1187 0.0480 0.3774 0.3435 0.0282
111 0.0933 0.1337 0.0699 0.2578 0.4248 0.0205
112 0.1168 0.1660 0.0522 0.3054 0.3406 0.0191
113 0.0035 0.0066 0.0039 0.0059 0.9800 0.0002
114 0.0072 0.0190 0.0064 0.0053 0.9619 0.0002
115 0.0432 0.1592 0.0412 0.0186 0.7358 0.0018
116 0.0325 0.1337 0.7935 0.0278 0.0110 0.0015
117 0.0321 0.1362 0.7959 0.0193 0.0126 0.0039
118 0.1276 0.5088 0.1246 0.1665 0.0647 0.0079
119 0.2148 0.4619 0.2148 0.0440 0.0640 0.0003
120 0.0569 0.2937 0.3303 0.2961 0.0203 0.0027
121 0.1324 0.3103 0.2271 0.0450 0.2847 0.0004
122 0.0740 0.1506 0.2140 0.4749 0.0832 0.0034
123 0.2263 0.2317 0.3911 0.0361 0.0989 0.0160
124 0.1917 0.1209 0.4597 0.2040 0.0168 0.0069
125 0.1899 0.1650 0.2170 0.0570 0.3691 0.0018
126 0.4866 0.1721 0.1044 0.1249 0.1103 0.0016
127 0.2302 0.1711 0.2064 0.2734 0.1054 0.0134
128 0.1000 0.0382 0.0324 0.6030 0.2184 0.0082
129 0.2986 0.1586 0.0656 0.1411 0.3281 0.0080
130 0.5815 0.1210 0.0338 0.1680 0.0734 0.0222
131 0.0874 0.4204 0.2250 0.1970 0.0591 0.0111
132 0.2827 0.0798 0.0621 0.4211 0.1501 0.0039
133 0.0998 0.0998 0.0802 0.5654 0.1522 0.0025
134 0.0484 0.2788 0.2744 0.3311 0.0272 0.0402
135 0.3438 0.2456 0.0561 0.2634 0.0883 0.0029
136 0.0923 0.0809 0.0115 0.7793 0.0204 0.0154
137 0.0895 0.0868 0.3076 0.4766 0.0261 0.0134
138 0.2913 0.1014 0.2756 0.1465 0.1837 0.0016
139 0.1559 0.0342 0.2632 0.4077 0.1365 0.0025
140 0.0883 0.0773 0.2678 0.5200 0.0359 0.0104
141 0.0313 0.1494 0.3213 0.4751 0.0183 0.0045
142 0.2126 0.2194 0.2688 0.0880 0.2109 0.0003
143 0.0641 0.3464 0.2742 0.0962 0.1898 0.0293
144 0.1658 0.3220 0.3374 0.0471 0.1222 0.0055
145 0.1354 0.4580 0.2321 0.0983 0.0670 0.0093
146 0.1394 0.1935 0.2544 0.1111 0.2998 0.0019
147 0.1259 0.1934 0.4324 0.1298 0.1154 0.0034
148 0.2260 0.2295 0.1888 0.1903 0.1577 0.0077
149 0.2175 0.2793 0.2108 0.1920 0.0706 0.0297
150 0.2644 0.1875 0.0347 0.2426 0.2708 0.0002
151 0.1545 0.4072 0.1880 0.1909 0.0543 0.0050
152 0.1412 0.2876 0.3523 0.1962 0.0127 0.0098
153 0.1897 0.5752 0.1367 0.0889 0.0045 0.0049
154 0.1963 0.5679 0.1209 0.1042 0.0026 0.0080
155 0.1436 0.1425 0.1528 0.1010 0.4597 0.0005
156 0.1750 0.1301 0.2886 0.0881 0.3171 0.0010
157 0.2966 0.4556 0.0933 0.1337 0.0135 0.0073
158 0.2546 0.4871 0.0915 0.1029 0.0316 0.0324
159 0.2366 0.3665 0.1100 0.2366 0.0280 0.0225
160 0.1100 0.1338 0.2788 0.4058 0.0662 0.0052
161 0.3035 0.2327 0.2874 0.0656 0.1099 0.0011
162 0.1522 0.1054 0.1204 0.2979 0.3196 0.0045
163 0.1433 0.4775 0.2308 0.1326 0.0146 0.0011
164 0.1283 0.4917 0.2715 0.0991 0.0067 0.0029
165 0.0928 0.4290 0.1919 0.1628 0.1173 0.0061
166 0.3743 0.1512 0.1031 0.0917 0.2781 0.0015
167 0.1433 0.1025 0.1975 0.0476 0.5083 0.0008
168 0.1052 0.1394 0.2729 0.3850 0.0944 0.0031
169 0.3923 0.1782 0.1661 0.0715 0.1912 0.0007
170 0.1053 0.1311 0.3049 0.3455 0.1078 0.0053
171 0.2593 0.1293 0.2571 0.1064 0.2454 0.0025
172 0.3479 0.2585 0.1473 0.1416 0.1013 0.0034
173 0.5176 0.1554 0.0972 0.1415 0.0812 0.0074
174 0.3123 0.1311 0.1545 0.2888 0.1130 0.0004
175 0.2957 0.1262 0.1865 0.2935 0.0975 0.0007
176 0.3752 0.2366 0.1528 0.1401 0.0948 0.0004
177 0.3577 0.1188 0.2458 0.0798 0.1870 0.0109
178 0.3289 0.2058 0.1803 0.1448 0.1361 0.0041
179 0.3440 0.1207 0.2345 0.1975 0.1033 0.0002
180 0.2732 0.0833 0.2046 0.4070 0.0316 0.0002
181 0.7280 0.0985 0.0779 0.0301 0.0646 0.0007
182 0.2629 0.0759 0.0952 0.3765 0.1835 0.0060
183 0.3882 0.1086 0.0795 0.2195 0.1907 0.0133
184 0.0953 0.3101 0.5571 0.0178 0.0181 0.0016
185 0.2034 0.1387 0.3406 0.1323 0.1837 0.0016
186 0.2345 0.1099 0.2496 0.3105 0.0925 0.0029
187 0.4243 0.1611 0.1082 0.0593 0.2456 0.0014
188 0.2954 0.1070 0.4365 0.0952 0.0614 0.0046
189 0.4512 0.0790 0.1088 0.2935 0.0655 0.0019
190 0.6846 0.0733 0.1277 0.0824 0.0298 0.0023
191 0.1443 0.0687 0.2612 0.1007 0.4241 0.0011
192 0.1462 0.0859 0.3145 0.0654 0.3792 0.0089
193 0.1041 0.1179 0.3689 0.0507 0.3411 0.0174
194 0.0511 0.3037 0.5854 0.0532 0.0060 0.0009
195 0.1500 0.2937 0.3921 0.1442 0.0176 0.0025
196 0.2423 0.1565 0.1287 0.2312 0.2386 0.0026
197 0.2400 0.1170 0.1265 0.3083 0.2053 0.0029
198 0.0479 0.2847 0.0291 0.4407 0.1971 0.0005
199 0.0776 0.3647 0.0148 0.1605 0.3821 0.0002
200 0.2627 0.2246 0.2111 0.1061 0.1952 0.0005
201 0.0988 0.1761 0.4160 0.1309 0.1761 0.0019
202 0.1223 0.0635 0.6929 0.0861 0.0348 0.0003
203 0.2522 0.2542 0.1382 0.0734 0.2793 0.0026
204 0.0529 0.2225 0.1136 0.1948 0.4158 0.0003
205 0.1164 0.2705 0.1128 0.2026 0.2971 0.0004
206 0.2522 0.2445 0.0757 0.0489 0.3757 0.0028
207 0.3198 0.1711 0.0923 0.1185 0.2800 0.0182
208 0.0976 0.1072 0.2234 0.1252 0.4441 0.0025
209 0.1208 0.0970 0.1901 0.1503 0.4351 0.0069
210 0.0761 0.2134 0.4590 0.2272 0.0236 0.0007
211 0.1581 0.3674 0.2668 0.1631 0.0439 0.0009
212 0.5239 0.1056 0.1324 0.1477 0.0869 0.0036
213 0.2671 0.1140 0.0436 0.3025 0.2690 0.0038
214 0.5596 0.1383 0.1077 0.0240 0.1694 0.0009
215 0.5518 0.1709 0.1013 0.0260 0.1497 0.0007
216 0.0988 0.1183 0.5557 0.0839 0.1427 0.0006
217 0.2010 0.3018 0.2859 0.0818 0.1278 0.0016
218 0.1898 0.1151 0.1702 0.1990 0.3230 0.0031
219 0.0953 0.1794 0.3738 0.1738 0.1766 0.0010
220 0.1304 0.3713 0.3228 0.1141 0.0583 0.0032
221 0.4209 0.0889 0.1421 0.1215 0.2235 0.0032
222 0.2720 0.1411 0.1400 0.2325 0.1160 0.0984
223 0.1141 0.1853 0.3032 0.1432 0.2435 0.0107
224 0.1337 0.2537 0.2346 0.0392 0.3335 0.0055
225 0.3513 0.1880 0.3403 0.0640 0.0547 0.0017
226 0.1899 0.1514 0.3896 0.1305 0.1357 0.0029
227 0.1774 0.0898 0.0421 0.0906 0.5952 0.0050
228 0.1155 0.1554 0.4568 0.1249 0.1437 0.0039
229 0.1793 0.1895 0.1149 0.4543 0.0419 0.0200
230 0.2820 0.4578 0.1113 0.1222 0.0266 0.0003
231 0.1638 0.5415 0.1931 0.0677 0.0333 0.0004
232 0.4900 0.1803 0.2465 0.0384 0.0445 0.0003
233 0.6812 0.1764 0.0820 0.0124 0.0478 0.0002
234 0.2617 0.4629 0.0994 0.1445 0.0312 0.0002
235 0.3643 0.4604 0.0935 0.0387 0.0432 0.0001
236 0.2961 0.5117 0.1023 0.0499 0.0401 0.0001
237 0.2729 0.4097 0.1996 0.0339 0.0839 0.0001
238 0.1616 0.1816 0.2815 0.2261 0.1483 0.0010
239 0.2549 0.2064 0.2712 0.2302 0.0350 0.0021
