time exciting_prob fearful_prob tense_prob sad_prob relaxing_prob neutral_prob
0 0.1136 0.1553 0.1349 0.1288 0.0181 0.4492
1 0.1511 0.1713 0.1252 0.2164 0.1420 0.1940
2 0.2098 0.3101 0.2002 0.1097 0.0447 0.1254
3 0.0935 0.3474 0.3643 0.1093 0.0674 0.0181
4 0.2266 0.2954 0.3853 0.0771 0.0135 0.0021
5 0.5220 0.0813 0.2012 0.1543 0.0285 0.0128
6 0.1589 0.5815 0.0411 0.1932 0.0207 0.0045
7 0.2078 0.3911 0.3193 0.0624 0.0151 0.0043
8 0.4363 0.3093 0.1936 0.0482 0.0059 0.0066
9 0.1354 0.5977 0.2001 0.0556 0.0090 0.0025
10 0.2397 0.1866 0.1115 0.4143 0.0088 0.0391
11 0.2942 0.5327 0.1170 0.0515 0.0023 0.0023
12 0.1790 0.5259 0.2043 0.0586 0.0256 0.0064
13 0.3442 0.4561 0.1058 0.0857 0.0066 0.0018
14 0.1980 0.4258 0.3423 0.0266 0.0060 0.0013
15 0.1064 0.4844 0.2083 0.1926 0.0073 0.0012
16 0.0925 0.5405 0.3489 0.0091 0.0075 0.0017
17 0.2238 0.3083 0.1562 0.2808 0.0076 0.0234
18 0.4727 0.2267 0.2590 0.0329 0.0042 0.0047
19 0.5410 0.1216 0.1265 0.1990 0.0080 0.0038
20 0.0977 0.0552 0.0417 0.4885 0.0251 0.2917
21 0.2100 0.1273 0.0977 0.3984 0.0420 0.1245
22 0.3916 0.0735 0.0432 0.4202 0.0168 0.0547
23 0.5840 0.1072 0.0223 0.2081 0.0166 0.0620
24 0.7402 0.1731 0.0103 0.0500 0.0070 0.0196
25 0.4233 0.0443 0.0151 0.3914 0.0102 0.1157
26 0.8091 0.0577 0.0103 0.0981 0.0113 0.0134
27 0.4055 0.3259 0.2499 0.0151 0.0024 0.0011
28 0.6357 0.1385 0.0534 0.0433 0.0881 0.0406
29 0.6919 0.0886 0.0375 0.0741 0.0446 0.0634
30 0.1460 0.3188 0.1460 0.3140 0.0152 0.0599
31 0.3550 0.3750 0.1327 0.1074 0.0194 0.0105
32 0.1334 0.5840 0.1366 0.0875 0.0094 0.0491
33 0.4922 0.1056 0.1107 0.1942 0.0869 0.0104
34 0.3174 0.1365 0.0502 0.0269 0.0895 0.3796
35 0.1127 0.1218 0.0864 0.2788 0.0844 0.3159
36 0.2467 0.2839 0.1342 0.2773 0.0177 0.0400
37 0.3621 0.0629 0.0916 0.4070 0.0534 0.0231
38 0.3105 0.1729 0.2272 0.2476 0.0325 0.0094
39 0.3030 0.0288 0.0766 0.5151 0.0450 0.0314
40 0.1520 0.0628 0.1543 0.5645 0.0493 0.0172
41 0.3833 0.1226 0.0359 0.1124 0.1573 0.1884
42 0.4014 0.1753 0.0359 0.1926 0.0645 0.1302
43 0.4282 0.1125 0.1009 0.2659 0.0667 0.0259
44 0.0760 0.6313 0.1547 0.1039 0.0078 0.0265
45 0.4189 0.1154 0.0496 0.2878 0.0264 0.1019
46 0.2006 0.1490 0.1913 0.3689 0.0404 0.0499
47 0.4229 0.0609 0.1331 0.2751 0.0813 0.0268
48 0.4827 0.2209 0.0361 0.0734 0.0350 0.1519
49 0.3440 0.1295 0.0160 0.0978 0.0549 0.3577
50 0.3022 0.1833 0.1593 0.3069 0.0176 0.0306
51 0.2119 0.2152 0.2273 0.2700 0.0484 0.0271
52 0.3774 0.2495 0.0335 0.0523 0.1586 0.1284
53 0.2932 0.1908 0.1670 0.2864 0.0397 0.0230
54 0.1110 0.6191 0.0474 0.0405 0.1746 0.0075
55 0.5557 0.0643 0.0886 0.2245 0.0122 0.0550
56 0.2242 0.5215 0.0684 0.0178 0.1371 0.0313
57 0.0639 0.1486 0.1908 0.5522 0.0394 0.0052
58 0.1073 0.4663 0.3630 0.0503 0.0094 0.0037
59 0.1506 0.5732 0.2316 0.0331 0.0078 0.0037
60 0.2544 0.2407 0.1019 0.3091 0.0358 0.0581
61 0.3147 0.0675 0.0578 0.4509 0.0277 0.0815
62 0.2460 0.4055 0.1337 0.0804 0.1010 0.0335
63 0.1050 0.5464 0.2620 0.0524 0.0065 0.0278
64 0.7021 0.1299 0.0474 0.0369 0.0717 0.0118
65 0.5962 0.1094 0.0406 0.0879 0.0679 0.0981
66 0.0785 0.0531 0.1489 0.2004 0.0458 0.4734
67 0.3037 0.0970 0.1479 0.2120 0.0205 0.2188
68 0.3948 0.0391 0.0304 0.1522 0.0714 0.3123
69 0.5708 0.0587 0.0261 0.1700 0.0855 0.0889
70 0.1526 0.1189 0.4629 0.2238 0.0220 0.0199
71 0.2571 0.0388 0.0288 0.4373 0.0848 0.1534
72 0.6909 0.0872 0.0328 0.0428 0.0525 0.0936
73 0.2537 0.1207 0.0786 0.4417 0.0811 0.0243
74 0.4277 0.1884 0.1073 0.2573 0.0128 0.0065
75 0.0741 0.6016 0.1593 0.0419 0.1139 0.0094
76 0.1907 0.4683 0.1450 0.0880 0.0801 0.0281
77 0.1346 0.0430 0.0798 0.6523 0.0465 0.0434
78 0.2979 0.2112 0.1923 0.2047 0.0555 0.0385
79 0.2045 0.3093 0.0880 0.1833 0.0384 0.1763
80 0.2808 0.2457 0.2135 0.2256 0.0196 0.0149
81 0.5220 0.1748 0.0485 0.0409 0.0145 0.1996
82 0.2666 0.0372 0.0690 0.4260 0.0628 0.1383
83 0.1592 0.5825 0.0997 0.0826 0.0643 0.0117
84 0.2177 0.3398 0.1497 0.0654 0.0707 0.1569
85 0.0841 0.1273 0.1713 0.5615 0.0141 0.0417
86 0.3057 0.1974 0.1179 0.3438 0.0253 0.0101
87 0.2952 0.2372 0.2094 0.2159 0.0046 0.0378
88 0.1805 0.0747 0.3647 0.3535 0.0193 0.0072
89 0.1223 0.0267 0.1214 0.6821 0.0298 0.0175
90 0.1030 0.7554 0.0875 0.0218 0.0100 0.0225
91 0.1497 0.1683 0.1139 0.5103 0.0209 0.0370
92 0.1788 0.1404 0.1591 0.4861 0.0196 0.0159
93 0.1487 0.0413 0.1194 0.4302 0.0304 0.2302
94 0.1310 0.3115 0.2666 0.2389 0.0104 0.0415
95 0.3147 0.0814 0.0356 0.3350 0.0155 0.2179
96 0.5781 0.0224 0.0214 0.2566 0.0193 0.1021
97 0.3584 0.0352 0.1164 0.4602 0.0146 0.0151
98 0.3257 0.4890 0.0721 0.0677 0.0095 0.0360
99 0.4292 0.1068 0.0406 0.1119 0.0470 0.2644
100 0.5479 0.1087 0.0814 0.1594 0.0284 0.0742
101 0.4019 0.1537 0.0897 0.2495 0.0380 0.0671
102 0.1700 0.0611 0.1356 0.4480 0.0454 0.1399
103 0.3435 0.4880 0.0889 0.0583 0.0131 0.0081
104 0.3589 0.1749 0.1260 0.3069 0.0186 0.0147
105 0.3777 0.4626 0.0325 0.0579 0.0343 0.0349
106 0.2754 0.0873 0.1670 0.2954 0.0450 0.1300
107 0.1750 0.4299 0.2080 0.0998 0.0724 0.0147
108 0.2086 0.3806 0.1783 0.1490 0.0612 0.0222
109 0.4724 0.2302 0.0625 0.1738 0.0273 0.0337
110 0.1680 0.4158 0.0384 0.0781 0.2683 0.0316
111 0.1506 0.4031 0.0485 0.2622 0.0988 0.0366
112 0.2712 0.0708 0.1909 0.4072 0.0235 0.0362
113 0.2703 0.3284 0.0488 0.1564 0.1829 0.0133
114 0.2368 0.4458 0.0781 0.0800 0.1553 0.0041
115 0.1711 0.2844 0.1685 0.3076 0.0337 0.0348
116 0.2773 0.3850 0.2566 0.0624 0.0161 0.0026
117 0.3196 0.0887 0.1545 0.3855 0.0391 0.0124
118 0.0801 0.3762 0.1260 0.1300 0.2094 0.0782
119 0.0813 0.1875 0.3291 0.2028 0.0090 0.1904
120 0.1116 0.5498 0.2086 0.0890 0.0122 0.0289
121 0.1737 0.0329 0.0262 0.6714 0.0314 0.0644
122 0.6660 0.1606 0.0413 0.0629 0.0300 0.0391
123 0.1432 0.1016 0.4998 0.1304 0.0388 0.0862
124 0.2676 0.0167 0.0269 0.6030 0.0303 0.0556
125 0.6646 0.0609 0.0363 0.1173 0.0432 0.0776
126 0.3245 0.3350 0.1122 0.1113 0.0847 0.0324
127 0.1066 0.6230 0.1058 0.0431 0.1010 0.0205
128 0.3459 0.4307 0.0660 0.0790 0.0565 0.0218
129 0.2260 0.3064 0.4124 0.0470 0.0075 0.0008
130 0.1964 0.2042 0.0825 0.1494 0.1229 0.2445
131 0.0531 0.5986 0.1216 0.1466 0.0607 0.0195
132 0.3938 0.0668 0.1555 0.3044 0.0550 0.0244
133 0.3784 0.1101 0.1615 0.2769 0.0281 0.0452
134 0.8384 0.0327 0.0152 0.0287 0.0386 0.0465
135 0.2366 0.1127 0.0662 0.4153 0.0642 0.1050
136 0.1924 0.5479 0.1282 0.0802 0.0172 0.0342
137 0.1553 0.0204 0.0603 0.6436 0.0399 0.0806
138 0.0992 0.7505 0.0354 0.0925 0.0022 0.0202
139 0.0405 0.6753 0.0819 0.1761 0.0086 0.0179
140 0.3970 0.0463 0.0425 0.3672 0.0482 0.0988
141 0.1099 0.2439 0.3958 0.2220 0.0230 0.0053
142 0.2220 0.1945 0.0993 0.3413 0.0205 0.1226
143 0.2759 0.4045 0.1824 0.0976 0.0291 0.0104
144 0.1599 0.6426 0.0811 0.0519 0.0289 0.0357
145 0.2279 0.0445 0.0347 0.4568 0.0304 0.2058
146 0.2253 0.0816 0.0458 0.4551 0.0300 0.1622
147 0.2761 0.0626 0.1688 0.3384 0.0977 0.0561
148 0.2546 0.5737 0.0685 0.0614 0.0393 0.0023
149 0.7598 0.0449 0.0475 0.1112 0.0248 0.0116
150 0.7778 0.0577 0.0302 0.0347 0.0685 0.0313
151 0.3464 0.0570 0.0365 0.2438 0.0704 0.2457
152 0.1765 0.2001 0.2649 0.2693 0.0109 0.0783
153 0.2189 0.3337 0.2223 0.1901 0.0060 0.0292
154 0.7256 0.0853 0.0329 0.0753 0.0367 0.0443
155 0.8340 0.0712 0.0497 0.0233 0.0092 0.0125
156 0.2184 0.1525 0.0939 0.1610 0.0709 0.3032
157 0.6006 0.1949 0.0559 0.0331 0.0268 0.0886
158 0.3228 0.4846 0.1254 0.0310 0.0293 0.0070
159 0.2742 0.0527 0.3206 0.2917 0.0238 0.0371
160 0.3782 0.2188 0.1886 0.1338 0.0683 0.0124
161 0.5801 0.0404 0.0682 0.2783 0.0141 0.0191
162 0.6265 0.1443 0.0241 0.0539 0.1187 0.0324
163 0.5122 0.1663 0.0360 0.1663 0.0688 0.0503
164 0.3708 0.0403 0.0778 0.4473 0.0131 0.0506
165 0.3706 0.1232 0.0273 0.4009 0.0413 0.0367
166 0.2708 0.0723 0.0879 0.3730 0.1655 0.0306
167 0.1669 0.1183 0.0638 0.6011 0.0107 0.0393
168 0.4319 0.3638 0.0652 0.1135 0.0063 0.0194
169 0.4973 0.1010 0.1002 0.2683 0.0238 0.0095
170 0.2690 0.0930 0.0789 0.3169 0.1005 0.1417
171 0.3767 0.2285 0.0634 0.1836 0.0433 0.1046
172 0.3669 0.0806 0.1494 0.2350 0.0078 0.1603
173 0.2458 0.5630 0.0401 0.0386 0.0963 0.0162
174 0.3430 0.3621 0.0195 0.1332 0.0983 0.0439
175 0.2581 0.5767 0.0668 0.0470 0.0448 0.0066
176 0.0898 0.2722 0.0438 0.4705 0.1025 0.0210
177 0.4182 0.0986 0.0941 0.2678 0.0786 0.0427
178 0.1359 0.6636 0.1257 0.0431 0.0182 0.0133
179 0.3816 0.1964 0.0914 0.2314 0.0920 0.0071
180 0.1720 0.1654 0.0781 0.4822 0.0700 0.0323
181 0.2729 0.1904 0.0505 0.3938 0.0764 0.0160
182 0.1190 0.5547 0.2241 0.0831 0.0175 0.0018
183 0.0891 0.6040 0.0627 0.2040 0.0296 0.0106
184 0.3733 0.0173 0.0770 0.4365 0.0329 0.0629
185 0.3357 0.1142 0.1478 0.3228 0.0737 0.0060
186 0.3843 0.0589 0.1425 0.3289 0.0580 0.0274
187 0.3625 0.3276 0.0999 0.0714 0.0725 0.0660
188 0.7510 0.1057 0.0570 0.0602 0.0123 0.0136
189 0.4880 0.0946 0.1727 0.1912 0.0245 0.0289
190 0.8096 0.0569 0.0334 0.0321 0.0254 0.0426
191 0.5635 0.2074 0.0642 0.0311 0.0942 0.0396
192 0.1719 0.2349 0.3904 0.1615 0.0262 0.0153
193 0.1097 0.1488 0.0461 0.6465 0.0100 0.0388
194 0.3354 0.0760 0.0797 0.4143 0.0265 0.0682
195 0.0904 0.6226 0.0557 0.2220 0.0012 0.0078
196 0.5039 0.1549 0.1016 0.2344 0.0035 0.0014
197 0.4353 0.2156 0.0276 0.0844 0.0346 0.2025
198 0.1091 0.4119 0.3308 0.1379 0.0039 0.0064
199 0.6982 0.0591 0.0204 0.1195 0.0881 0.0144
200 0.3557 0.0633 0.1102 0.4224 0.0128 0.0358
201 0.3496 0.0986 0.1626 0.3086 0.0392 0.0414
202 0.7886 0.0942 0.0258 0.0217 0.0405 0.0292
203 0.2423 0.0775 0.2441 0.3933 0.0276 0.0153
204 0.3262 0.1436 0.1403 0.1298 0.1887 0.0717
205 0.3823 0.1104 0.1271 0.3269 0.0198 0.0337
206 0.6206 0.0665 0.0167 0.1835 0.0248 0.0880
207 0.2286 0.0327 0.0854 0.5928 0.0186 0.0416
208 0.1931 0.1144 0.2766 0.3665 0.0231 0.0265
209 0.1104 0.0497 0.1736 0.5518 0.0266 0.0880
210 0.3445 0.2025 0.1172 0.2900 0.0255 0.0204
211 0.2491 0.3301 0.1442 0.2532 0.0037 0.0197
212 0.1600 0.0301 0.0877 0.5586 0.0222 0.1412
213 0.0806 0.4526 0.3015 0.1199 0.0162 0.0289
214 0.4155 0.3611 0.0512 0.0825 0.0463 0.0435
215 0.3894 0.3604 0.0557 0.1169 0.0159 0.0616
216 0.2285 0.0410 0.0475 0.6509 0.0101 0.0218
217 0.2781 0.2825 0.1572 0.1511 0.0841 0.0472
218 0.1807 0.0990 0.1658 0.5269 0.0127 0.0148
219 0.4944 0.0442 0.1156 0.2861 0.0260 0.0339
220 0.1293 0.0640 0.3354 0.3921 0.0606 0.0186
221 0.2416 0.1039 0.1622 0.4768 0.0090 0.0065
222 0.3215 0.2563 0.0718 0.0352 0.0886 0.2263
223 0.7656 0.1372 0.0165 0.0114 0.0493 0.0199
224 0.2581 0.6387 0.0541 0.0236 0.0106 0.0153
225 0.0911 0.3230 0.3958 0.1456 0.0103 0.0343
226 0.5420 0.0508 0.0360 0.2140 0.0739 0.0831
227 0.2539 0.3086 0.2499 0.1772 0.0052 0.0052
228 0.2001 0.2032 0.1006 0.2395 0.0436 0.2130
229 0.7090 0.0730 0.0281 0.0853 0.0675 0.0370
230 0.7070 0.2090 0.0270 0.0116 0.0109 0.0344
231 0.7827 0.0695 0.0258 0.0372 0.0512 0.0336
232 0.3821 0.1129 0.1240 0.1891 0.1593 0.0326
233 0.3799 0.1293 0.0539 0.0778 0.0917 0.2673
234 0.3098 0.1176 0.0453 0.0718 0.1646 0.2910
235 0.3081 0.1226 0.0823 0.2871 0.0631 0.1367
236 0.3328 0.0778 0.2235 0.2803 0.0522 0.0332
237 0.1810 0.0621 0.0454 0.4658 0.0096 0.2361
238 0.1907 0.5918 0.0820 0.1193 0.0062 0.0098
239 0.1500 0.6367 0.0640 0.0507 0.0117 0.0869
240 0.3210 0.4187 0.1172 0.1035 0.0202 0.0193
241 0.7573 0.0941 0.0162 0.0523 0.0354 0.0448
242 0.1283 0.1124 0.2869 0.3862 0.0053 0.0809
243 0.2798 0.2842 0.1646 0.2321 0.0163 0.0230
244 0.3311 0.0688 0.1296 0.3782 0.0632 0.0289
245 0.3401 0.2338 0.0659 0.1406 0.0319 0.1877
246 0.3032 0.0682 0.0410 0.2783 0.0417 0.2676
247 0.2654 0.2494 0.0097 0.3354 0.0166 0.1234
248 0.7026 0.1473 0.0460 0.0674 0.0071 0.0295
249 0.4053 0.2517 0.0225 0.0727 0.0343 0.2136
250 0.4590 0.2085 0.0631 0.0993 0.0575 0.1125
251 0.6089 0.0780 0.0699 0.2170 0.0152 0.0109
252 0.1252 0.0345 0.5884 0.1880 0.0150 0.0490
253 0.2446 0.0893 0.0554 0.1832 0.1904 0.2371
254 0.3264 0.1299 0.0633 0.1816 0.1860 0.1128
255 0.1582 0.0615 0.0938 0.6309 0.0350 0.0206
256 0.3738 0.1140 0.1476 0.2081 0.1167 0.0397
257 0.2769 0.3611 0.1154 0.0838 0.1328 0.0299
258 0.0975 0.4617 0.1243 0.2756 0.0063 0.0345
259 0.2314 0.2174 0.3315 0.1760 0.0334 0.0102
260 0.1561 0.2515 0.2069 0.3333 0.0181 0.0341
261 0.2729 0.2627 0.2448 0.1763 0.0299 0.0134
262 0.2949 0.3503 0.0872 0.2012 0.0614 0.0048
263 0.5815 0.0851 0.0673 0.2090 0.0290 0.0281
264 0.1219 0.1268 0.0864 0.6240 0.0233 0.0176
265 0.1503 0.0940 0.0985 0.3132 0.0677 0.2764
