time exciting_prob fearful_prob tense_prob sad_prob relaxing_prob neutral_prob
0 0.1136 0.1553 0.1349 0.1288 0.0181 0.4492
1 0.1271 0.1556 0.2690 0.3853 0.0171 0.0460
2 0.1949 0.0706 0.1361 0.4980 0.0568 0.0435
3 0.6328 0.0291 0.0431 0.0043 0.2896 0.0012
4 0.8086 0.0179 0.0281 0.0022 0.1427 0.0003
5 0.5469 0.0161 0.0435 0.0048 0.3879 0.0007
6 0.8120 0.0386 0.1160 0.0186 0.0132 0.0016
7 0.5356 0.0759 0.2163 0.0945 0.0530 0.0247
8 0.5601 0.0659 0.1555 0.0648 0.1111 0.0428
9 0.7456 0.0462 0.1180 0.0078 0.0798 0.0023
10 0.4312 0.0317 0.1783 0.1265 0.2202 0.0120
11 0.4148 0.2053 0.1990 0.0817 0.0940 0.0053
12 0.8560 0.0324 0.0582 0.0183 0.0319 0.0033
13 0.4724 0.1022 0.1608 0.2130 0.0400 0.0116
14 0.1168 0.0560 0.4407 0.3125 0.0342 0.0397
15 0.1401 0.0402 0.2876 0.3208 0.0622 0.1492
16 0.1220 0.0764 0.1831 0.4900 0.0751 0.0533
17 0.1210 0.2949 0.3845 0.1761 0.0154 0.0079
18 0.2173 0.0415 0.3418 0.1298 0.2542 0.0155
19 0.1088 0.0298 0.3740 0.1214 0.3569 0.0092
20 0.1757 0.0458 0.4702 0.1625 0.1001 0.0458
21 0.1227 0.1575 0.4150 0.2598 0.0191 0.0261
22 0.1052 0.2727 0.5513 0.0470 0.0196 0.0043
23 0.0737 0.1008 0.3008 0.4661 0.0255 0.0332
24 0.2150 0.3833 0.2986 0.0749 0.0228 0.0054
25 0.3872 0.0851 0.4058 0.0652 0.0428 0.0140
26 0.1738 0.4373 0.2844 0.0502 0.0337 0.0206
27 0.2781 0.1465 0.3516 0.1334 0.0186 0.0720
28 0.4521 0.1991 0.1730 0.0080 0.1613 0.0064
29 0.1981 0.0729 0.6006 0.0513 0.0224 0.0546
30 0.0540 0.0837 0.2040 0.0739 0.5718 0.0125
31 0.1494 0.4497 0.2561 0.0679 0.0493 0.0276
32 0.1570 0.0923 0.6504 0.0827 0.0135 0.0040
33 0.2006 0.0836 0.5894 0.0977 0.0234 0.0054
34 0.3718 0.1000 0.3281 0.0869 0.1065 0.0067
35 0.4485 0.2678 0.1885 0.0271 0.0667 0.0013
36 0.2013 0.0653 0.3369 0.2428 0.1427 0.0109
37 0.2444 0.1068 0.4290 0.1707 0.0308 0.0186
38 0.4861 0.2482 0.1918 0.0101 0.0572 0.0067
39 0.2207 0.1360 0.1947 0.3525 0.0399 0.0562
40 0.3801 0.3103 0.2003 0.0666 0.0216 0.0211
41 0.1367 0.0911 0.4485 0.0779 0.2363 0.0095
42 0.3364 0.0459 0.4253 0.0949 0.0878 0.0098
43 0.1727 0.1973 0.2695 0.0437 0.3152 0.0017
44 0.3313 0.1528 0.3472 0.1163 0.0489 0.0036
45 0.2573 0.2201 0.3518 0.0855 0.0816 0.0038
46 0.2366 0.3259 0.1843 0.0652 0.0699 0.1180
47 0.1614 0.3723 0.2661 0.0182 0.0157 0.1665
48 0.1527 0.1125 0.3467 0.0383 0.3413 0.0083
49 0.0568 0.6553 0.1819 0.0387 0.0669 0.0005
50 0.1995 0.1720 0.5298 0.0369 0.0525 0.0095
51 0.2328 0.0677 0.2328 0.0448 0.4150 0.0070
52 0.2583 0.1776 0.4980 0.0226 0.0384 0.0049
53 0.0600 0.1655 0.2773 0.2605 0.2299 0.0068
54 0.1199 0.3015 0.3933 0.0831 0.0994 0.0028
55 0.1453 0.0697 0.4270 0.1387 0.2114 0.0078
56 0.0453 0.2267 0.5190 0.1333 0.0703 0.0054
57 0.2090 0.4636 0.1493 0.0157 0.1602 0.0023
58 0.0584 0.6528 0.1960 0.0515 0.0408 0.0004
59 0.1407 0.3884 0.1849 0.0938 0.1879 0.0043
60 0.1382 0.1888 0.4675 0.1011 0.0706 0.0339
61 0.2017 0.4688 0.2820 0.0087 0.0204 0.0185
62 0.1478 0.4885 0.2986 0.0116 0.0119 0.0417
63 0.2151 0.3179 0.3716 0.0296 0.0548 0.0110
64 0.1182 0.3699 0.4126 0.0181 0.0787 0.0023
65 0.0969 0.1525 0.6519 0.0544 0.0371 0.0073
66 0.0890 0.1770 0.3308 0.3577 0.0220 0.0236
67 0.3999 0.1707 0.2881 0.0372 0.1003 0.0039
68 0.2130 0.1499 0.4546 0.1243 0.0468 0.0114
69 0.3528 0.1278 0.3699 0.0428 0.1027 0.0040
70 0.4778 0.0750 0.2898 0.0768 0.0320 0.0484
71 0.3118 0.4033 0.2076 0.0074 0.0581 0.0119
72 0.1605 0.1508 0.5181 0.1036 0.0517 0.0152
73 0.1736 0.1121 0.5967 0.0226 0.0908 0.0045
74 0.5127 0.1002 0.1228 0.0108 0.2461 0.0073
75 0.2261 0.0734 0.3091 0.0554 0.3289 0.0072
76 0.3416 0.1227 0.3108 0.0739 0.0627 0.0884
77 0.2898 0.2329 0.3665 0.0571 0.0528 0.0008
78 0.1249 0.3240 0.5259 0.0119 0.0084 0.0052
79 0.4446 0.1560 0.2612 0.0043 0.1324 0.0013
80 0.1526 0.2678 0.4148 0.1188 0.0362 0.0100
81 0.3679 0.2671 0.2776 0.0105 0.0388 0.0382
82 0.1940 0.3149 0.4441 0.0121 0.0112 0.0237
83 0.5063 0.2954 0.1104 0.0103 0.0644 0.0134
84 0.1984 0.1893 0.4910 0.0233 0.0967 0.0013
85 0.1793 0.1632 0.4580 0.1533 0.0252 0.0209
86 0.3589 0.1028 0.1722 0.2354 0.1129 0.0177
87 0.1106 0.2913 0.5703 0.0174 0.0044 0.0058
88 0.0939 0.3179 0.4697 0.0869 0.0271 0.0046
89 0.1084 0.3210 0.4973 0.0231 0.0125 0.0375
90 0.2837 0.4001 0.2583 0.0100 0.0155 0.0321
91 0.1945 0.2203 0.4382 0.0891 0.0343 0.0236
92 0.3496 0.4419 0.1758 0.0037 0.0177 0.0112
93 0.1550 0.2310 0.1664 0.0103 0.4348 0.0025
94 0.3228 0.1064 0.2100 0.0848 0.2554 0.0208
95 0.2452 0.3198 0.1711 0.1559 0.0176 0.0902
96 0.2227 0.1268 0.5684 0.0244 0.0206 0.0369
97 0.4465 0.2028 0.1832 0.0509 0.1120 0.0047
98 0.1450 0.3193 0.2373 0.2264 0.0680 0.0041
99 0.0497 0.3264 0.1803 0.3938 0.0375 0.0121
100 0.3787 0.1210 0.1404 0.0242 0.3140 0.0219
101 0.3162 0.1641 0.1759 0.0316 0.3018 0.0107
102 0.2949 0.1904 0.3787 0.0757 0.0254 0.0347
103 0.3074 0.1498 0.3884 0.0379 0.0937 0.0230
104 0.0586 0.6099 0.1920 0.0212 0.1165 0.0017
105 0.0277 0.4397 0.4263 0.0908 0.0140 0.0017
106 0.2264 0.1086 0.4038 0.1877 0.0521 0.0212
107 0.0704 0.2876 0.4119 0.2070 0.0097 0.0134
108 0.0324 0.5742 0.3708 0.0216 0.0002 0.0007
109 0.2100 0.1056 0.5444 0.0772 0.0259 0.0368
110 0.5522 0.0808 0.2113 0.0342 0.0388 0.0827
111 0.2468 0.4070 0.1619 0.0080 0.1724 0.0041
112 0.1606 0.1053 0.0820 0.0269 0.6206 0.0043
113 0.1383 0.0623 0.0654 0.0177 0.7139 0.0025
114 0.2512 0.1345 0.3303 0.0565 0.1283 0.0992
115 0.3950 0.0754 0.2491 0.0889 0.0766 0.1150
116 0.5796 0.1548 0.2493 0.0040 0.0077 0.0046
117 0.0623 0.4502 0.2905 0.0456 0.1508 0.0005
118 0.1072 0.2306 0.4375 0.1971 0.0112 0.0163
119 0.3740 0.2378 0.2002 0.0902 0.0938 0.0039
120 0.2864 0.0654 0.2128 0.0429 0.3853 0.0073
121 0.0463 0.4526 0.1181 0.0220 0.3582 0.0027
122 0.2673 0.2002 0.3950 0.0195 0.1072 0.0107
123 0.3081 0.0869 0.3491 0.2052 0.0289 0.0218
124 0.2391 0.3850 0.2976 0.0299 0.0387 0.0096
125 0.3145 0.1130 0.3562 0.0680 0.1271 0.0212
126 0.1220 0.0674 0.3020 0.4678 0.0256 0.0152
127 0.1956 0.2512 0.4548 0.0284 0.0692 0.0008
128 0.3689 0.1133 0.2656 0.0440 0.1869 0.0213
129 0.3616 0.1832 0.3879 0.0159 0.0446 0.0070
130 0.0871 0.3965 0.2260 0.2405 0.0381 0.0120
131 0.1445 0.5005 0.3132 0.0109 0.0185 0.0122
132 0.3770 0.2452 0.1940 0.0413 0.1365 0.0060
133 0.0778 0.2080 0.5146 0.0506 0.1292 0.0197
134 0.2720 0.1991 0.4348 0.0338 0.0540 0.0063
135 0.0695 0.1980 0.6392 0.0800 0.0069 0.0064
136 0.3657 0.2289 0.2515 0.0962 0.0374 0.0203
137 0.1331 0.1290 0.2487 0.4719 0.0108 0.0065
138 0.2886 0.3271 0.2128 0.1113 0.0538 0.0064
139 0.1554 0.3669 0.2903 0.1003 0.0599 0.0274
140 0.2488 0.1462 0.3975 0.1683 0.0242 0.0148
141 0.2834 0.1932 0.3088 0.1692 0.0372 0.0082
142 0.1428 0.3733 0.3704 0.0605 0.0367 0.0164
143 0.2046 0.0577 0.3591 0.3218 0.0443 0.0126
144 0.2208 0.2856 0.2903 0.1641 0.0268 0.0125
145 0.2223 0.3552 0.2520 0.0971 0.0421 0.0315
146 0.0582 0.4648 0.2488 0.2000 0.0244 0.0038
147 0.2673 0.0720 0.6025 0.0298 0.0243 0.0044
148 0.0439 0.1174 0.5020 0.2372 0.0258 0.0735
149 0.0936 0.2839 0.5474 0.0538 0.0195 0.0016
150 0.1261 0.3481 0.2356 0.0685 0.0753 0.1462
151 0.2161 0.1147 0.3093 0.2487 0.0839 0.0273
152 0.0506 0.4478 0.4409 0.0159 0.0440 0.0006
153 0.0845 0.1831 0.3938 0.1566 0.1720 0.0099
154 0.2717 0.3032 0.1254 0.2554 0.0315 0.0127
155 0.0819 0.7412 0.1578 0.0024 0.0165 0.0001
156 0.1077 0.6294 0.1129 0.1094 0.0384 0.0022
157 0.0776 0.1497 0.4070 0.1241 0.2247 0.0169
158 0.1055 0.1766 0.4043 0.0319 0.2734 0.0083
159 0.1389 0.1703 0.2021 0.4556 0.0080 0.0249
160 0.1958 0.2167 0.5000 0.0149 0.0143 0.0583
161 0.0759 0.0307 0.1698 0.1365 0.4990 0.0881
162 0.0983 0.2800 0.3430 0.1752 0.0719 0.0316
163 0.1133 0.2344 0.3923 0.0531 0.1884 0.0185
164 0.0753 0.6709 0.1952 0.0192 0.0387 0.0009
165 0.2986 0.4080 0.1245 0.0407 0.1225 0.0059
166 0.2625 0.3643 0.1846 0.1531 0.0184 0.0173
167 0.2749 0.4602 0.1437 0.0360 0.0818 0.0034
168 0.1501 0.3958 0.2515 0.1812 0.0163 0.0050
169 0.0685 0.5146 0.3945 0.0153 0.0033 0.0037
170 0.0892 0.1010 0.2703 0.5054 0.0079 0.0264
171 0.1637 0.2874 0.3689 0.1663 0.0059 0.0077
172 0.0569 0.2510 0.5483 0.1114 0.0192 0.0130
173 0.1482 0.1436 0.3965 0.2812 0.0088 0.0217
174 0.2443 0.3933 0.3262 0.0101 0.0134 0.0129
175 0.2383 0.3035 0.3662 0.0282 0.0200 0.0437
176 0.3289 0.2522 0.1238 0.1403 0.0608 0.0942
177 0.1807 0.5396 0.2588 0.0045 0.0085 0.0080
178 0.1187 0.5361 0.3252 0.0068 0.0035 0.0094
179 0.2520 0.3186 0.3555 0.0463 0.0194 0.0084
180 0.3054 0.2493 0.3030 0.0164 0.1224 0.0036
181 0.1486 0.2095 0.1581 0.0295 0.4470 0.0075
182 0.1205 0.1454 0.6514 0.0391 0.0391 0.0045
183 0.2646 0.0914 0.2646 0.2448 0.0989 0.0358
184 0.0244 0.4634 0.4287 0.0580 0.0246 0.0010
185 0.0762 0.2327 0.1885 0.1152 0.0933 0.2942
186 0.2456 0.1929 0.2871 0.1537 0.0273 0.0933
187 0.1641 0.5464 0.2350 0.0130 0.0402 0.0015
188 0.3613 0.2996 0.2949 0.0191 0.0143 0.0104
189 0.2109 0.2930 0.3167 0.0833 0.0614 0.0347
190 0.3108 0.3035 0.3035 0.0052 0.0626 0.0144
191 0.0903 0.3684 0.2269 0.2612 0.0332 0.0198
192 0.1407 0.2322 0.4763 0.0881 0.0502 0.0124
193 0.1479 0.1469 0.5498 0.1306 0.0177 0.0070
194 0.0396 0.1859 0.3528 0.3115 0.0075 0.1027
195 0.1750 0.1013 0.3945 0.0718 0.2145 0.0429
196 0.1071 0.0735 0.2527 0.4041 0.0522 0.1104
197 0.1282 0.1387 0.1243 0.0591 0.4993 0.0506
198 0.0645 0.0961 0.2083 0.5483 0.0720 0.0108
199 0.1124 0.1421 0.2379 0.1926 0.2915 0.0236
200 0.0865 0.1147 0.1012 0.0156 0.6812 0.0009
201 0.0837 0.2206 0.3579 0.0870 0.2461 0.0047
202 0.0443 0.2114 0.3274 0.3486 0.0182 0.0502
203 0.0720 0.4338 0.4407 0.0487 0.0024 0.0024
204 0.2900 0.3555 0.3186 0.0050 0.0233 0.0077
205 0.2404 0.4219 0.2500 0.0652 0.0132 0.0093
206 0.2590 0.0968 0.5615 0.0241 0.0440 0.0148
207 0.4160 0.1965 0.3140 0.0206 0.0467 0.0063
208 0.1305 0.2808 0.3662 0.1599 0.0360 0.0267
209 0.0187 0.0775 0.1110 0.7583 0.0215 0.0128
210 0.1440 0.3247 0.3855 0.1185 0.0134 0.0138
211 0.1212 0.2448 0.4099 0.1848 0.0155 0.0239
212 0.0632 0.0721 0.1083 0.0780 0.6333 0.0452
213 0.1614 0.2040 0.2578 0.2703 0.0383 0.0683
214 0.0556 0.5278 0.1661 0.1142 0.1356 0.0005
215 0.1852 0.2532 0.4802 0.0597 0.0188 0.0030
216 0.0798 0.2920 0.4053 0.1855 0.0240 0.0135
217 0.5420 0.1707 0.1628 0.0418 0.0793 0.0033
218 0.1454 0.0803 0.2844 0.1571 0.1547 0.1781
219 0.1504 0.2725 0.2329 0.2329 0.0647 0.0466
220 0.0486 0.3821 0.5308 0.0273 0.0066 0.0049
221 0.3623 0.2375 0.3738 0.0079 0.0148 0.0037
222 0.4346 0.2615 0.1825 0.0386 0.0755 0.0075
223 0.0489 0.3669 0.2124 0.3289 0.0349 0.0080
224 0.0643 0.2108 0.1949 0.2075 0.2881 0.0341
225 0.0817 0.3721 0.3284 0.0856 0.1266 0.0056
226 0.1904 0.5386 0.1655 0.0244 0.0764 0.0048
227 0.1339 0.1404 0.4392 0.1980 0.0609 0.0276
228 0.3030 0.1768 0.4307 0.0616 0.0239 0.0038
229 0.2003 0.2200 0.2200 0.1635 0.0367 0.1597
230 0.0624 0.2390 0.5645 0.0372 0.0936 0.0031
231 0.0704 0.3333 0.3604 0.1170 0.1152 0.0037
232 0.1478 0.0570 0.3604 0.3604 0.0200 0.0544
233 0.0858 0.4158 0.4290 0.0301 0.0151 0.0242
234 0.4175 0.0903 0.2717 0.1151 0.0433 0.0621
235 0.2947 0.2224 0.3726 0.0244 0.0402 0.0459
236 0.1144 0.2172 0.3159 0.2744 0.0240 0.0540
237 0.0962 0.3206 0.5122 0.0473 0.0116 0.0124
238 0.1323 0.4690 0.2981 0.0410 0.0583 0.0014
239 0.2281 0.2668 0.4397 0.0339 0.0311 0.0003
240 0.1594 0.1644 0.3823 0.2430 0.0324 0.0182
241 0.8823 0.0130 0.0615 0.0204 0.0176 0.0052
242 0.0757 0.1370 0.2224 0.0608 0.5010 0.0030
243 0.1614 0.1470 0.2744 0.0165 0.3994 0.0014
244 0.0845 0.0865 0.0628 0.0231 0.7417 0.0015
245 0.2205 0.0891 0.1469 0.2920 0.0716 0.1799
246 0.1719 0.1403 0.1257 0.3018 0.1110 0.1493
247 0.5000 0.3032 0.1133 0.0083 0.0698 0.0051
248 0.5054 0.2925 0.1163 0.0086 0.0717 0.0054
249 0.5054 0.2927 0.1164 0.0084 0.0717 0.0053
250 0.5063 0.2930 0.1165 0.0084 0.0707 0.0052
251 0.5063 0.2930 0.1165 0.0084 0.0707 0.0052
252 0.5083 0.2942 0.1116 0.0078 0.0732 0.0048
253 0.4963 0.3154 0.1041 0.0066 0.0738 0.0037
254 0.4414 0.4019 0.0755 0.0064 0.0709 0.0038
255 0.1136 0.1553 0.1349 0.1288 0.0181 0.4492
256 0.1136 0.1553 0.1349 0.1288 0.0181 0.4492
