time exciting_prob fearful_prob tense_prob sad_prob relaxing_prob neutral_prob
0 0.1656 0.1876 0.0648 0.2729 0.0183 0.2905
1 0.1744 0.1379 0.0515 0.3157 0.0190 0.3013
2 0.0907 0.1519 0.2175 0.4751 0.0228 0.0422
3 0.6968 0.0746 0.1906 0.0294 0.0062 0.0021
4 0.3311 0.0371 0.4597 0.1423 0.0175 0.0122
5 0.1137 0.0769 0.3394 0.4094 0.0166 0.0438
6 0.7002 0.1033 0.0213 0.1009 0.0726 0.0018
7 0.3225 0.1866 0.0606 0.3125 0.0232 0.0946
8 0.8511 0.0084 0.0016 0.0940 0.0411 0.0040
9 0.1741 0.5889 0.0127 0.0074 0.2167 0.0003
10 0.1783 0.3279 0.0816 0.0430 0.3687 0.0004
11 0.1838 0.5889 0.0249 0.0587 0.1432 0.0006
12 0.2012 0.0449 0.0706 0.3115 0.2881 0.0839
13 0.2690 0.1545 0.1375 0.4202 0.0158 0.0029
14 0.2197 0.6309 0.0364 0.0072 0.1054 0.0006
15 0.3269 0.3169 0.2932 0.0538 0.0062 0.0030
16 0.2651 0.0457 0.1558 0.3350 0.1633 0.0350
17 0.1445 0.1161 0.1492 0.3931 0.0455 0.1515
18 0.0798 0.1514 0.2827 0.4312 0.0398 0.0152
19 0.0550 0.7417 0.1566 0.0030 0.0435 0.0002
20 0.1564 0.6899 0.0705 0.0039 0.0792 0.0002
21 0.1063 0.2216 0.3379 0.2844 0.0327 0.0172
22 0.2502 0.2686 0.3115 0.0845 0.0806 0.0043
23 0.2913 0.4172 0.2048 0.0353 0.0472 0.0043
24 0.4839 0.2451 0.1620 0.0596 0.0426 0.0068
25 0.2007 0.3779 0.3606 0.0225 0.0160 0.0223
26 0.3347 0.3762 0.1417 0.0649 0.0690 0.0136
27 0.2125 0.1405 0.3118 0.1891 0.1331 0.0131
28 0.0710 0.0699 0.1066 0.6738 0.0162 0.0627
29 0.1787 0.2207 0.2683 0.2520 0.0580 0.0222
30 0.1605 0.4365 0.1631 0.0361 0.1982 0.0055
31 0.2871 0.1304 0.2961 0.1081 0.1598 0.0186
32 0.1169 0.2020 0.3438 0.2893 0.0177 0.0303
33 0.2406 0.2333 0.3420 0.0942 0.0508 0.0390
34 0.2625 0.5386 0.1004 0.0623 0.0344 0.0020
35 0.2505 0.3140 0.1052 0.2108 0.1069 0.0127
36 0.2927 0.5098 0.0572 0.0309 0.1085 0.0008
37 0.0262 0.0758 0.3506 0.4036 0.0207 0.1230
38 0.0410 0.3152 0.4587 0.1688 0.0106 0.0055
39 0.2429 0.4609 0.2078 0.0521 0.0209 0.0153
40 0.1161 0.2874 0.3662 0.1445 0.0651 0.0205
41 0.4158 0.2157 0.0972 0.0224 0.2444 0.0046
42 0.2126 0.4717 0.2159 0.0074 0.0900 0.0023
43 0.0367 0.0707 0.0839 0.6914 0.0568 0.0604
44 0.1571 0.1809 0.3030 0.2512 0.0468 0.0611
45 0.1002 0.0452 0.1287 0.6533 0.0341 0.0386
46 0.1459 0.0412 0.3137 0.4426 0.0352 0.0214
47 0.0956 0.0898 0.1154 0.6045 0.0627 0.0318
48 0.1368 0.3550 0.1246 0.0223 0.3606 0.0009
49 0.2317 0.4067 0.2627 0.0066 0.0914 0.0010
50 0.1938 0.2163 0.4302 0.0433 0.0530 0.0634
51 0.0581 0.4941 0.4033 0.0283 0.0082 0.0082
52 0.0958 0.0746 0.2125 0.5342 0.0238 0.0590
53 0.1464 0.3738 0.1685 0.0197 0.2910 0.0008
54 0.3154 0.5078 0.1216 0.0077 0.0451 0.0025
55 0.0958 0.6196 0.1508 0.0071 0.1260 0.0007
56 0.2954 0.3853 0.2507 0.0123 0.0534 0.0032
57 0.0346 0.0971 0.2639 0.5332 0.0188 0.0520
58 0.0851 0.1145 0.1830 0.5210 0.0623 0.0341
59 0.4822 0.3088 0.1076 0.0292 0.0684 0.0037
60 0.0951 0.1362 0.5913 0.1362 0.0125 0.0285
61 0.2798 0.2111 0.1021 0.0833 0.3218 0.0019
62 0.1157 0.1232 0.0664 0.3853 0.3047 0.0047
63 0.0162 0.7734 0.2050 0.0027 0.0025 0.0004
64 0.1097 0.3125 0.4207 0.1132 0.0208 0.0232
65 0.3538 0.2510 0.1570 0.1570 0.0736 0.0078
66 0.2360 0.1023 0.3076 0.2891 0.0472 0.0178
67 0.2054 0.6528 0.1010 0.0015 0.0386 0.0004
68 0.0761 0.8374 0.0720 0.0010 0.0133 0.0001
69 0.3557 0.5093 0.0474 0.0017 0.0858 0.0001
70 0.3630 0.3601 0.0259 0.0015 0.2494 0.0002
71 0.2532 0.5659 0.1006 0.0191 0.0556 0.0057
72 0.0516 0.1257 0.3933 0.3162 0.0255 0.0878
73 0.0764 0.1831 0.3367 0.3584 0.0292 0.0161
74 0.1160 0.5449 0.2418 0.0184 0.0779 0.0011
75 0.0142 0.3303 0.0835 0.5532 0.0011 0.0179
76 0.1814 0.4668 0.2172 0.0683 0.0566 0.0096
77 0.2087 0.6187 0.1481 0.0028 0.0215 0.0004
78 0.3794 0.2468 0.1656 0.0043 0.2030 0.0009
79 0.5522 0.1262 0.1149 0.0815 0.1223 0.0026
80 0.1606 0.6108 0.1300 0.0086 0.0894 0.0005
81 0.0617 0.2854 0.3665 0.2559 0.0071 0.0234
82 0.1718 0.5991 0.1677 0.0371 0.0166 0.0074
83 0.2769 0.5054 0.1565 0.0023 0.0580 0.0009
84 0.6558 0.2301 0.0439 0.0136 0.0419 0.0147
85 0.0487 0.4048 0.3303 0.1537 0.0561 0.0064
86 0.3674 0.3452 0.1462 0.0446 0.0866 0.0099
87 0.3010 0.1346 0.1770 0.2537 0.1276 0.0061
88 0.0980 0.1371 0.1628 0.4824 0.0246 0.0950
89 0.1312 0.3740 0.3250 0.1559 0.0095 0.0045
90 0.1741 0.5664 0.1561 0.0579 0.0362 0.0093
91 0.1064 0.3628 0.3987 0.0862 0.0298 0.0161
92 0.1360 0.3162 0.4390 0.0912 0.0050 0.0128
93 0.2468 0.1937 0.1619 0.0586 0.3374 0.0017
94 0.0976 0.1881 0.3149 0.3250 0.0353 0.0391
95 0.2507 0.0930 0.3943 0.2283 0.0258 0.0081
96 0.0322 0.4656 0.4375 0.0483 0.0041 0.0122
97 0.0886 0.1120 0.4360 0.2859 0.0195 0.0581
98 0.2239 0.0477 0.0424 0.3691 0.3108 0.0060
99 0.1377 0.0161 0.1215 0.6777 0.0161 0.0307
100 0.2191 0.5342 0.2175 0.0084 0.0196 0.0013
101 0.2133 0.3572 0.1023 0.1106 0.2100 0.0068
102 0.2230 0.3374 0.1805 0.0199 0.2374 0.0017
103 0.1871 0.1564 0.0184 0.0044 0.6328 0.0008
104 0.3345 0.2408 0.1630 0.0533 0.2061 0.0023
105 0.1418 0.6714 0.1113 0.0092 0.0649 0.0011
106 0.1321 0.6709 0.0457 0.0139 0.1353 0.0022
107 0.0642 0.7520 0.0994 0.0161 0.0673 0.0010
108 0.3767 0.4043 0.1262 0.0064 0.0861 0.0005
109 0.0583 0.7393 0.1742 0.0194 0.0075 0.0015
110 0.0916 0.7979 0.0724 0.0168 0.0200 0.0014
111 0.2983 0.2915 0.1912 0.0236 0.1912 0.0041
112 0.1495 0.6196 0.2012 0.0081 0.0170 0.0046
113 0.0532 0.6484 0.2744 0.0156 0.0073 0.0010
114 0.2505 0.4790 0.1920 0.0372 0.0381 0.0030
115 0.1484 0.2605 0.3293 0.2300 0.0068 0.0248
116 0.0831 0.7827 0.0980 0.0266 0.0040 0.0055
117 0.2108 0.4062 0.3699 0.0050 0.0072 0.0009
118 0.0601 0.5659 0.2435 0.0924 0.0324 0.0055
119 0.1814 0.4778 0.2517 0.0496 0.0180 0.0215
120 0.1921 0.1804 0.3882 0.1833 0.0138 0.0422
121 0.3010 0.3774 0.2615 0.0104 0.0465 0.0032
122 0.1871 0.6382 0.1199 0.0162 0.0338 0.0049
123 0.3840 0.1946 0.3691 0.0175 0.0320 0.0026
124 0.4658 0.1610 0.3276 0.0061 0.0356 0.0039
125 0.2886 0.1417 0.4399 0.1113 0.0128 0.0056
126 0.1405 0.0944 0.5869 0.0944 0.0195 0.0643
127 0.1382 0.0435 0.4192 0.3757 0.0109 0.0126
128 0.0840 0.6401 0.1497 0.0542 0.0696 0.0023
129 0.2856 0.1787 0.4785 0.0126 0.0408 0.0037
130 0.0677 0.1171 0.2766 0.4778 0.0261 0.0346
131 0.0875 0.4241 0.2341 0.1560 0.0420 0.0565
132 0.0977 0.4590 0.2496 0.1688 0.0123 0.0124
133 0.3391 0.2664 0.3696 0.0050 0.0191 0.0008
134 0.3792 0.3479 0.2391 0.0046 0.0264 0.0030
135 0.2783 0.2362 0.4050 0.0320 0.0327 0.0157
136 0.1774 0.1591 0.5815 0.0438 0.0220 0.0161
137 0.3623 0.2471 0.3430 0.0304 0.0147 0.0023
138 0.5098 0.1382 0.3140 0.0076 0.0294 0.0013
139 0.0678 0.5767 0.2900 0.0034 0.0618 0.0001
140 0.0784 0.3223 0.3594 0.1780 0.0148 0.0471
141 0.0924 0.1547 0.3828 0.3328 0.0128 0.0245
142 0.3630 0.2761 0.3081 0.0077 0.0430 0.0017
143 0.3696 0.2622 0.2561 0.0618 0.0438 0.0065
144 0.4287 0.2947 0.2224 0.0107 0.0386 0.0051
145 0.1570 0.1533 0.6255 0.0279 0.0275 0.0087
146 0.2201 0.2915 0.4480 0.0131 0.0205 0.0067
147 0.1726 0.6719 0.1205 0.0060 0.0282 0.0006
148 0.3545 0.1755 0.4177 0.0291 0.0210 0.0021
149 0.0920 0.1565 0.6484 0.0775 0.0175 0.0081
150 0.1320 0.3672 0.4568 0.0159 0.0186 0.0096
151 0.1962 0.2008 0.5674 0.0091 0.0215 0.0048
152 0.2646 0.0764 0.2410 0.3506 0.0250 0.0422
153 0.3372 0.3167 0.3044 0.0160 0.0118 0.0138
154 0.2085 0.1169 0.3835 0.2476 0.0220 0.0215
155 0.0619 0.6201 0.1722 0.1202 0.0171 0.0083
156 0.1226 0.7280 0.1207 0.0081 0.0195 0.0011
157 0.1293 0.6772 0.1635 0.0053 0.0206 0.0040
158 0.2183 0.1500 0.4272 0.0854 0.0606 0.0583
159 0.3110 0.1886 0.4597 0.0155 0.0194 0.0057
160 0.2059 0.4192 0.1137 0.0082 0.2522 0.0006
161 0.1032 0.2939 0.2052 0.1388 0.2515 0.0074
162 0.1288 0.2644 0.4224 0.0372 0.0980 0.0493
163 0.2600 0.1732 0.5093 0.0166 0.0323 0.0088
164 0.3508 0.1952 0.3677 0.0041 0.0814 0.0008
165 0.1802 0.1615 0.5728 0.0323 0.0165 0.0369
166 0.1017 0.0360 0.0884 0.6846 0.0864 0.0030
167 0.2489 0.3677 0.2507 0.0271 0.0880 0.0175
168 0.1820 0.1070 0.6655 0.0078 0.0342 0.0035
169 0.2744 0.3184 0.3496 0.0272 0.0296 0.0007
170 0.1558 0.6064 0.1620 0.0108 0.0629 0.0020
171 0.2166 0.4443 0.2360 0.0153 0.0868 0.0011
172 0.1227 0.1786 0.6382 0.0109 0.0477 0.0022
173 0.1028 0.1722 0.6299 0.0021 0.0922 0.0005
174 0.1035 0.5381 0.2242 0.0485 0.0831 0.0026
175 0.0217 0.8579 0.0850 0.0280 0.0061 0.0013
176 0.1641 0.5952 0.2313 0.0024 0.0063 0.0006
177 0.1089 0.2083 0.6318 0.0457 0.0028 0.0026
178 0.2742 0.1368 0.1467 0.0767 0.3604 0.0050
179 0.2817 0.2732 0.0654 0.0056 0.3733 0.0006
180 0.2212 0.5225 0.1736 0.0605 0.0168 0.0057
181 0.2043 0.2927 0.0500 0.0063 0.4463 0.0005
182 0.2401 0.1538 0.2917 0.0167 0.2964 0.0011
183 0.0919 0.3013 0.5244 0.0211 0.0503 0.0111
184 0.3008 0.2961 0.3408 0.0091 0.0499 0.0030
185 0.1331 0.3704 0.3733 0.0196 0.1028 0.0006
186 0.2332 0.3906 0.2350 0.0331 0.1076 0.0005
187 0.1196 0.4731 0.3516 0.0468 0.0041 0.0045
188 0.2120 0.4705 0.2479 0.0466 0.0185 0.0043
189 0.1210 0.3367 0.4863 0.0290 0.0205 0.0065
190 0.0737 0.1713 0.5615 0.1740 0.0095 0.0099
191 0.2612 0.1635 0.4658 0.0822 0.0220 0.0053
192 0.1185 0.3945 0.2754 0.1892 0.0051 0.0173
193 0.0284 0.8555 0.0707 0.0388 0.0063 0.0004
194 0.0281 0.6001 0.3584 0.0114 0.0016 0.0003
195 0.5391 0.2690 0.1581 0.0040 0.0286 0.0012
196 0.0869 0.2742 0.2135 0.3105 0.0626 0.0523
197 0.0667 0.1033 0.2517 0.5010 0.0285 0.0488
198 0.1234 0.4619 0.3599 0.0410 0.0128 0.0012
199 0.1508 0.5103 0.3193 0.0116 0.0054 0.0027
200 0.4907 0.2710 0.2229 0.0072 0.0065 0.0018
201 0.3025 0.4072 0.2712 0.0014 0.0173 0.0004
202 0.1361 0.1404 0.5820 0.1201 0.0121 0.0091
203 0.0526 0.6924 0.1805 0.0654 0.0036 0.0057
204 0.3557 0.2406 0.3420 0.0137 0.0358 0.0122
205 0.3745 0.2134 0.2698 0.0984 0.0184 0.0255
206 0.1223 0.2250 0.5654 0.0625 0.0053 0.0193
207 0.2107 0.0623 0.3420 0.3584 0.0215 0.0052
208 0.3926 0.1160 0.3689 0.0368 0.0836 0.0022
209 0.1184 0.1722 0.4231 0.1998 0.0634 0.0229
210 0.0406 0.2297 0.3091 0.3240 0.0928 0.0037
211 0.0540 0.7339 0.1785 0.0029 0.0301 0.0006
212 0.0655 0.6313 0.1925 0.0142 0.0961 0.0004
213 0.1776 0.2998 0.0467 0.0040 0.4717 0.0004
214 0.1788 0.4978 0.2026 0.0294 0.0878 0.0035
215 0.0665 0.7788 0.1418 0.0072 0.0045 0.0012
216 0.2399 0.1443 0.5405 0.0332 0.0351 0.0070
217 0.4504 0.2301 0.2507 0.0093 0.0568 0.0027
218 0.1968 0.1373 0.6206 0.0260 0.0163 0.0030
219 0.0573 0.0975 0.7437 0.0748 0.0041 0.0225
220 0.0902 0.1794 0.5977 0.1088 0.0102 0.0136
221 0.0859 0.8022 0.0175 0.0062 0.0880 0.0001
222 0.1879 0.0670 0.1533 0.3794 0.1038 0.1087
223 0.0398 0.8120 0.0584 0.0090 0.0804 0.0002
224 0.0448 0.1010 0.5049 0.3311 0.0087 0.0100
225 0.2111 0.4133 0.2487 0.0450 0.0801 0.0019
226 0.0591 0.1711 0.5610 0.1583 0.0457 0.0044
227 0.0464 0.5479 0.3220 0.0353 0.0482 0.0005
228 0.0350 0.6353 0.2910 0.0186 0.0196 0.0005
229 0.0396 0.2976 0.6299 0.0104 0.0221 0.0004
230 0.0642 0.5854 0.2900 0.0105 0.0496 0.0002
231 0.0811 0.5127 0.2703 0.1126 0.0139 0.0095
232 0.0602 0.3032 0.2893 0.2362 0.0186 0.0925
233 0.1488 0.3352 0.3198 0.1534 0.0143 0.0284
234 0.0841 0.1344 0.4207 0.3125 0.0122 0.0362
