time exciting_prob fearful_prob tense_prob sad_prob relaxing_prob neutral_prob
0 0.0687 0.0373 0.1243 0.6616 0.0436 0.0645
1 0.2451 0.0457 0.1282 0.5522 0.0153 0.0133
2 0.2051 0.0457 0.1868 0.5073 0.0320 0.0230
3 0.1711 0.0345 0.1909 0.5791 0.0059 0.0183
4 0.3525 0.0512 0.0637 0.5132 0.0094 0.0099
5 0.2710 0.0314 0.1593 0.3320 0.1428 0.0634
6 0.2318 0.0422 0.1697 0.1428 0.3882 0.0252
7 0.2544 0.0486 0.1362 0.1147 0.4329 0.0131
8 0.1687 0.0359 0.0592 0.6270 0.0454 0.0640
9 0.4587 0.2117 0.0779 0.0962 0.0947 0.0607
10 0.4988 0.0834 0.0327 0.0814 0.0840 0.2196
11 0.2532 0.0167 0.2133 0.4309 0.0267 0.0592
12 0.1373 0.0207 0.0581 0.7422 0.0165 0.0250
13 0.1664 0.0455 0.0540 0.6382 0.0622 0.0338
14 0.1207 0.1624 0.4924 0.1783 0.0194 0.0267
15 0.1132 0.0373 0.0803 0.7383 0.0142 0.0167
16 0.1416 0.2861 0.5259 0.0116 0.0196 0.0150
17 0.1718 0.2422 0.5542 0.0140 0.0129 0.0050
18 0.2338 0.1166 0.0577 0.4333 0.0223 0.1364
19 0.1764 0.1395 0.4946 0.1353 0.0201 0.0339
20 0.1879 0.0591 0.1070 0.6255 0.0112 0.0093
21 0.2418 0.0307 0.0704 0.6270 0.0081 0.0218
22 0.3787 0.0818 0.0899 0.2296 0.0093 0.2107
23 0.1511 0.0394 0.0681 0.6567 0.0476 0.0370
24 0.1572 0.2673 0.3276 0.1523 0.0302 0.0650
25 0.1593 0.2335 0.2061 0.2952 0.0550 0.0509
26 0.1003 0.3367 0.4897 0.0341 0.0163 0.0229
27 0.1633 0.3406 0.4441 0.0269 0.0092 0.0159
28 0.3179 0.0535 0.0404 0.4211 0.0386 0.1284
29 0.5552 0.0268 0.0775 0.2583 0.0663 0.0157
30 0.1686 0.3005 0.2032 0.1970 0.1071 0.0235
31 0.4019 0.0495 0.1840 0.3179 0.0220 0.0247
32 0.4182 0.0844 0.1613 0.1276 0.1946 0.0140
33 0.2893 0.0548 0.0518 0.2184 0.0476 0.3381
34 0.3621 0.0685 0.1271 0.2489 0.1632 0.0302
35 0.2452 0.0834 0.3513 0.2415 0.0539 0.0247
36 0.2084 0.0855 0.1133 0.5239 0.0552 0.0138
37 0.3687 0.0388 0.3628 0.1610 0.0461 0.0225
38 0.3252 0.0503 0.2869 0.1560 0.1610 0.0206
39 0.2380 0.0583 0.4661 0.1688 0.0621 0.0067
40 0.2915 0.0388 0.2235 0.2825 0.1294 0.0343
41 0.2367 0.0363 0.1414 0.2810 0.2559 0.0488
42 0.0724 0.2957 0.3196 0.2649 0.0127 0.0348
43 0.2382 0.0343 0.2169 0.2874 0.1945 0.0289
44 0.2156 0.1459 0.1732 0.3235 0.1209 0.0208
45 0.2556 0.1049 0.2808 0.3037 0.0438 0.0111
46 0.1445 0.0850 0.2966 0.3633 0.0651 0.0455
47 0.4619 0.0335 0.0666 0.1987 0.2252 0.0141
48 0.4331 0.1968 0.0764 0.1670 0.0833 0.0435
49 0.4607 0.0950 0.0922 0.1981 0.0179 0.1361
50 0.3997 0.0170 0.1093 0.3997 0.0567 0.0180
51 0.3218 0.1532 0.2335 0.1331 0.0099 0.1484
52 0.0471 0.5474 0.1028 0.2391 0.0010 0.0624
53 0.0576 0.3340 0.4155 0.0831 0.0112 0.0987
54 0.1776 0.0559 0.1427 0.2390 0.0144 0.3704
55 0.2588 0.0591 0.0867 0.0834 0.4836 0.0284
56 0.1711 0.0198 0.0759 0.6460 0.0160 0.0714
57 0.0662 0.0622 0.6685 0.0750 0.0523 0.0762
58 0.2242 0.0474 0.1541 0.2925 0.0318 0.2500
59 0.2852 0.0721 0.1246 0.1730 0.0066 0.3386
60 0.0552 0.0261 0.1573 0.5752 0.0237 0.1622
61 0.1293 0.0803 0.3921 0.2454 0.0044 0.1488
62 0.2622 0.0787 0.1948 0.3418 0.0485 0.0739
63 0.2209 0.1060 0.1519 0.3760 0.1044 0.0409
64 0.1124 0.0630 0.3984 0.2781 0.0917 0.0565
65 0.0651 0.1663 0.5283 0.2238 0.0042 0.0121
66 0.0952 0.0364 0.1096 0.6504 0.0319 0.0765
67 0.1715 0.0507 0.3105 0.2308 0.0566 0.1798
68 0.1293 0.0461 0.3103 0.1852 0.3054 0.0237
69 0.0890 0.1274 0.4116 0.2874 0.0434 0.0414
70 0.2788 0.0187 0.0919 0.4119 0.0072 0.1915
71 0.0351 0.0111 0.0940 0.7168 0.0020 0.1411
72 0.1409 0.0803 0.1808 0.5312 0.0098 0.0569
73 0.0829 0.0754 0.3381 0.2893 0.1410 0.0731
74 0.3320 0.0356 0.1202 0.1863 0.0464 0.2795
75 0.2473 0.2288 0.2781 0.0924 0.0135 0.1399
76 0.1927 0.0417 0.5078 0.1729 0.0579 0.0269
77 0.1909 0.0258 0.0724 0.6558 0.0307 0.0243
78 0.1752 0.1807 0.2671 0.2432 0.0461 0.0881
79 0.0819 0.0529 0.5425 0.2092 0.0288 0.0845
80 0.0870 0.0562 0.2988 0.4417 0.0519 0.0646
81 0.2220 0.1265 0.3059 0.2786 0.0123 0.0548
82 0.1083 0.0434 0.3389 0.4634 0.0033 0.0428
83 0.3428 0.1122 0.1644 0.2954 0.0201 0.0649
84 0.0984 0.0291 0.1674 0.6313 0.0067 0.0671
85 0.3728 0.0248 0.0865 0.4641 0.0233 0.0285
86 0.2423 0.0242 0.1392 0.5635 0.0168 0.0140
87 0.2725 0.0341 0.1328 0.5332 0.0121 0.0154
88 0.2075 0.1616 0.2389 0.3586 0.0179 0.0156
89 0.1062 0.1779 0.2712 0.2213 0.0155 0.2079
90 0.2883 0.0489 0.2793 0.3118 0.0084 0.0633
91 0.0916 0.0439 0.3796 0.2734 0.0203 0.1909
92 0.0776 0.0813 0.1044 0.6299 0.0058 0.1012
93 0.1046 0.4133 0.2319 0.2079 0.0091 0.0331
94 0.0718 0.1567 0.5059 0.2280 0.0074 0.0302
95 0.0817 0.1033 0.5410 0.2478 0.0068 0.0191
96 0.1103 0.1156 0.3142 0.4294 0.0037 0.0266
97 0.1951 0.1394 0.2585 0.2751 0.0135 0.1183
98 0.1232 0.0635 0.7549 0.0376 0.0041 0.0166
99 0.1339 0.1642 0.3584 0.1616 0.0043 0.1775
100 0.0632 0.2349 0.1858 0.3159 0.0055 0.1947
101 0.1166 0.3323 0.1954 0.3271 0.0072 0.0212
102 0.0811 0.0948 0.3870 0.3157 0.0106 0.1108
103 0.0411 0.0844 0.0972 0.5859 0.0208 0.1705
104 0.0279 0.0250 0.0502 0.4685 0.0634 0.3650
105 0.1019 0.0323 0.2686 0.5508 0.0037 0.0428
106 0.0462 0.0817 0.1412 0.7173 0.0033 0.0101
107 0.0796 0.0610 0.3540 0.4475 0.0092 0.0487
108 0.1115 0.2937 0.3225 0.2183 0.0034 0.0506
109 0.2046 0.0801 0.4985 0.1805 0.0096 0.0268
110 0.0765 0.0295 0.0685 0.4539 0.0068 0.3647
111 0.0719 0.0625 0.2017 0.5312 0.0158 0.1168
112 0.3259 0.0948 0.2922 0.1829 0.0905 0.0135
113 0.1978 0.0575 0.1564 0.4319 0.0328 0.1237
114 0.0325 0.2991 0.1458 0.4856 0.0120 0.0251
115 0.0665 0.0302 0.1476 0.6509 0.0109 0.0938
116 0.1493 0.1237 0.1639 0.4387 0.0632 0.0612
117 0.2235 0.0483 0.1466 0.3923 0.1178 0.0715
118 0.0930 0.1851 0.2490 0.3247 0.0085 0.1396
119 0.2732 0.0735 0.1907 0.3508 0.0551 0.0568
120 0.0933 0.1246 0.4929 0.2292 0.0242 0.0357
121 0.0876 0.0553 0.1515 0.5718 0.0065 0.1276
122 0.0651 0.0531 0.5449 0.2495 0.0085 0.0786
123 0.0761 0.2419 0.1179 0.5200 0.0181 0.0259
124 0.0827 0.2112 0.2319 0.3706 0.0410 0.0624
125 0.0888 0.1487 0.1659 0.4370 0.0681 0.0916
126 0.0192 0.1074 0.3105 0.5122 0.0023 0.0484
127 0.2546 0.0319 0.0741 0.2179 0.0450 0.3765
128 0.5596 0.0323 0.0432 0.1802 0.0294 0.1554
129 0.2457 0.0454 0.2783 0.3745 0.0145 0.0414
130 0.1425 0.1381 0.2834 0.3755 0.0058 0.0549
131 0.0407 0.0276 0.0672 0.3926 0.0128 0.4590
132 0.0765 0.0534 0.0802 0.7378 0.0036 0.0486
133 0.1378 0.0737 0.1825 0.4961 0.0359 0.0737
134 0.0800 0.0921 0.1383 0.5732 0.0449 0.0717
135 0.2952 0.1735 0.2334 0.0943 0.0432 0.1604
136 0.4666 0.0662 0.1813 0.1316 0.0451 0.1091
137 0.1970 0.0367 0.1880 0.4170 0.0127 0.1487
138 0.0713 0.7661 0.0922 0.0605 0.0028 0.0071
139 0.1481 0.0768 0.1786 0.4705 0.0349 0.0912
140 0.0620 0.0582 0.1821 0.5791 0.0538 0.0649
141 0.0667 0.2637 0.2637 0.3281 0.0411 0.0368
142 0.4778 0.0622 0.1771 0.1237 0.0566 0.1025
143 0.3259 0.0905 0.2832 0.1516 0.1025 0.0462
144 0.2128 0.1792 0.2283 0.1952 0.0406 0.1439
145 0.1488 0.1115 0.3682 0.3005 0.0243 0.0468
146 0.0859 0.2245 0.3369 0.1890 0.0576 0.1060
147 0.1876 0.1138 0.2229 0.3142 0.1005 0.0609
148 0.0410 0.0237 0.2284 0.5654 0.0193 0.1223
149 0.0268 0.0500 0.2042 0.6387 0.0178 0.0623
150 0.0750 0.4314 0.1637 0.3059 0.0045 0.0197
151 0.2162 0.0952 0.1451 0.2162 0.0055 0.3220
152 0.1819 0.0299 0.1736 0.5430 0.0207 0.0509
153 0.3523 0.2659 0.2054 0.0774 0.0515 0.0477
154 0.0354 0.3804 0.5449 0.0255 0.0118 0.0024
155 0.0501 0.1616 0.2245 0.4604 0.0097 0.0936
156 0.0178 0.1219 0.2313 0.5547 0.0156 0.0585
157 0.0251 0.1550 0.0744 0.6328 0.0926 0.0202
158 0.1832 0.0729 0.2245 0.4065 0.0367 0.0764
159 0.2072 0.2384 0.3062 0.1976 0.0349 0.0156
160 0.1941 0.1559 0.2341 0.3406 0.0083 0.0671
161 0.2502 0.2141 0.2279 0.2749 0.0191 0.0138
162 0.1838 0.0698 0.2217 0.3953 0.0108 0.1187
163 0.2905 0.0224 0.2335 0.2773 0.0758 0.1004
164 0.1125 0.0738 0.1217 0.4182 0.0602 0.2136
165 0.3975 0.0288 0.1070 0.2566 0.0391 0.1710
166 0.0754 0.0472 0.2081 0.6021 0.0249 0.0423
167 0.0881 0.0494 0.0938 0.4475 0.2147 0.1063
168 0.0749 0.0621 0.5532 0.2272 0.0075 0.0749
169 0.1836 0.0923 0.1243 0.4617 0.0079 0.1302
170 0.1257 0.0964 0.3259 0.3159 0.0775 0.0584
171 0.0687 0.2891 0.3953 0.2286 0.0109 0.0075
172 0.0273 0.0179 0.3069 0.5225 0.0016 0.1240
173 0.0974 0.0262 0.0820 0.6152 0.0111 0.1682
174 0.1174 0.0432 0.1290 0.4868 0.0239 0.1997
175 0.1984 0.0391 0.1545 0.3171 0.1046 0.1864
176 0.3018 0.0428 0.1591 0.3164 0.1060 0.0740
177 0.2593 0.0883 0.2084 0.1897 0.0842 0.1700
178 0.2131 0.0822 0.2233 0.2532 0.0461 0.1823
179 0.2615 0.1399 0.1636 0.2456 0.0947 0.0947
180 0.2285 0.0282 0.0731 0.4839 0.0697 0.1167
181 0.2825 0.0507 0.0539 0.5034 0.0650 0.0443
182 0.4148 0.1082 0.0970 0.2438 0.0918 0.0444
183 0.3608 0.0818 0.1034 0.2900 0.0979 0.0662
