time exciting_prob fearful_prob tense_prob sad_prob relaxing_prob neutral_prob
0 0.1136 0.1553 0.1349 0.1288 0.0181 0.4492
1 0.2727 0.0806 0.1155 0.1506 0.3699 0.0108
2 0.3486 0.1987 0.1837 0.0841 0.1740 0.0108
3 0.0500 0.5210 0.2040 0.0927 0.1144 0.0181
4 0.0790 0.6665 0.1608 0.0183 0.0697 0.0060
5 0.0880 0.5308 0.1070 0.0457 0.2213 0.0072
6 0.1183 0.5874 0.2281 0.0277 0.0353 0.0033
7 0.0741 0.6553 0.0393 0.0143 0.2161 0.0012
8 0.0952 0.4832 0.0439 0.0162 0.3591 0.0025
9 0.1422 0.5083 0.0455 0.0169 0.2852 0.0019
10 0.0620 0.4951 0.1038 0.0258 0.3098 0.0033
11 0.0643 0.8403 0.0638 0.0108 0.0202 0.0005
12 0.0889 0.8232 0.0394 0.0128 0.0348 0.0008
13 0.1024 0.6626 0.0810 0.0177 0.1356 0.0007
14 0.1032 0.5039 0.2495 0.0401 0.1016 0.0014
15 0.0750 0.6528 0.0863 0.0349 0.1490 0.0022
16 0.1749 0.4573 0.1281 0.0586 0.1764 0.0047
17 0.4329 0.0674 0.2177 0.0471 0.2177 0.0175
18 0.4009 0.2048 0.0714 0.0847 0.2180 0.0201
19 0.4707 0.2661 0.1552 0.0259 0.0751 0.0071
20 0.4990 0.1006 0.0640 0.0502 0.2756 0.0105
21 0.1137 0.5059 0.1309 0.0256 0.2227 0.0016
22 0.2179 0.2588 0.2888 0.1879 0.0353 0.0114
23 0.3040 0.4932 0.1296 0.0306 0.0414 0.0012
24 0.1077 0.5825 0.0355 0.0314 0.2410 0.0019
25 0.0794 0.8018 0.0489 0.0422 0.0229 0.0046
26 0.2852 0.2039 0.3867 0.0570 0.0294 0.0377
27 0.1159 0.5488 0.1432 0.0611 0.0882 0.0430
28 0.1974 0.3032 0.2634 0.1974 0.0147 0.0238
29 0.1854 0.1049 0.4180 0.2325 0.0424 0.0168
30 0.2947 0.2561 0.2834 0.1360 0.0249 0.0050
31 0.0847 0.7090 0.1213 0.0324 0.0277 0.0250
32 0.0873 0.5737 0.1251 0.0847 0.1157 0.0135
33 0.0536 0.7178 0.1470 0.0473 0.0253 0.0092
34 0.3069 0.3293 0.2666 0.0453 0.0460 0.0060
35 0.0569 0.5479 0.0916 0.2112 0.0403 0.0522
36 0.1266 0.1575 0.3386 0.3035 0.0631 0.0106
37 0.1356 0.4048 0.3862 0.0458 0.0245 0.0030
38 0.0991 0.5073 0.1055 0.1780 0.0765 0.0337
39 0.1140 0.5356 0.2822 0.0267 0.0286 0.0130
40 0.0543 0.6768 0.1570 0.0601 0.0376 0.0143
41 0.2078 0.2668 0.3506 0.1021 0.0283 0.0446
42 0.1448 0.3162 0.3528 0.0806 0.0906 0.0149
43 0.2069 0.3230 0.3604 0.0661 0.0374 0.0063
44 0.2559 0.1615 0.5010 0.0424 0.0369 0.0021
45 0.0607 0.7627 0.0527 0.0437 0.0575 0.0225
46 0.1573 0.5713 0.1326 0.0515 0.0755 0.0118
47 0.1261 0.6353 0.0547 0.1185 0.0475 0.0179
48 0.1382 0.4531 0.3474 0.0402 0.0087 0.0122
49 0.1337 0.4382 0.2136 0.1041 0.0919 0.0184
50 0.1345 0.5752 0.2676 0.0075 0.0130 0.0022
51 0.0481 0.7129 0.1980 0.0172 0.0231 0.0008
52 0.0742 0.5151 0.2715 0.0143 0.1168 0.0081
53 0.1069 0.4534 0.2749 0.0206 0.1427 0.0016
54 0.1364 0.5830 0.1764 0.0314 0.0450 0.0279
55 0.1505 0.5767 0.1392 0.0757 0.0474 0.0105
56 0.1388 0.4995 0.2133 0.0620 0.0778 0.0085
57 0.0317 0.7930 0.1216 0.0296 0.0178 0.0061
58 0.1381 0.3813 0.4058 0.0459 0.0151 0.0138
59 0.2001 0.5068 0.2358 0.0314 0.0206 0.0050
60 0.0955 0.2942 0.4966 0.0294 0.0672 0.0171
61 0.1272 0.4043 0.3225 0.0400 0.0822 0.0237
62 0.1761 0.1580 0.4128 0.1240 0.0254 0.1036
63 0.2106 0.4746 0.2140 0.0590 0.0366 0.0052
64 0.5913 0.1831 0.1329 0.0393 0.0372 0.0163
65 0.1511 0.1621 0.4995 0.0931 0.0822 0.0119
66 0.3376 0.1985 0.3052 0.0731 0.0742 0.0114
67 0.2925 0.2091 0.3669 0.0980 0.0276 0.0058
68 0.0554 0.3584 0.4897 0.0396 0.0474 0.0096
69 0.1531 0.1735 0.1183 0.2583 0.2883 0.0086
70 0.1401 0.2155 0.2292 0.0811 0.3335 0.0004
71 0.1494 0.2107 0.1803 0.0658 0.3877 0.0061
72 0.1483 0.3447 0.3845 0.0336 0.0825 0.0062
73 0.0591 0.2817 0.6353 0.0095 0.0134 0.0012
74 0.2358 0.4802 0.2130 0.0131 0.0556 0.0023
75 0.1575 0.3333 0.1337 0.0672 0.3010 0.0073
76 0.0225 0.6787 0.1945 0.0240 0.0798 0.0003
77 0.0513 0.6548 0.2092 0.0120 0.0669 0.0060
78 0.2262 0.5513 0.1461 0.0363 0.0396 0.0005
79 0.2443 0.4058 0.2189 0.0878 0.0323 0.0111
80 0.2083 0.4656 0.1635 0.0991 0.0461 0.0174
81 0.2291 0.4021 0.1434 0.1305 0.0249 0.0699
82 0.1449 0.6055 0.1642 0.0633 0.0172 0.0050
83 0.0872 0.5015 0.3140 0.0529 0.0212 0.0231
84 0.2021 0.3633 0.1514 0.0298 0.2517 0.0017
85 0.2324 0.3955 0.3032 0.0051 0.0579 0.0060
86 0.0954 0.3628 0.4517 0.0126 0.0732 0.0043
87 0.2396 0.2800 0.1809 0.1971 0.0263 0.0760
88 0.3440 0.3521 0.2256 0.0437 0.0119 0.0229
89 0.0968 0.3486 0.3655 0.0413 0.0365 0.1115
90 0.1454 0.3828 0.2512 0.0909 0.0394 0.0903
91 0.0592 0.5845 0.0682 0.1957 0.0265 0.0661
92 0.0955 0.5537 0.0437 0.2418 0.0527 0.0129
93 0.1343 0.4910 0.1737 0.1697 0.0223 0.0091
94 0.0736 0.1924 0.3457 0.2866 0.0655 0.0362
95 0.1381 0.2561 0.2620 0.2500 0.0668 0.0270
96 0.1465 0.3250 0.2340 0.2164 0.0578 0.0203
97 0.1312 0.3679 0.1608 0.2510 0.0649 0.0245
98 0.0224 0.5068 0.2471 0.1954 0.0168 0.0113
99 0.0173 0.7793 0.1608 0.0388 0.0038 0.0001
100 0.1699 0.6514 0.0714 0.0454 0.0601 0.0017
101 0.6724 0.1047 0.0748 0.0815 0.0560 0.0108
102 0.6338 0.1172 0.0512 0.1482 0.0366 0.0128
103 0.6191 0.1437 0.0445 0.1392 0.0431 0.0105
104 0.2710 0.4907 0.1036 0.0966 0.0331 0.0050
105 0.1888 0.4900 0.0886 0.0581 0.1707 0.0039
106 0.1266 0.4702 0.1285 0.1379 0.1199 0.0167
107 0.2678 0.3777 0.1841 0.0602 0.1082 0.0018
108 0.2710 0.4067 0.2467 0.0329 0.0416 0.0010
109 0.3489 0.2654 0.3276 0.0314 0.0253 0.0016
110 0.3318 0.3789 0.1580 0.0712 0.0586 0.0018
111 0.1109 0.6333 0.2056 0.0355 0.0094 0.0054
112 0.1102 0.5342 0.2815 0.0316 0.0361 0.0064
113 0.1619 0.3618 0.3618 0.0306 0.0833 0.0005
114 0.5425 0.1904 0.0363 0.1371 0.0935 0.0002
115 0.7148 0.1204 0.0686 0.0367 0.0564 0.0028
116 0.3625 0.2737 0.1523 0.1635 0.0461 0.0019
117 0.1078 0.3425 0.3169 0.1028 0.0446 0.0853
118 0.0347 0.7026 0.2013 0.0140 0.0463 0.0013
119 0.2769 0.5176 0.1720 0.0159 0.0165 0.0013
120 0.3601 0.2676 0.1973 0.0992 0.0737 0.0022
121 0.3169 0.2449 0.2507 0.0859 0.0997 0.0018
122 0.4216 0.2598 0.2120 0.0333 0.0727 0.0007
123 0.0901 0.6982 0.1908 0.0112 0.0096 0.0002
124 0.1228 0.5171 0.1436 0.0194 0.1931 0.0042
125 0.1979 0.4673 0.2500 0.0313 0.0533 0.0002
126 0.0800 0.1890 0.2209 0.4902 0.0183 0.0015
127 0.1168 0.4954 0.3250 0.0255 0.0370 0.0004
128 0.1342 0.3589 0.2883 0.0467 0.1709 0.0011
129 0.3342 0.4463 0.1129 0.0550 0.0497 0.0017
130 0.1077 0.3701 0.2881 0.1555 0.0776 0.0011
131 0.0426 0.6821 0.1080 0.1595 0.0067 0.0010
132 0.1985 0.2756 0.2285 0.1698 0.1114 0.0162
133 0.0839 0.4790 0.1416 0.2159 0.0764 0.0032
134 0.0637 0.5679 0.1653 0.1844 0.0161 0.0023
135 0.0404 0.6997 0.1611 0.0862 0.0099 0.0026
136 0.0581 0.4980 0.1299 0.2666 0.0399 0.0073
137 0.1259 0.3115 0.1361 0.2905 0.0331 0.1028
138 0.1151 0.3862 0.1714 0.0903 0.2343 0.0029
139 0.4541 0.3977 0.1005 0.0154 0.0288 0.0036
140 0.2554 0.6475 0.0575 0.0100 0.0291 0.0007
141 0.1514 0.4700 0.1854 0.0738 0.1161 0.0034
142 0.0211 0.6021 0.0596 0.2673 0.0472 0.0027
143 0.0190 0.7363 0.0493 0.1832 0.0110 0.0011
144 0.1763 0.2354 0.5020 0.0546 0.0297 0.0021
145 0.1643 0.1028 0.6104 0.0513 0.0513 0.0198
146 0.3000 0.3704 0.1021 0.1450 0.0393 0.0432
147 0.4270 0.2490 0.1725 0.0736 0.0543 0.0235
148 0.3171 0.3708 0.1451 0.1131 0.0226 0.0312
149 0.2106 0.2106 0.4819 0.0576 0.0381 0.0014
150 0.1181 0.4783 0.1759 0.0576 0.1541 0.0161
151 0.0313 0.6851 0.1228 0.0912 0.0481 0.0217
152 0.3860 0.2148 0.3225 0.0182 0.0565 0.0018
153 0.1000 0.3127 0.4771 0.0656 0.0417 0.0031
154 0.0859 0.5342 0.3560 0.0145 0.0088 0.0005
155 0.0955 0.3550 0.4417 0.0598 0.0462 0.0018
156 0.0927 0.1493 0.7119 0.0363 0.0064 0.0032
157 0.1572 0.5532 0.0896 0.1500 0.0345 0.0157
158 0.1418 0.4688 0.0759 0.2490 0.0461 0.0183
159 0.0540 0.1515 0.7344 0.0315 0.0253 0.0033
160 0.3992 0.2274 0.2257 0.0732 0.0721 0.0022
161 0.4431 0.3069 0.1617 0.0202 0.0664 0.0016
162 0.2354 0.5063 0.2062 0.0168 0.0347 0.0008
163 0.5034 0.3408 0.1080 0.0121 0.0351 0.0005
164 0.1293 0.6362 0.1852 0.0367 0.0124 0.0004
165 0.0777 0.2979 0.3945 0.1428 0.0153 0.0718
166 0.3525 0.3210 0.2405 0.0445 0.0378 0.0035
167 0.0714 0.7148 0.1063 0.0228 0.0840 0.0007
168 0.1836 0.3679 0.2129 0.1570 0.0543 0.0243
169 0.0911 0.5581 0.2220 0.0383 0.0823 0.0080
170 0.2279 0.1578 0.4568 0.1137 0.0409 0.0028
171 0.1279 0.4465 0.3704 0.0134 0.0316 0.0101
172 0.0606 0.4619 0.4207 0.0450 0.0078 0.0041
173 0.1820 0.3792 0.3618 0.0139 0.0534 0.0097
174 0.1508 0.2861 0.2998 0.0390 0.2126 0.0114
175 0.1819 0.2905 0.2563 0.1804 0.0865 0.0041
176 0.1616 0.1404 0.1320 0.1278 0.4324 0.0057
177 0.0853 0.3706 0.0901 0.3296 0.0180 0.1062
178 0.2466 0.3291 0.1818 0.0674 0.1748 0.0003
179 0.2507 0.4756 0.1952 0.0319 0.0464 0.0002
180 0.0252 0.5181 0.3396 0.0537 0.0130 0.0505
181 0.0574 0.6074 0.2269 0.0362 0.0671 0.0051
182 0.1477 0.6831 0.0977 0.0230 0.0423 0.0063
183 0.0245 0.7856 0.1409 0.0385 0.0026 0.0077
184 0.0431 0.7183 0.1963 0.0331 0.0038 0.0056
185 0.4075 0.2629 0.0916 0.1096 0.1088 0.0195
186 0.0414 0.5361 0.3984 0.0142 0.0044 0.0053
187 0.0540 0.5986 0.3105 0.0156 0.0035 0.0177
188 0.4531 0.2350 0.0957 0.1119 0.0935 0.0108
189 0.3049 0.2568 0.4104 0.0065 0.0188 0.0026
190 0.5820 0.1846 0.1530 0.0244 0.0272 0.0290
191 0.3701 0.2883 0.2666 0.0152 0.0428 0.0172
192 0.6587 0.0389 0.0549 0.0632 0.0524 0.1317
193 0.8286 0.0696 0.0446 0.0235 0.0286 0.0051
194 0.9014 0.0331 0.0164 0.0128 0.0323 0.0040
195 0.4236 0.1738 0.1233 0.1880 0.0719 0.0192
196 0.2944 0.0512 0.3442 0.2598 0.0100 0.0402
197 0.4048 0.1016 0.3743 0.0954 0.0119 0.0119
198 0.2473 0.2286 0.2869 0.0999 0.1355 0.0018
199 0.2505 0.2646 0.3069 0.1351 0.0412 0.0017
200 0.3306 0.3230 0.1357 0.1411 0.0682 0.0013
201 0.1425 0.0818 0.4253 0.3262 0.0125 0.0117
202 0.1215 0.3545 0.2986 0.0194 0.2052 0.0009
203 0.1104 0.4265 0.3428 0.0223 0.0967 0.0013
204 0.2471 0.2471 0.1954 0.1030 0.1985 0.0089
205 0.0472 0.2656 0.5200 0.1489 0.0074 0.0109
206 0.0938 0.0887 0.1105 0.4688 0.2357 0.0025
207 0.3582 0.1470 0.1830 0.2622 0.0186 0.0311
208 0.2637 0.1757 0.3257 0.2169 0.0078 0.0100
209 0.6938 0.0889 0.1741 0.0362 0.0053 0.0014
210 0.1866 0.2847 0.4768 0.0351 0.0151 0.0017
211 0.1842 0.0444 0.1550 0.4348 0.1703 0.0111
212 0.1383 0.0643 0.4131 0.3069 0.0595 0.0177
213 0.1588 0.1704 0.5811 0.0716 0.0140 0.0040
214 0.2708 0.4568 0.2227 0.0387 0.0090 0.0020
215 0.1628 0.5098 0.2158 0.0311 0.0690 0.0116
216 0.0361 0.4678 0.1642 0.3115 0.0152 0.0054
217 0.0522 0.7666 0.0821 0.0873 0.0091 0.0027
218 0.4070 0.3145 0.1121 0.0880 0.0654 0.0131
219 0.1697 0.5562 0.1451 0.0820 0.0409 0.0061
220 0.2837 0.4360 0.2108 0.0529 0.0133 0.0034
221 0.1197 0.7222 0.0947 0.0404 0.0111 0.0120
222 0.1091 0.6084 0.1285 0.0296 0.1207 0.0039
223 0.0894 0.6060 0.2229 0.0100 0.0685 0.0032
224 0.4700 0.1715 0.1913 0.0229 0.1400 0.0044
225 0.2500 0.3696 0.1903 0.0537 0.1307 0.0056
226 0.3225 0.3435 0.2847 0.0141 0.0338 0.0014
227 0.4116 0.2595 0.2135 0.0386 0.0750 0.0016
228 0.1120 0.1155 0.0914 0.3093 0.0321 0.3396
