time exciting_prob fearful_prob tense_prob sad_prob relaxing_prob neutral_prob
0 0.2443 0.2443 0.0623 0.2482 0.0384 0.1627
1 0.0375 0.2046 0.0674 0.3025 0.0559 0.3320
2 0.1416 0.1129 0.0813 0.2194 0.2688 0.1763
3 0.1215 0.0556 0.0450 0.3152 0.2915 0.1713
4 0.0596 0.4617 0.1725 0.1780 0.0475 0.0808
5 0.0812 0.6387 0.1746 0.0663 0.0087 0.0306
6 0.0275 0.5659 0.2081 0.1753 0.0017 0.0218
7 0.0872 0.2998 0.0422 0.2605 0.1044 0.2061
8 0.0879 0.1060 0.0604 0.1919 0.1077 0.4463
9 0.0482 0.1146 0.0541 0.3264 0.0980 0.3586
10 0.0438 0.1191 0.0613 0.3088 0.0942 0.3726
11 0.1361 0.1775 0.0995 0.1566 0.0935 0.3367
12 0.1512 0.2100 0.1635 0.2343 0.0875 0.1536
13 0.1168 0.4475 0.0479 0.0391 0.3430 0.0056
14 0.0318 0.4861 0.0673 0.3237 0.0609 0.0301
15 0.0263 0.5747 0.1344 0.1548 0.0815 0.0282
16 0.0540 0.3606 0.1025 0.2991 0.1744 0.0095
17 0.0928 0.1229 0.0711 0.4495 0.2058 0.0580
18 0.1036 0.2408 0.0782 0.3730 0.1351 0.0690
19 0.2229 0.2177 0.1147 0.1373 0.2976 0.0099
20 0.2598 0.1772 0.0683 0.0428 0.4421 0.0098
21 0.1370 0.1458 0.0380 0.0811 0.5459 0.0524
22 0.1857 0.1368 0.0368 0.2023 0.3442 0.0941
23 0.3025 0.1632 0.0332 0.0718 0.4009 0.0284
24 0.3892 0.1525 0.0351 0.0407 0.3743 0.0082
25 0.1133 0.1700 0.0531 0.4143 0.0133 0.2361
26 0.0679 0.6289 0.1248 0.1201 0.0148 0.0435
27 0.0757 0.7070 0.1154 0.0576 0.0129 0.0313
28 0.1375 0.6509 0.0569 0.0629 0.0337 0.0582
29 0.0606 0.7739 0.0773 0.0588 0.0117 0.0175
30 0.0892 0.0567 0.0172 0.1733 0.4031 0.2603
31 0.1125 0.0637 0.0121 0.1743 0.5005 0.1368
32 0.1005 0.0691 0.0105 0.1406 0.5562 0.1231
33 0.2200 0.2397 0.0784 0.0271 0.4307 0.0039
34 0.1279 0.2352 0.0886 0.0685 0.4753 0.0045
35 0.1217 0.0637 0.1434 0.1716 0.4629 0.0366
36 0.1024 0.1226 0.0519 0.0992 0.5669 0.0570
37 0.1379 0.1689 0.0715 0.0804 0.4053 0.1357
38 0.1599 0.1245 0.0602 0.1624 0.2273 0.2656
39 0.1892 0.2030 0.0538 0.1104 0.3145 0.1290
40 0.2280 0.1876 0.0679 0.1617 0.2317 0.1230
41 0.1676 0.5757 0.1599 0.0383 0.0153 0.0430
42 0.1143 0.6787 0.1490 0.0238 0.0092 0.0249
43 0.0787 0.6597 0.1164 0.0825 0.0183 0.0445
44 0.1669 0.6201 0.0685 0.0464 0.0246 0.0735
45 0.2284 0.3247 0.1105 0.0573 0.2754 0.0037
46 0.2305 0.1609 0.2050 0.2551 0.1283 0.0204
47 0.1154 0.5376 0.0688 0.2500 0.0106 0.0177
48 0.1600 0.5244 0.0651 0.1638 0.0598 0.0267
49 0.1067 0.7124 0.0684 0.0554 0.0341 0.0231
50 0.1227 0.6084 0.0458 0.1074 0.0612 0.0544
51 0.0969 0.1477 0.0368 0.1388 0.4016 0.1782
52 0.1137 0.1201 0.0316 0.1137 0.5552 0.0658
53 0.1947 0.2769 0.0311 0.3186 0.1516 0.0272
54 0.0497 0.6548 0.0288 0.1921 0.0292 0.0453
55 0.1273 0.7979 0.0367 0.0213 0.0070 0.0097
56 0.1467 0.5898 0.0173 0.1841 0.0259 0.0363
57 0.0663 0.0403 0.0339 0.6597 0.0936 0.1060
58 0.0547 0.8237 0.0491 0.0426 0.0074 0.0225
59 0.0328 0.8140 0.0623 0.0580 0.0149 0.0179
60 0.1665 0.2461 0.0445 0.1100 0.3933 0.0396
61 0.0820 0.6348 0.0605 0.1028 0.0050 0.1147
62 0.0859 0.3508 0.1631 0.2355 0.1028 0.0619
63 0.0931 0.7793 0.0293 0.0295 0.0114 0.0573
64 0.1160 0.7988 0.0305 0.0236 0.0121 0.0189
65 0.0765 0.7666 0.0337 0.0644 0.0179 0.0410
66 0.1682 0.5601 0.0329 0.0922 0.0198 0.1270
67 0.1663 0.5410 0.0341 0.0738 0.0249 0.1599
68 0.1137 0.2749 0.0260 0.2686 0.0285 0.2881
69 0.1212 0.3347 0.0299 0.0839 0.3591 0.0712
70 0.1075 0.2024 0.0255 0.1576 0.4561 0.0508
71 0.1688 0.5366 0.0293 0.0773 0.0192 0.1688
72 0.2932 0.4795 0.0378 0.0741 0.0157 0.0997
73 0.0960 0.4509 0.1909 0.1793 0.0342 0.0486
74 0.0742 0.3621 0.0577 0.1429 0.3564 0.0067
75 0.0433 0.1039 0.0157 0.1196 0.7100 0.0076
76 0.0928 0.0712 0.5957 0.1137 0.0988 0.0279
77 0.4282 0.3838 0.0607 0.0146 0.0863 0.0263
78 0.2013 0.2467 0.0707 0.3218 0.0233 0.1362
79 0.0956 0.7178 0.1042 0.0389 0.0178 0.0257
80 0.0665 0.7729 0.0765 0.0483 0.0130 0.0226
81 0.0497 0.5728 0.0313 0.0831 0.2603 0.0030
82 0.0964 0.5591 0.0355 0.0637 0.2424 0.0028
83 0.1140 0.2671 0.0413 0.2179 0.1646 0.1953
84 0.1500 0.3984 0.0556 0.0797 0.2083 0.1080
85 0.0992 0.6577 0.0365 0.0225 0.1715 0.0127
86 0.0791 0.4241 0.0511 0.1000 0.2271 0.1187
87 0.1969 0.3049 0.0419 0.1908 0.0206 0.2450
88 0.1119 0.2603 0.0157 0.2561 0.0165 0.3394
89 0.1294 0.5000 0.1225 0.1263 0.1115 0.0103
90 0.2095 0.2732 0.1820 0.1045 0.2229 0.0080
91 0.1881 0.2913 0.2098 0.1387 0.1355 0.0367
92 0.1998 0.4399 0.0501 0.0974 0.0952 0.1175
93 0.1948 0.2173 0.0657 0.0717 0.4255 0.0250
94 0.3533 0.2883 0.2246 0.0387 0.0669 0.0279
95 0.6162 0.3052 0.0400 0.0275 0.0091 0.0019
96 0.5410 0.2898 0.1100 0.0163 0.0421 0.0007
97 0.5610 0.3457 0.0356 0.0265 0.0254 0.0055
98 0.3872 0.4390 0.1042 0.0207 0.0466 0.0023
99 0.1057 0.1637 0.2576 0.2273 0.0919 0.1538
100 0.0742 0.4873 0.2607 0.1332 0.0314 0.0130
101 0.0815 0.5400 0.0487 0.2115 0.0703 0.0476
102 0.2607 0.3975 0.0482 0.0591 0.2128 0.0216
103 0.1526 0.5327 0.1049 0.0411 0.1625 0.0062
104 0.0619 0.3044 0.0807 0.4500 0.0103 0.0928
105 0.0410 0.6826 0.1956 0.0385 0.0052 0.0373
106 0.0433 0.7979 0.1097 0.0288 0.0051 0.0151
107 0.1631 0.2710 0.1332 0.1724 0.1907 0.0696
108 0.1129 0.2076 0.0633 0.2837 0.2729 0.0595
109 0.0526 0.0698 0.0487 0.7153 0.0754 0.0379
110 0.2327 0.5161 0.0856 0.0346 0.1116 0.0195
111 0.1487 0.6611 0.0560 0.0429 0.0692 0.0223
112 0.3574 0.3010 0.0298 0.0682 0.0836 0.1599
113 0.1503 0.5205 0.1638 0.0196 0.1423 0.0034
114 0.2583 0.3850 0.1708 0.0396 0.1129 0.0334
115 0.1260 0.7310 0.0435 0.0409 0.0342 0.0244
116 0.0602 0.1610 0.1089 0.4514 0.1584 0.0602
117 0.1499 0.4270 0.1063 0.0382 0.2340 0.0446
118 0.2201 0.3804 0.1151 0.0365 0.2134 0.0345
119 0.2284 0.4614 0.1149 0.0180 0.1429 0.0345
120 0.2820 0.3945 0.1364 0.0471 0.1122 0.0277
121 0.0588 0.3892 0.0197 0.4695 0.0080 0.0548
122 0.1653 0.4187 0.0255 0.2703 0.0481 0.0722
123 0.0778 0.2098 0.0410 0.2377 0.3799 0.0539
124 0.1049 0.1356 0.0332 0.1016 0.5669 0.0579
125 0.0339 0.7959 0.1202 0.0215 0.0051 0.0235
126 0.0573 0.8154 0.0944 0.0180 0.0031 0.0120
127 0.2334 0.4941 0.1309 0.0529 0.0782 0.0107
128 0.3447 0.4028 0.0728 0.1043 0.0632 0.0122
129 0.0933 0.0683 0.2966 0.2103 0.0612 0.2700
130 0.1055 0.2551 0.0862 0.1660 0.3713 0.0157
131 0.0652 0.1470 0.0147 0.0721 0.6792 0.0217
132 0.1031 0.3628 0.0106 0.0407 0.4658 0.0167
133 0.0487 0.3149 0.0230 0.0526 0.5444 0.0164
134 0.1742 0.2134 0.0607 0.3987 0.0255 0.1274
135 0.1071 0.5879 0.0861 0.1487 0.0279 0.0423
136 0.3118 0.4500 0.0550 0.0872 0.0233 0.0729
137 0.0684 0.7461 0.0466 0.0971 0.0068 0.0349
138 0.1499 0.6768 0.0490 0.0601 0.0120 0.0522
139 0.0739 0.7881 0.0452 0.0647 0.0148 0.0136
140 0.2695 0.5708 0.0335 0.0414 0.0359 0.0491
141 0.2612 0.5483 0.0269 0.0506 0.0498 0.0630
142 0.1724 0.3376 0.0275 0.2754 0.1658 0.0212
143 0.1726 0.5659 0.1115 0.0204 0.1262 0.0034
144 0.2029 0.6055 0.1028 0.0155 0.0712 0.0020
145 0.2029 0.5142 0.0403 0.0581 0.1630 0.0217
146 0.1019 0.5215 0.0449 0.1591 0.0942 0.0781
147 0.2529 0.5791 0.1252 0.0176 0.0235 0.0016
148 0.2808 0.2808 0.0955 0.2203 0.0933 0.0294
149 0.2014 0.6108 0.0307 0.0378 0.0547 0.0644
150 0.1500 0.6221 0.0307 0.0370 0.0479 0.1124
151 0.1057 0.7930 0.0440 0.0145 0.0210 0.0216
152 0.1224 0.1896 0.0362 0.0356 0.6069 0.0091
153 0.0240 0.1405 0.0342 0.0649 0.7251 0.0114
154 0.0348 0.5532 0.1345 0.2269 0.0042 0.0465
155 0.0805 0.7886 0.0496 0.0311 0.0222 0.0283
156 0.0286 0.4263 0.0393 0.3943 0.0163 0.0952
157 0.2148 0.5112 0.0953 0.1263 0.0192 0.0330
158 0.1111 0.6348 0.0505 0.1617 0.0120 0.0299
159 0.3054 0.2512 0.0790 0.1097 0.2512 0.0037
160 0.5239 0.2134 0.0977 0.0616 0.1024 0.0011
161 0.6582 0.1470 0.0739 0.0799 0.0402 0.0007
162 0.1614 0.1589 0.0318 0.1516 0.4421 0.0541
163 0.1515 0.1718 0.0395 0.1135 0.5005 0.0231
164 0.1810 0.1432 0.0129 0.3279 0.1098 0.2253
165 0.3196 0.4614 0.0126 0.0300 0.1301 0.0461
166 0.1887 0.1830 0.0375 0.1903 0.1692 0.2313
167 0.0764 0.7480 0.0724 0.0501 0.0222 0.0306
168 0.2131 0.2164 0.0760 0.2268 0.0263 0.2415
169 0.1259 0.0402 0.1077 0.5298 0.0558 0.1404
170 0.0996 0.7715 0.0623 0.0381 0.0189 0.0099
171 0.1074 0.1074 0.2458 0.3013 0.1276 0.1108
172 0.1019 0.7949 0.0363 0.0303 0.0262 0.0102
173 0.1162 0.8066 0.0266 0.0194 0.0231 0.0080
174 0.2037 0.4084 0.0612 0.0662 0.2595 0.0011
175 0.3130 0.2151 0.0307 0.0440 0.3955 0.0016
176 0.0348 0.8110 0.1304 0.0090 0.0009 0.0137
177 0.2522 0.6099 0.0459 0.0358 0.0088 0.0478
178 0.1045 0.4263 0.0952 0.2839 0.0400 0.0501
179 0.1464 0.4370 0.0888 0.0429 0.2610 0.0237
180 0.0995 0.0728 0.0463 0.5464 0.1565 0.0787
181 0.1409 0.6265 0.1224 0.0578 0.0335 0.0189
182 0.1332 0.6763 0.0741 0.0582 0.0334 0.0250
183 0.0649 0.8687 0.0332 0.0167 0.0062 0.0102
184 0.2891 0.4241 0.0592 0.0569 0.1622 0.0085
185 0.3140 0.1506 0.0599 0.1980 0.2407 0.0369
186 0.2041 0.5332 0.1075 0.0524 0.0851 0.0175
187 0.0771 0.7495 0.1158 0.0273 0.0026 0.0275
188 0.1039 0.2737 0.3201 0.0625 0.0267 0.2131
189 0.1002 0.7397 0.0811 0.0303 0.0045 0.0441
190 0.1242 0.4836 0.1333 0.0975 0.1534 0.0079
191 0.0406 0.7095 0.0468 0.1808 0.0162 0.0060
192 0.4771 0.2437 0.0911 0.0836 0.0869 0.0177
193 0.4417 0.2700 0.0401 0.1108 0.1189 0.0185
194 0.1041 0.7168 0.0876 0.0351 0.0058 0.0507
195 0.1085 0.6240 0.1155 0.0628 0.0156 0.0734
196 0.0964 0.1317 0.0684 0.4895 0.1317 0.0825
197 0.1273 0.1881 0.1293 0.4512 0.0616 0.0426
198 0.5625 0.2291 0.1479 0.0280 0.0320 0.0004
199 0.3154 0.3384 0.2783 0.0172 0.0503 0.0005
200 0.2301 0.5107 0.1792 0.0288 0.0506 0.0007
201 0.1978 0.6284 0.1614 0.0039 0.0075 0.0011
202 0.0843 0.5327 0.0993 0.1929 0.0750 0.0161
203 0.1136 0.5171 0.3340 0.0268 0.0042 0.0044
204 0.1217 0.5942 0.0762 0.0955 0.0338 0.0786
205 0.2373 0.4231 0.0649 0.0959 0.0922 0.0866
206 0.2358 0.6772 0.0382 0.0087 0.0280 0.0121
207 0.0697 0.2048 0.0284 0.0777 0.5972 0.0223
208 0.0601 0.1089 0.0277 0.0720 0.6826 0.0487
209 0.1582 0.6763 0.0198 0.0498 0.0873 0.0084
210 0.4243 0.4446 0.0495 0.0269 0.0414 0.0132
211 0.2300 0.1260 0.0400 0.0634 0.5347 0.0058
212 0.2864 0.4470 0.0379 0.0860 0.1353 0.0072
213 0.2939 0.4114 0.0263 0.0704 0.1927 0.0051
214 0.2413 0.4404 0.0350 0.1194 0.1595 0.0043
215 0.0948 0.8193 0.0566 0.0161 0.0057 0.0072
216 0.0960 0.6772 0.1970 0.0186 0.0109 0.0003
217 0.4004 0.3911 0.1260 0.0279 0.0538 0.0008
218 0.3977 0.3403 0.1105 0.0464 0.1014 0.0036
219 0.1567 0.5059 0.2666 0.0297 0.0358 0.0049
220 0.2791 0.3162 0.1076 0.1371 0.1371 0.0231
221 0.3623 0.3174 0.0587 0.0587 0.2002 0.0027
222 0.3042 0.4224 0.0585 0.0627 0.1505 0.0018
223 0.0513 0.7715 0.0595 0.0929 0.0049 0.0199
224 0.1141 0.6465 0.0606 0.0267 0.1205 0.0314
225 0.1650 0.1538 0.0515 0.1914 0.3494 0.0890
226 0.2520 0.5332 0.0540 0.0485 0.0811 0.0313
227 0.0672 0.7754 0.0683 0.0580 0.0197 0.0115
228 0.2078 0.3242 0.0319 0.0696 0.3145 0.0521
229 0.0858 0.3613 0.0260 0.0950 0.3848 0.0470
230 0.3047 0.3821 0.0277 0.0746 0.1362 0.0746
231 0.1571 0.4875 0.0423 0.0760 0.0847 0.1522
232 0.0431 0.9277 0.0078 0.0126 0.0059 0.0029
233 0.1471 0.4192 0.1720 0.1201 0.1128 0.0290
234 0.1203 0.0873 0.0422 0.1343 0.5146 0.1013
235 0.2162 0.0771 0.0468 0.0696 0.5352 0.0555
236 0.1660 0.1039 0.0676 0.2416 0.3459 0.0748
237 0.0406 0.8032 0.0765 0.0304 0.0460 0.0033
238 0.0594 0.4602 0.4258 0.0334 0.0160 0.0052
239 0.2922 0.3159 0.0575 0.1758 0.0301 0.1287
240 0.0435 0.6235 0.2295 0.0739 0.0240 0.0054
241 0.1997 0.1736 0.3704 0.1061 0.1165 0.0339
242 0.1560 0.6074 0.1824 0.0218 0.0314 0.0012
243 0.1714 0.2052 0.2117 0.0911 0.2117 0.1089
244 0.1180 0.0488 0.0366 0.3037 0.2920 0.2008
245 0.0812 0.1707 0.0537 0.2058 0.3967 0.0920
246 0.1459 0.0663 0.0360 0.2856 0.2900 0.1760
247 0.0762 0.0349 0.0210 0.3467 0.2103 0.3108
248 0.1161 0.0451 0.0515 0.3105 0.2308 0.2457
249 0.2035 0.2003 0.2035 0.2271 0.0461 0.1196
250 0.1136 0.1553 0.1349 0.1288 0.0181 0.4492
