time exciting_prob fearful_prob tense_prob sad_prob relaxing_prob neutral_prob
0 0.2407 0.2483 0.0628 0.2522 0.0381 0.1578
1 0.4924 0.0709 0.0112 0.2576 0.1284 0.0395
2 0.7090 0.0867 0.0176 0.0827 0.0967 0.0074
3 0.0886 0.2262 0.2996 0.2192 0.0723 0.0942
4 0.1730 0.3010 0.3958 0.0588 0.0480 0.0232
5 0.0930 0.4270 0.4336 0.0340 0.0038 0.0087
6 0.1209 0.3904 0.3843 0.0684 0.0057 0.0306
7 0.1080 0.3711 0.3711 0.0692 0.0569 0.0237
8 0.0911 0.3464 0.5366 0.0166 0.0071 0.0021
9 0.1024 0.3547 0.4924 0.0392 0.0077 0.0038
10 0.1627 0.1787 0.2441 0.1154 0.0092 0.2900
11 0.0965 0.1875 0.4641 0.0581 0.0020 0.1919
12 0.1581 0.1261 0.6206 0.0364 0.0497 0.0093
13 0.1131 0.4761 0.3538 0.0419 0.0119 0.0031
14 0.2487 0.3674 0.3193 0.0529 0.0072 0.0044
15 0.2734 0.3538 0.3147 0.0379 0.0129 0.0075
16 0.3909 0.1776 0.2371 0.0833 0.0027 0.1085
17 0.0429 0.2507 0.3945 0.2213 0.0130 0.0777
18 0.0397 0.1752 0.2888 0.2180 0.0391 0.2394
19 0.1473 0.2976 0.3821 0.0190 0.0078 0.1461
20 0.1201 0.1278 0.0906 0.3018 0.0435 0.3162
21 0.0554 0.4492 0.4492 0.0057 0.0303 0.0101
22 0.0582 0.1823 0.1418 0.4875 0.0620 0.0681
23 0.0404 0.2202 0.6675 0.0395 0.0094 0.0228
24 0.1853 0.0823 0.1421 0.3572 0.0476 0.1853
25 0.0595 0.1605 0.4036 0.1763 0.0126 0.1876
26 0.0456 0.1028 0.1669 0.5063 0.0240 0.1544
27 0.0770 0.4944 0.2372 0.1427 0.0316 0.0170
28 0.1324 0.4312 0.2964 0.0236 0.1064 0.0101
29 0.2034 0.5527 0.1465 0.0093 0.0345 0.0535
30 0.1648 0.4514 0.2654 0.0132 0.0999 0.0053
31 0.2491 0.1312 0.2737 0.1852 0.0468 0.1141
32 0.1265 0.2495 0.3574 0.1898 0.0484 0.0284
33 0.0489 0.2025 0.6851 0.0477 0.0047 0.0113
34 0.0145 0.2494 0.4111 0.0749 0.0785 0.1714
35 0.0113 0.7041 0.1987 0.0174 0.0058 0.0625
36 0.0387 0.3164 0.4426 0.1102 0.0172 0.0751
37 0.3242 0.3372 0.2245 0.0100 0.0807 0.0235
38 0.0591 0.2505 0.4263 0.0729 0.0190 0.1722
39 0.1517 0.1506 0.6289 0.0276 0.0198 0.0212
40 0.0152 0.2100 0.6465 0.0992 0.0087 0.0205
41 0.0518 0.4915 0.3379 0.0157 0.0185 0.0847
42 0.1819 0.1121 0.6758 0.0186 0.0056 0.0060
43 0.0570 0.1812 0.3010 0.1573 0.1636 0.1400
44 0.0917 0.4207 0.3176 0.0353 0.0216 0.1132
45 0.0367 0.4539 0.3425 0.1037 0.0270 0.0361
46 0.1399 0.4587 0.3105 0.0239 0.0515 0.0155
47 0.0275 0.1320 0.0813 0.0865 0.0674 0.6055
48 0.0714 0.6025 0.3079 0.0027 0.0091 0.0064
49 0.0422 0.0753 0.7842 0.0108 0.0055 0.0820
50 0.0516 0.4634 0.4089 0.0496 0.0149 0.0115
51 0.1080 0.0692 0.2148 0.2051 0.0136 0.3892
52 0.2795 0.2062 0.3479 0.0649 0.0577 0.0439
53 0.0479 0.3857 0.4727 0.0097 0.0051 0.0790
54 0.0234 0.2347 0.5376 0.1447 0.0109 0.0488
55 0.2430 0.1849 0.4009 0.0551 0.0334 0.0827
56 0.0735 0.3193 0.3452 0.0358 0.0729 0.1532
57 0.0989 0.2094 0.6060 0.0329 0.0252 0.0279
58 0.1226 0.1433 0.1841 0.3835 0.0767 0.0897
59 0.1420 0.7095 0.1387 0.0017 0.0017 0.0063
60 0.1846 0.6245 0.1818 0.0015 0.0031 0.0045
61 0.1340 0.3267 0.1735 0.0215 0.3423 0.0020
62 0.0640 0.2549 0.3708 0.0923 0.1969 0.0211
63 0.1510 0.2866 0.2888 0.0847 0.1793 0.0094
64 0.0336 0.1191 0.3447 0.4031 0.0439 0.0554
65 0.1495 0.3879 0.3118 0.0634 0.0729 0.0144
66 0.0256 0.1968 0.7310 0.0271 0.0093 0.0103
67 0.0478 0.3643 0.5469 0.0238 0.0032 0.0143
68 0.0176 0.3845 0.2642 0.1603 0.0769 0.0964
69 0.0397 0.3198 0.3921 0.0655 0.0075 0.1753
70 0.0781 0.1085 0.4290 0.0793 0.2996 0.0056
71 0.0989 0.2045 0.2795 0.1951 0.1833 0.0387
72 0.0126 0.3359 0.5991 0.0104 0.0006 0.0414
73 0.0141 0.2094 0.5518 0.0701 0.0040 0.1508
74 0.3655 0.3982 0.1910 0.0078 0.0117 0.0257
75 0.1050 0.1902 0.2057 0.4155 0.0424 0.0411
76 0.0660 0.2913 0.5615 0.0373 0.0146 0.0295
77 0.0969 0.1927 0.6123 0.0382 0.0503 0.0094
78 0.3848 0.2502 0.1904 0.0301 0.1060 0.0384
79 0.2676 0.4883 0.1824 0.0117 0.0123 0.0379
80 0.1166 0.1473 0.4331 0.0262 0.0521 0.2247
81 0.0625 0.3076 0.3887 0.0742 0.0076 0.1595
82 0.0401 0.0536 0.2021 0.5581 0.1134 0.0325
83 0.0763 0.1577 0.2561 0.3289 0.1615 0.0197
84 0.0332 0.2081 0.2322 0.4075 0.0991 0.0198
85 0.4927 0.2988 0.1703 0.0067 0.0269 0.0044
86 0.2374 0.5146 0.1486 0.0400 0.0569 0.0025
87 0.0629 0.1764 0.6606 0.0222 0.0356 0.0422
88 0.0347 0.2043 0.6699 0.0623 0.0173 0.0114
89 0.0522 0.4172 0.4043 0.0809 0.0348 0.0106
90 0.0720 0.1755 0.2438 0.4346 0.0269 0.0472
91 0.0580 0.3718 0.3718 0.0380 0.1082 0.0519
92 0.0737 0.3406 0.4729 0.0556 0.0420 0.0154
93 0.0216 0.2913 0.3740 0.0454 0.0185 0.2491
94 0.1768 0.0650 0.0809 0.2825 0.0491 0.3459
95 0.0352 0.0710 0.4150 0.3132 0.0352 0.1306
96 0.0401 0.1274 0.1610 0.5366 0.0096 0.1255
97 0.0775 0.2949 0.4426 0.0057 0.1578 0.0214
98 0.0941 0.3308 0.3633 0.0837 0.0955 0.0325
99 0.2238 0.3521 0.2185 0.0602 0.1295 0.0160
100 0.0813 0.5732 0.1996 0.0163 0.0965 0.0334
101 0.2620 0.1829 0.3582 0.0466 0.1042 0.0462
102 0.1907 0.3169 0.3647 0.0084 0.0691 0.0501
103 0.0822 0.2004 0.3252 0.3103 0.0303 0.0515
104 0.1656 0.0610 0.7427 0.0085 0.0153 0.0069
105 0.0210 0.1917 0.7344 0.0301 0.0095 0.0132
106 0.1267 0.4673 0.3162 0.0082 0.0618 0.0201
107 0.0909 0.3679 0.3403 0.1167 0.0163 0.0681
108 0.0896 0.0737 0.7271 0.0094 0.0166 0.0835
109 0.0570 0.1650 0.5586 0.1841 0.0063 0.0291
110 0.0924 0.3921 0.3250 0.0223 0.1047 0.0635
111 0.1521 0.4541 0.3049 0.0082 0.0416 0.0391
112 0.0469 0.1675 0.3835 0.2185 0.0080 0.1755
113 0.0514 0.2415 0.6069 0.0342 0.0475 0.0183
114 0.0961 0.8179 0.0687 0.0062 0.0057 0.0056
115 0.1092 0.1653 0.1902 0.0137 0.4353 0.0864
116 0.2581 0.0589 0.4822 0.1145 0.0120 0.0745
117 0.1553 0.3843 0.1918 0.0207 0.0255 0.2224
118 0.0305 0.1205 0.2632 0.5659 0.0026 0.0175
119 0.0470 0.1530 0.5098 0.2369 0.0079 0.0456
120 0.1503 0.3386 0.1885 0.0181 0.1901 0.1143
121 0.0464 0.2178 0.1521 0.3647 0.0326 0.1863
122 0.2200 0.1465 0.4307 0.1234 0.0353 0.0443
123 0.0291 0.2397 0.3892 0.2435 0.0115 0.0869
124 0.1561 0.0343 0.1107 0.5894 0.0132 0.0962
125 0.4800 0.2413 0.2064 0.0410 0.0195 0.0119
126 0.0161 0.3684 0.5889 0.0035 0.0091 0.0143
127 0.0206 0.2742 0.6079 0.0732 0.0082 0.0157
128 0.0158 0.1384 0.6709 0.0853 0.0105 0.0789
129 0.2006 0.3894 0.2678 0.0312 0.0192 0.0918
130 0.3325 0.3379 0.2510 0.0088 0.0592 0.0107
131 0.0227 0.2600 0.3611 0.3186 0.0117 0.0258
132 0.2417 0.1160 0.2698 0.2101 0.1399 0.0227
133 0.0665 0.5352 0.3245 0.0037 0.0209 0.0494
134 0.1877 0.5142 0.2373 0.0066 0.0288 0.0252
135 0.0795 0.1193 0.2566 0.4102 0.0795 0.0551
136 0.2856 0.1059 0.2900 0.1093 0.1136 0.0956
137 0.1072 0.3982 0.3513 0.0269 0.0502 0.0660
138 0.1113 0.5396 0.2249 0.0211 0.0719 0.0314
139 0.0510 0.0587 0.3770 0.2891 0.0319 0.1925
140 0.0696 0.0742 0.0718 0.5830 0.0118 0.1893
141 0.3123 0.2250 0.2888 0.0854 0.0388 0.0498
142 0.0521 0.2280 0.5557 0.0215 0.1183 0.0242
143 0.0829 0.1205 0.2361 0.3953 0.0698 0.0954
144 0.1315 0.1810 0.2554 0.1882 0.0150 0.2289
145 0.0469 0.1008 0.2917 0.5117 0.0276 0.0211
146 0.0137 0.0977 0.4343 0.0570 0.0020 0.3955
147 0.1754 0.3489 0.2634 0.1133 0.0115 0.0875
148 0.2150 0.5449 0.1700 0.0291 0.0052 0.0359
149 0.0386 0.5586 0.3132 0.0267 0.0500 0.0127
150 0.0530 0.3735 0.5269 0.0286 0.0043 0.0139
151 0.0289 0.2703 0.6382 0.0355 0.0067 0.0205
152 0.1212 0.2839 0.4397 0.0154 0.0568 0.0833
153 0.0252 0.2161 0.6450 0.0735 0.0015 0.0385
154 0.0495 0.0636 0.1599 0.5581 0.0185 0.1503
155 0.1698 0.1131 0.2981 0.2394 0.0275 0.1522
156 0.0412 0.4673 0.4390 0.0042 0.0442 0.0040
157 0.1202 0.4033 0.3730 0.0136 0.0807 0.0091
158 0.1202 0.0981 0.4326 0.0813 0.1060 0.1617
159 0.1925 0.2844 0.1522 0.1986 0.0479 0.1243
160 0.0279 0.2233 0.6987 0.0110 0.0194 0.0198
161 0.0914 0.2484 0.4570 0.1438 0.0233 0.0361
162 0.1266 0.1411 0.6035 0.0926 0.0190 0.0171
163 0.1173 0.0845 0.2644 0.5015 0.0113 0.0210
164 0.2155 0.2122 0.1504 0.3782 0.0266 0.0174
165 0.0803 0.0939 0.7500 0.0450 0.0197 0.0110
166 0.0679 0.1309 0.5957 0.1268 0.0061 0.0723
167 0.0207 0.1172 0.5503 0.2443 0.0201 0.0474
168 0.0126 0.1547 0.5234 0.0841 0.0035 0.2217
169 0.0644 0.1765 0.3916 0.2507 0.0334 0.0834
170 0.1050 0.2578 0.2639 0.0222 0.1199 0.2311
171 0.2163 0.0702 0.1038 0.3511 0.0555 0.2031
172 0.0456 0.0696 0.0974 0.1508 0.0586 0.5781
173 0.1526 0.0488 0.6426 0.0947 0.0374 0.0241
174 0.2301 0.2979 0.2488 0.0502 0.0547 0.1185
175 0.0818 0.1539 0.7119 0.0283 0.0047 0.0194
176 0.1113 0.5474 0.2283 0.0753 0.0164 0.0212
177 0.1957 0.3328 0.3381 0.0158 0.0815 0.0362
178 0.3447 0.3967 0.1565 0.0126 0.0643 0.0254
179 0.0457 0.5391 0.2079 0.1185 0.0109 0.0777
180 0.1498 0.4614 0.3374 0.0204 0.0258 0.0052
181 0.0895 0.1195 0.6411 0.1122 0.0078 0.0300
182 0.3162 0.0844 0.3262 0.1360 0.0632 0.0739
183 0.0417 0.2737 0.3459 0.2416 0.0447 0.0522
184 0.0434 0.3184 0.1677 0.3899 0.0637 0.0169
185 0.0619 0.5513 0.2952 0.0375 0.0306 0.0233
186 0.0326 0.1403 0.1746 0.5815 0.0366 0.0344
187 0.0385 0.1151 0.5576 0.2593 0.0234 0.0061
188 0.1400 0.5410 0.2400 0.0112 0.0218 0.0462
189 0.1230 0.5430 0.3193 0.0015 0.0080 0.0052
190 0.0606 0.5703 0.2959 0.0079 0.0102 0.0547
191 0.1072 0.5156 0.3599 0.0029 0.0089 0.0056
192 0.0587 0.2610 0.3623 0.2377 0.0216 0.0587
193 0.0258 0.1465 0.2693 0.5112 0.0433 0.0039
194 0.1501 0.4343 0.1040 0.0320 0.1598 0.1197
195 0.2279 0.5137 0.1693 0.0087 0.0674 0.0133
196 0.1086 0.3022 0.2710 0.0859 0.0654 0.1669
197 0.0160 0.3813 0.5210 0.0366 0.0052 0.0399
198 0.2629 0.3220 0.2394 0.1353 0.0271 0.0134
199 0.0489 0.2837 0.4128 0.2209 0.0133 0.0204
200 0.0586 0.4294 0.2263 0.2094 0.0079 0.0685
201 0.4187 0.2878 0.2405 0.0187 0.0212 0.0133
202 0.3198 0.3979 0.2233 0.0201 0.0057 0.0332
203 0.2676 0.3176 0.2937 0.0197 0.0749 0.0265
204 0.2266 0.3591 0.3428 0.0055 0.0479 0.0180
205 0.0876 0.5625 0.2382 0.0519 0.0371 0.0229
206 0.1169 0.5669 0.1490 0.0249 0.0588 0.0836
207 0.3198 0.2415 0.2822 0.0464 0.0854 0.0245
208 0.0623 0.1340 0.4031 0.1681 0.1506 0.0819
209 0.1020 0.1484 0.4644 0.2408 0.0174 0.0270
210 0.0934 0.1801 0.5903 0.0919 0.0222 0.0222
211 0.4619 0.3149 0.1387 0.0075 0.0388 0.0382
212 0.3501 0.3313 0.1693 0.0172 0.0083 0.1238
213 0.1281 0.6255 0.2266 0.0020 0.0143 0.0036
214 0.3606 0.3108 0.2421 0.0142 0.0593 0.0128
215 0.3074 0.3123 0.2778 0.0167 0.0809 0.0049
216 0.3428 0.3765 0.1632 0.0051 0.1029 0.0097
217 0.1155 0.5098 0.3450 0.0033 0.0174 0.0092
218 0.0377 0.8447 0.1125 0.0014 0.0018 0.0016
219 0.1165 0.6704 0.2078 0.0025 0.0013 0.0015
220 0.1254 0.4695 0.1141 0.0417 0.0097 0.2397
221 0.0476 0.7275 0.1729 0.0414 0.0023 0.0083
222 0.0901 0.5522 0.3147 0.0279 0.0038 0.0109
223 0.0555 0.4231 0.5024 0.0091 0.0029 0.0073
224 0.2318 0.3882 0.1764 0.0425 0.1395 0.0214
225 0.3328 0.5073 0.1215 0.0057 0.0228 0.0100
226 0.0620 0.1213 0.1140 0.5522 0.0382 0.1122
227 0.0493 0.1129 0.2544 0.4980 0.0125 0.0729
228 0.0346 0.1003 0.5254 0.3040 0.0090 0.0268
229 0.0599 0.1963 0.5859 0.1505 0.0029 0.0042
230 0.4011 0.4688 0.0967 0.0022 0.0245 0.0068
231 0.3779 0.4814 0.0884 0.0094 0.0140 0.0287
232 0.1006 0.7202 0.1194 0.0168 0.0048 0.0382
233 0.0551 0.3887 0.4614 0.0828 0.0029 0.0092
234 0.0559 0.5142 0.2930 0.0564 0.0219 0.0586
235 0.1245 0.2052 0.2185 0.3438 0.0398 0.0682
236 0.0504 0.5767 0.3667 0.0014 0.0015 0.0032
237 0.1815 0.2878 0.2368 0.0264 0.0344 0.2332
238 0.1212 0.3792 0.3296 0.0297 0.0083 0.1321
239 0.0206 0.1432 0.6621 0.1548 0.0030 0.0164
240 0.0504 0.4602 0.3936 0.0763 0.0101 0.0094
241 0.0544 0.3035 0.5757 0.0287 0.0083 0.0293
242 0.0253 0.3984 0.4177 0.0903 0.0081 0.0602
243 0.1974 0.3206 0.2698 0.1057 0.0210 0.0856
244 0.0648 0.3215 0.5298 0.0525 0.0186 0.0128
245 0.2220 0.4556 0.2896 0.0188 0.0075 0.0067
246 0.0272 0.6382 0.1801 0.1425 0.0045 0.0075
247 0.0632 0.7944 0.1238 0.0067 0.0030 0.0088
248 0.0586 0.3914 0.4792 0.0250 0.0270 0.0187
249 0.0955 0.1757 0.6523 0.0223 0.0218 0.0322
250 0.0555 0.3765 0.2671 0.2394 0.0266 0.0350
251 0.0319 0.1595 0.3708 0.3174 0.0106 0.1097
252 0.0920 0.0477 0.5464 0.1830 0.0166 0.1145
253 0.1190 0.2423 0.1317 0.2922 0.0496 0.1652
254 0.0602 0.1663 0.2786 0.2496 0.0146 0.2308
255 0.0578 0.2759 0.3713 0.1622 0.0178 0.1150
256 0.1582 0.5269 0.3049 0.0017 0.0034 0.0047
257 0.0312 0.2119 0.6426 0.0940 0.0017 0.0187
258 0.0353 0.0808 0.3455 0.3003 0.0081 0.2301
259 0.0409 0.0801 0.7485 0.0777 0.0087 0.0439
260 0.0151 0.0527 0.1245 0.4414 0.0116 0.3547
261 0.0475 0.0931 0.2822 0.4509 0.0157 0.1105
262 0.0128 0.1443 0.0498 0.7798 0.0012 0.0122
263 0.0443 0.5981 0.2612 0.0754 0.0117 0.0092
264 0.0250 0.4873 0.3098 0.1582 0.0051 0.0145
265 0.1942 0.2494 0.2201 0.2654 0.0327 0.0382
266 0.0439 0.2563 0.4163 0.2194 0.0168 0.0474
267 0.2267 0.5654 0.1149 0.0179 0.0681 0.0073
268 0.0863 0.2169 0.2239 0.2874 0.0798 0.1057
269 0.0722 0.1505 0.2993 0.2769 0.0358 0.1653
270 0.0648 0.2042 0.5640 0.1093 0.0504 0.0073
271 0.1481 0.4561 0.2722 0.0218 0.0175 0.0844
272 0.2079 0.0600 0.5742 0.1222 0.0208 0.0151
273 0.1057 0.0557 0.1854 0.5537 0.0343 0.0651
274 0.0137 0.4658 0.4883 0.0208 0.0005 0.0110
275 0.0178 0.6514 0.3274 0.0012 0.0015 0.0008
276 0.0341 0.1965 0.3970 0.1735 0.0141 0.1847
277 0.3213 0.4255 0.1517 0.0775 0.0129 0.0109
278 0.0851 0.4783 0.3040 0.0957 0.0132 0.0236
279 0.0865 0.2708 0.4395 0.1340 0.0061 0.0633
280 0.0955 0.6836 0.1326 0.0054 0.0636 0.0194
281 0.0531 0.1637 0.4519 0.2576 0.0343 0.0395
282 0.0263 0.1637 0.7573 0.0310 0.0087 0.0130
283 0.0336 0.1577 0.2642 0.4221 0.0208 0.1018
284 0.0738 0.2102 0.6475 0.0323 0.0099 0.0261
285 0.0939 0.2551 0.4548 0.1224 0.0447 0.0289
286 0.0790 0.2715 0.6118 0.0300 0.0051 0.0030
287 0.0712 0.1847 0.3789 0.2861 0.0546 0.0244
288 0.0677 0.0646 0.4626 0.2118 0.0646 0.1285
289 0.1011 0.3215 0.4978 0.0355 0.0262 0.0179
290 0.0464 0.1670 0.3120 0.3647 0.0334 0.0765
291 0.0591 0.0795 0.2299 0.5513 0.0460 0.0342
292 0.0485 0.0740 0.3367 0.4675 0.0276 0.0456
293 0.1442 0.2034 0.6069 0.0394 0.0019 0.0043
294 0.2754 0.3481 0.2629 0.0337 0.0482 0.0316
295 0.0583 0.1770 0.5986 0.0738 0.0251 0.0671
296 0.0667 0.1049 0.4148 0.3604 0.0220 0.0315
297 0.0170 0.4197 0.5220 0.0277 0.0095 0.0040
298 0.0726 0.3896 0.4849 0.0392 0.0119 0.0018
299 0.0817 0.2186 0.5850 0.1016 0.0078 0.0053
300 0.0508 0.5996 0.3313 0.0112 0.0040 0.0031
301 0.1920 0.1804 0.1351 0.1449 0.0501 0.2974
302 0.0775 0.6587 0.2499 0.0077 0.0050 0.0015
303 0.1033 0.1992 0.1246 0.1960 0.2205 0.1564
304 0.1085 0.6196 0.2042 0.0053 0.0366 0.0260
305 0.0768 0.5288 0.2520 0.0095 0.1153 0.0175
306 0.1254 0.3357 0.3743 0.1178 0.0182 0.0286
307 0.1013 0.1892 0.3823 0.2795 0.0216 0.0260
308 0.1819 0.5386 0.1721 0.0170 0.0852 0.0050
309 0.1057 0.2068 0.2827 0.2964 0.0276 0.0810
310 0.0249 0.8369 0.1115 0.0071 0.0156 0.0038
311 0.0471 0.0645 0.2671 0.3884 0.0281 0.2047
312 0.1383 0.0776 0.0907 0.3699 0.0309 0.2927
