time exciting_prob fearful_prob tense_prob sad_prob relaxing_prob neutral_prob
0 0.3804 0.2307 0.1216 0.2101 0.0511 0.0060
1 0.5874 0.3071 0.0490 0.0061 0.0497 0.0006
2 0.6367 0.1927 0.0816 0.0205 0.0666 0.0017
3 0.6831 0.1263 0.0483 0.0382 0.1024 0.0016
4 0.7529 0.1720 0.0497 0.0046 0.0201 0.0006
5 0.5908 0.3394 0.0512 0.0038 0.0138 0.0008
6 0.5151 0.3174 0.1022 0.0105 0.0534 0.0016
7 0.5176 0.3530 0.0935 0.0093 0.0252 0.0015
8 0.5957 0.0858 0.2444 0.0658 0.0063 0.0023
9 0.4456 0.3159 0.1917 0.0178 0.0280 0.0010
10 0.2905 0.3850 0.2688 0.0316 0.0217 0.0022
11 0.2137 0.0994 0.3579 0.2922 0.0344 0.0022
12 0.4385 0.1390 0.3062 0.0677 0.0473 0.0014
13 0.1417 0.3855 0.4578 0.0124 0.0022 0.0005
14 0.2423 0.1317 0.4321 0.1381 0.0197 0.0360
15 0.4497 0.0638 0.2686 0.1816 0.0090 0.0272
16 0.2974 0.1383 0.4607 0.0794 0.0219 0.0023
17 0.2086 0.4348 0.3232 0.0114 0.0210 0.0008
18 0.2864 0.2732 0.4167 0.0124 0.0108 0.0004
19 0.4587 0.0903 0.3057 0.1169 0.0116 0.0167
20 0.6631 0.1266 0.1842 0.0178 0.0082 0.0001
21 0.5449 0.3154 0.1160 0.0035 0.0199 0.0005
22 0.5767 0.3086 0.0857 0.0023 0.0266 0.0001
23 0.7559 0.0302 0.1957 0.0157 0.0025 0.0002
24 0.6943 0.0548 0.2344 0.0117 0.0047 0.0002
25 0.7217 0.2004 0.0565 0.0035 0.0175 0.0001
26 0.7598 0.1077 0.1086 0.0145 0.0088 0.0008
27 0.5938 0.0626 0.3079 0.0255 0.0101 0.0003
28 0.6733 0.1599 0.1526 0.0072 0.0067 0.0002
29 0.5425 0.2815 0.1616 0.0019 0.0127 0.0001
30 0.6450 0.2178 0.1104 0.0051 0.0214 0.0003
31 0.4814 0.2832 0.2087 0.0077 0.0187 0.0002
32 0.6729 0.1958 0.1133 0.0056 0.0119 0.0004
33 0.4270 0.3567 0.1322 0.0490 0.0324 0.0027
34 0.3320 0.3320 0.2795 0.0067 0.0490 0.0007
35 0.5420 0.1903 0.2296 0.0278 0.0082 0.0019
36 0.4358 0.4158 0.1137 0.0114 0.0231 0.0001
37 0.5835 0.2910 0.0952 0.0052 0.0250 0.0001
38 0.6924 0.2095 0.0801 0.0078 0.0100 0.0003
39 0.1716 0.3928 0.4248 0.0039 0.0056 0.0011
40 0.5620 0.0440 0.3772 0.0115 0.0046 0.0008
41 0.2710 0.1907 0.2336 0.1362 0.1569 0.0115
42 0.7612 0.0578 0.1547 0.0159 0.0102 0.0002
43 0.4688 0.2588 0.2549 0.0124 0.0045 0.0005
44 0.6733 0.1990 0.1161 0.0030 0.0084 0.0002
45 0.1114 0.3567 0.4951 0.0337 0.0022 0.0009
46 0.7563 0.0816 0.1410 0.0134 0.0070 0.0009
47 0.8672 0.0845 0.0350 0.0058 0.0062 0.0012
48 0.2583 0.5645 0.1484 0.0118 0.0150 0.0020
49 0.3203 0.2495 0.3657 0.0182 0.0458 0.0004
50 0.6880 0.1941 0.0822 0.0083 0.0273 0.0002
51 0.5684 0.2859 0.1191 0.0129 0.0123 0.0013
52 0.6274 0.1099 0.1587 0.0883 0.0133 0.0022
53 0.4026 0.3210 0.1459 0.0378 0.0884 0.0042
54 0.3074 0.1158 0.5107 0.0560 0.0092 0.0006
55 0.5293 0.2947 0.1339 0.0242 0.0162 0.0014
56 0.6548 0.1103 0.1847 0.0439 0.0063 0.0003
57 0.8276 0.1279 0.0350 0.0074 0.0020 0.0001
58 0.1877 0.5146 0.2588 0.0073 0.0297 0.0021
59 0.3948 0.0526 0.5151 0.0201 0.0168 0.0005
60 0.5903 0.0934 0.1577 0.1277 0.0303 0.0003
61 0.6509 0.0582 0.2820 0.0042 0.0046 0.0000
62 0.7280 0.0280 0.2310 0.0084 0.0043 0.0002
63 0.6050 0.2642 0.1128 0.0096 0.0082 0.0003
64 0.4812 0.3386 0.1161 0.0544 0.0080 0.0019
65 0.5356 0.2286 0.2114 0.0179 0.0043 0.0019
66 0.6479 0.0305 0.2328 0.0750 0.0135 0.0004
67 0.4355 0.1403 0.4028 0.0047 0.0160 0.0006
68 0.1170 0.4084 0.4626 0.0080 0.0034 0.0005
69 0.4075 0.4404 0.1333 0.0089 0.0092 0.0006
70 0.7236 0.2156 0.0554 0.0030 0.0023 0.0002
71 0.5640 0.0935 0.3113 0.0180 0.0123 0.0011
72 0.3889 0.0560 0.3711 0.1647 0.0183 0.0011
73 0.3560 0.0663 0.3093 0.2228 0.0390 0.0065
74 0.4131 0.1655 0.3940 0.0166 0.0103 0.0004
75 0.3479 0.2246 0.4131 0.0047 0.0093 0.0005
76 0.0792 0.4084 0.5083 0.0025 0.0007 0.0007
77 0.6782 0.0890 0.1943 0.0267 0.0108 0.0007
78 0.3064 0.4495 0.1553 0.0183 0.0700 0.0006
79 0.7178 0.0632 0.1425 0.0618 0.0140 0.0007
80 0.1904 0.2445 0.4939 0.0585 0.0122 0.0006
81 0.3247 0.1737 0.2412 0.1046 0.1545 0.0013
82 0.5156 0.1263 0.3462 0.0054 0.0061 0.0002
83 0.4163 0.1044 0.4644 0.0080 0.0069 0.0001
84 0.5376 0.0408 0.2620 0.1403 0.0166 0.0024
85 0.7329 0.0420 0.2117 0.0056 0.0077 0.0001
86 0.3301 0.2800 0.3682 0.0091 0.0123 0.0003
87 0.6313 0.0440 0.3076 0.0100 0.0071 0.0002
88 0.6802 0.0554 0.2278 0.0222 0.0128 0.0016
89 0.5112 0.0090 0.3005 0.1698 0.0090 0.0007
90 0.2206 0.4285 0.3110 0.0201 0.0154 0.0044
91 0.6870 0.1440 0.1594 0.0037 0.0055 0.0001
92 0.5356 0.1365 0.2844 0.0307 0.0119 0.0005
93 0.4998 0.1410 0.3252 0.0210 0.0125 0.0006
94 0.3721 0.0357 0.4487 0.1189 0.0194 0.0051
95 0.5708 0.0754 0.2915 0.0569 0.0049 0.0006
96 0.3376 0.3376 0.3196 0.0016 0.0032 0.0001
97 0.4756 0.1406 0.3704 0.0066 0.0067 0.0002
98 0.2316 0.0350 0.4465 0.2013 0.0839 0.0018
99 0.4592 0.3257 0.1975 0.0078 0.0082 0.0017
100 0.5264 0.0429 0.3972 0.0187 0.0139 0.0009
101 0.3455 0.0494 0.3145 0.2649 0.0219 0.0040
102 0.4834 0.1937 0.3000 0.0115 0.0108 0.0007
103 0.4875 0.0494 0.4236 0.0258 0.0132 0.0005
104 0.4441 0.1195 0.4172 0.0093 0.0091 0.0009
105 0.2949 0.1146 0.5552 0.0296 0.0056 0.0003
106 0.3398 0.2194 0.3425 0.0807 0.0165 0.0011
107 0.3721 0.3931 0.1946 0.0119 0.0272 0.0012
108 0.5444 0.0650 0.1512 0.2306 0.0074 0.0014
109 0.4888 0.1783 0.2477 0.0454 0.0119 0.0280
110 0.5034 0.0656 0.3984 0.0205 0.0116 0.0003
111 0.7031 0.2355 0.0517 0.0072 0.0026 0.0000
112 0.2356 0.0998 0.4688 0.1658 0.0190 0.0111
113 0.5713 0.0709 0.1688 0.1688 0.0130 0.0070
114 0.7422 0.1696 0.0393 0.0148 0.0339 0.0003
115 0.7397 0.1613 0.0699 0.0102 0.0188 0.0002
116 0.3652 0.4690 0.1252 0.0332 0.0064 0.0010
117 0.6865 0.1696 0.1103 0.0121 0.0215 0.0002
118 0.4392 0.1259 0.1831 0.0504 0.1996 0.0019
119 0.7061 0.0941 0.1412 0.0116 0.0466 0.0002
120 0.4070 0.0187 0.4910 0.0759 0.0052 0.0024
121 0.7773 0.1531 0.0599 0.0029 0.0067 0.0001
122 0.2050 0.1344 0.6313 0.0133 0.0047 0.0113
123 0.6470 0.0503 0.2151 0.0743 0.0130 0.0002
124 0.5771 0.2522 0.0950 0.0170 0.0580 0.0005
125 0.5664 0.1216 0.1989 0.0925 0.0197 0.0007
126 0.6978 0.0814 0.1710 0.0281 0.0214 0.0002
127 0.3840 0.2944 0.2598 0.0318 0.0294 0.0004
128 0.7642 0.0532 0.1493 0.0244 0.0088 0.0002
129 0.7295 0.0806 0.1506 0.0290 0.0100 0.0002
130 0.3901 0.0699 0.4421 0.0851 0.0101 0.0025
131 0.6621 0.1466 0.1586 0.0243 0.0079 0.0005
132 0.5161 0.2786 0.1855 0.0097 0.0096 0.0004
133 0.3164 0.2642 0.2603 0.0390 0.1146 0.0057
134 0.5444 0.2781 0.1512 0.0079 0.0178 0.0003
135 0.4385 0.3496 0.1799 0.0076 0.0244 0.0002
136 0.2700 0.5542 0.1539 0.0092 0.0116 0.0009
137 0.3037 0.4932 0.1704 0.0060 0.0257 0.0010
138 0.5396 0.1582 0.2820 0.0118 0.0081 0.0003
139 0.2284 0.2798 0.4507 0.0248 0.0154 0.0009
140 0.5210 0.1652 0.2922 0.0110 0.0101 0.0007
141 0.5781 0.1863 0.1921 0.0136 0.0297 0.0002
142 0.3442 0.1931 0.4387 0.0121 0.0111 0.0009
143 0.2979 0.0506 0.3481 0.2430 0.0471 0.0132
144 0.5864 0.0358 0.3091 0.0529 0.0149 0.0006
145 0.5469 0.0825 0.3264 0.0363 0.0077 0.0004
146 0.5288 0.1412 0.3132 0.0082 0.0083 0.0001
147 0.6909 0.0604 0.2091 0.0272 0.0124 0.0002
148 0.3022 0.0419 0.5688 0.0674 0.0186 0.0010
149 0.4883 0.0869 0.3984 0.0164 0.0097 0.0001
150 0.4363 0.0907 0.4500 0.0026 0.0202 0.0003
151 0.3298 0.2568 0.3247 0.0777 0.0070 0.0040
152 0.6494 0.0299 0.2927 0.0097 0.0180 0.0005
153 0.4709 0.0769 0.4028 0.0369 0.0116 0.0008
154 0.4121 0.0325 0.4456 0.0948 0.0148 0.0000
155 0.4048 0.0454 0.4883 0.0499 0.0113 0.0001
156 0.3005 0.1215 0.5527 0.0121 0.0126 0.0004
157 0.3223 0.0923 0.5146 0.0640 0.0062 0.0006
158 0.6309 0.0543 0.2778 0.0218 0.0151 0.0002
159 0.2690 0.3916 0.3220 0.0139 0.0024 0.0008
160 0.5278 0.3054 0.1560 0.0056 0.0049 0.0001
161 0.6987 0.0889 0.1910 0.0112 0.0099 0.0002
162 0.3247 0.4688 0.1213 0.0192 0.0634 0.0028
163 0.4846 0.0565 0.4177 0.0300 0.0105 0.0005
164 0.7725 0.0426 0.1582 0.0138 0.0124 0.0003
165 0.3833 0.0338 0.3081 0.2476 0.0245 0.0028
166 0.3955 0.4050 0.1274 0.0359 0.0349 0.0012
167 0.5537 0.0301 0.3206 0.0843 0.0093 0.0018
168 0.7275 0.0565 0.1974 0.0140 0.0043 0.0003
169 0.4702 0.1423 0.3281 0.0175 0.0408 0.0010
170 0.3938 0.1044 0.4429 0.0533 0.0032 0.0024
171 0.5767 0.0462 0.3184 0.0473 0.0113 0.0003
172 0.5537 0.3604 0.0656 0.0073 0.0119 0.0009
173 0.3540 0.0153 0.1365 0.4692 0.0201 0.0048
174 0.0712 0.5264 0.3975 0.0032 0.0012 0.0005
175 0.6372 0.0761 0.2615 0.0185 0.0065 0.0004
176 0.4370 0.1158 0.4370 0.0060 0.0041 0.0000
177 0.2225 0.5864 0.1494 0.0068 0.0341 0.0008
178 0.2433 0.5439 0.1453 0.0324 0.0334 0.0014
179 0.6621 0.1187 0.1782 0.0351 0.0047 0.0013
180 0.2913 0.3354 0.3569 0.0048 0.0109 0.0005
181 0.3323 0.2979 0.3428 0.0060 0.0209 0.0003
182 0.3765 0.2546 0.3535 0.0030 0.0122 0.0002
183 0.3972 0.2861 0.2505 0.0198 0.0439 0.0028
184 0.4089 0.0558 0.2683 0.2224 0.0323 0.0123
185 0.5972 0.0439 0.2844 0.0534 0.0204 0.0005
186 0.5278 0.0917 0.3462 0.0152 0.0185 0.0006
187 0.6387 0.2502 0.0800 0.0070 0.0240 0.0002
188 0.1136 0.1553 0.1349 0.1288 0.0181 0.4492
189 0.1136 0.1553 0.1349 0.1288 0.0181 0.4492
190 0.3320 0.2111 0.0577 0.2798 0.0529 0.0664
191 0.4438 0.3457 0.0514 0.0796 0.0748 0.0047
192 0.4268 0.3650 0.0518 0.0753 0.0765 0.0045
