time exciting_prob fearful_prob tense_prob sad_prob relaxing_prob neutral_prob
0 0.1136 0.1553 0.1349 0.1288 0.0181 0.4492
1 0.2632 0.1941 0.3462 0.1609 0.0278 0.0078
2 0.2800 0.1499 0.3406 0.1740 0.0443 0.0114
3 0.2202 0.1152 0.4485 0.1914 0.0192 0.0055
4 0.1696 0.0559 0.3345 0.3879 0.0329 0.0193
5 0.3296 0.1581 0.4038 0.0685 0.0324 0.0075
6 0.3259 0.0500 0.4893 0.0963 0.0280 0.0106
7 0.6250 0.0425 0.2646 0.0412 0.0244 0.0019
8 0.5425 0.0183 0.3616 0.0533 0.0174 0.0067
9 0.2874 0.0811 0.6040 0.0146 0.0106 0.0024
10 0.6226 0.0368 0.2290 0.0911 0.0159 0.0048
11 0.5947 0.0733 0.2681 0.0492 0.0114 0.0033
12 0.5596 0.0481 0.2225 0.1019 0.0576 0.0102
13 0.6445 0.0684 0.2484 0.0199 0.0161 0.0027
14 0.0974 0.0600 0.2527 0.5181 0.0279 0.0439
15 0.0813 0.1951 0.2974 0.3760 0.0277 0.0226
16 0.0704 0.2153 0.3779 0.3035 0.0245 0.0083
17 0.0219 0.0167 0.9458 0.0132 0.0022 0.0004
18 0.0356 0.0192 0.8911 0.0458 0.0070 0.0012
19 0.0335 0.0247 0.9199 0.0170 0.0044 0.0002
20 0.0376 0.0208 0.8970 0.0394 0.0047 0.0004
21 0.1068 0.0562 0.8013 0.0205 0.0135 0.0018
22 0.0826 0.0894 0.7251 0.0605 0.0390 0.0036
23 0.0559 0.1383 0.7251 0.0456 0.0258 0.0095
24 0.0449 0.0826 0.8477 0.0155 0.0063 0.0032
25 0.0985 0.0616 0.8120 0.0223 0.0042 0.0011
26 0.0683 0.0310 0.8857 0.0121 0.0024 0.0007
27 0.0997 0.0880 0.7314 0.0620 0.0163 0.0026
28 0.0731 0.0518 0.7676 0.0875 0.0179 0.0022
29 0.0480 0.0315 0.8516 0.0617 0.0042 0.0030
30 0.0742 0.0514 0.8037 0.0551 0.0151 0.0004
31 0.1945 0.0667 0.4182 0.2070 0.0856 0.0280
32 0.3191 0.0788 0.3940 0.0381 0.1669 0.0033
33 0.1497 0.0453 0.6919 0.0304 0.0801 0.0028
34 0.2063 0.0747 0.5435 0.0409 0.1311 0.0036
35 0.1526 0.0187 0.6631 0.0870 0.0598 0.0191
36 0.1186 0.0265 0.7734 0.0440 0.0334 0.0042
37 0.1085 0.1003 0.2686 0.4158 0.0818 0.0252
38 0.1090 0.1444 0.1943 0.1422 0.4050 0.0048
39 0.5586 0.0452 0.1931 0.0392 0.1614 0.0024
40 0.5410 0.1041 0.2457 0.0267 0.0817 0.0010
41 0.3738 0.0953 0.3623 0.1418 0.0243 0.0023
42 0.1910 0.1686 0.3005 0.2695 0.0583 0.0121
43 0.2651 0.0502 0.6562 0.0166 0.0108 0.0009
44 0.2159 0.0533 0.7080 0.0016 0.0210 0.0000
45 0.3440 0.0519 0.5669 0.0031 0.0338 0.0001
46 0.3271 0.1418 0.4990 0.0036 0.0282 0.0001
47 0.0456 0.1448 0.5464 0.1426 0.1093 0.0111
48 0.1251 0.0847 0.3677 0.0610 0.3564 0.0053
49 0.0685 0.5220 0.3423 0.0586 0.0031 0.0054
50 0.1047 0.3601 0.4480 0.0797 0.0049 0.0026
51 0.1655 0.4717 0.2485 0.1052 0.0065 0.0026
52 0.0884 0.4707 0.3723 0.0637 0.0032 0.0017
53 0.2573 0.1688 0.5117 0.0365 0.0228 0.0028
54 0.1229 0.1268 0.6191 0.1210 0.0091 0.0008
55 0.0594 0.4822 0.1693 0.0711 0.2140 0.0041
56 0.1553 0.3967 0.2042 0.1654 0.0740 0.0045
57 0.2386 0.2349 0.4089 0.0194 0.0964 0.0016
58 0.1377 0.1388 0.6670 0.0051 0.0511 0.0003
59 0.2422 0.1306 0.4150 0.1359 0.0688 0.0074
60 0.1311 0.4541 0.3120 0.0670 0.0307 0.0052
61 0.2585 0.4194 0.2390 0.0634 0.0100 0.0097
62 0.2808 0.2720 0.0970 0.2988 0.0144 0.0371
63 0.2554 0.1294 0.5537 0.0257 0.0320 0.0039
64 0.3171 0.2866 0.3098 0.0312 0.0543 0.0011
65 0.0510 0.0923 0.3828 0.0625 0.3596 0.0518
66 0.0895 0.4617 0.4138 0.0284 0.0025 0.0041
67 0.0687 0.2717 0.4080 0.2019 0.0152 0.0345
68 0.0953 0.5273 0.3513 0.0108 0.0046 0.0107
69 0.0564 0.3374 0.4685 0.1045 0.0045 0.0288
70 0.0536 0.4456 0.3159 0.1277 0.0496 0.0075
71 0.0402 0.5464 0.2834 0.1076 0.0183 0.0039
72 0.3896 0.2069 0.2805 0.0195 0.1024 0.0009
73 0.3669 0.2279 0.3020 0.0695 0.0323 0.0013
74 0.0899 0.3613 0.4426 0.0942 0.0041 0.0079
75 0.5552 0.1919 0.1733 0.0240 0.0550 0.0007
76 0.3159 0.1135 0.2810 0.2559 0.0298 0.0039
77 0.1008 0.2101 0.4048 0.2236 0.0382 0.0225
78 0.1506 0.1666 0.3906 0.1318 0.1482 0.0121
79 0.4578 0.1149 0.1779 0.0605 0.1851 0.0038
80 0.5112 0.1780 0.1986 0.0640 0.0464 0.0018
81 0.0688 0.1704 0.4487 0.1871 0.0481 0.0768
82 0.2876 0.1401 0.2153 0.2478 0.0792 0.0301
83 0.2273 0.0836 0.1945 0.3748 0.0484 0.0715
84 0.2771 0.1761 0.2749 0.1642 0.0981 0.0094
85 0.5317 0.2551 0.1355 0.0044 0.0726 0.0003
86 0.0695 0.2859 0.5342 0.0157 0.0806 0.0141
87 0.1400 0.1884 0.2308 0.3105 0.0230 0.1073
88 0.5586 0.2347 0.1731 0.0095 0.0236 0.0003
89 0.2729 0.1936 0.4468 0.0415 0.0439 0.0012
90 0.1503 0.1930 0.2598 0.3550 0.0325 0.0094
91 0.0317 0.4956 0.2781 0.0903 0.0848 0.0197
92 0.0195 0.4880 0.4729 0.0057 0.0047 0.0091
93 0.4595 0.2188 0.1638 0.0524 0.1025 0.0031
94 0.1986 0.4270 0.3027 0.0258 0.0379 0.0077
95 0.0255 0.1100 0.6948 0.0884 0.0804 0.0008
96 0.1912 0.1215 0.4585 0.1536 0.0592 0.0162
97 0.0931 0.1398 0.3738 0.2651 0.0960 0.0322
98 0.1239 0.5684 0.2465 0.0283 0.0270 0.0058
99 0.4473 0.2588 0.2302 0.0206 0.0416 0.0014
100 0.0801 0.1384 0.3821 0.3479 0.0126 0.0390
101 0.0717 0.0550 0.2244 0.6196 0.0184 0.0111
102 0.4390 0.3445 0.1267 0.0481 0.0399 0.0017
103 0.0839 0.1260 0.4829 0.2883 0.0120 0.0068
104 0.1737 0.2908 0.3975 0.0922 0.0425 0.0033
105 0.1591 0.4602 0.3699 0.0054 0.0055 0.0001
106 0.1393 0.2812 0.4426 0.1110 0.0254 0.0005
107 0.0376 0.5029 0.3247 0.0860 0.0406 0.0083
108 0.2152 0.1929 0.2942 0.0621 0.2220 0.0134
109 0.3638 0.3752 0.1528 0.0864 0.0196 0.0023
110 0.3621 0.1570 0.3169 0.1113 0.0518 0.0010
111 0.5220 0.1211 0.1949 0.1415 0.0172 0.0035
112 0.1765 0.6611 0.1252 0.0337 0.0026 0.0009
113 0.0946 0.1215 0.3005 0.4045 0.0714 0.0073
114 0.2986 0.3657 0.2289 0.0110 0.0954 0.0004
115 0.2810 0.2766 0.3994 0.0246 0.0159 0.0025
116 0.4678 0.1592 0.3240 0.0095 0.0387 0.0007
117 0.0701 0.7026 0.2076 0.0109 0.0088 0.0001
118 0.0593 0.4661 0.2456 0.1335 0.0911 0.0045
119 0.3005 0.3301 0.2759 0.0230 0.0665 0.0039
120 0.2466 0.2974 0.3291 0.0460 0.0752 0.0058
121 0.0375 0.4465 0.2109 0.2974 0.0057 0.0020
122 0.0624 0.7251 0.1892 0.0161 0.0055 0.0015
123 0.0476 0.1057 0.4377 0.3745 0.0228 0.0117
124 0.1920 0.5098 0.2390 0.0409 0.0179 0.0002
125 0.0461 0.3127 0.3657 0.2117 0.0507 0.0131
126 0.0404 0.2119 0.4150 0.2439 0.0519 0.0368
127 0.1238 0.1815 0.4597 0.1887 0.0418 0.0044
128 0.2510 0.1387 0.4106 0.1387 0.0592 0.0018
129 0.0589 0.1425 0.5547 0.2207 0.0178 0.0052
130 0.0267 0.3049 0.5352 0.0736 0.0582 0.0013
131 0.1614 0.3933 0.3638 0.0313 0.0492 0.0011
132 0.2883 0.1567 0.0764 0.2751 0.0053 0.1981
133 0.4448 0.2871 0.0737 0.1024 0.0069 0.0849
134 0.2438 0.3896 0.1990 0.0548 0.1107 0.0021
135 0.1431 0.4763 0.1333 0.2233 0.0180 0.0060
136 0.2649 0.1149 0.3147 0.2231 0.0759 0.0063
137 0.2930 0.2109 0.3589 0.0729 0.0609 0.0033
138 0.0729 0.2776 0.5186 0.0930 0.0376 0.0006
139 0.0654 0.1669 0.5645 0.1617 0.0378 0.0035
140 0.1625 0.1785 0.2988 0.1703 0.1550 0.0346
141 0.0626 0.0803 0.2397 0.4551 0.0300 0.1324
142 0.1331 0.1921 0.5264 0.1138 0.0256 0.0091
143 0.0565 0.2610 0.5273 0.0630 0.0916 0.0007
144 0.0846 0.1021 0.2773 0.4099 0.0453 0.0807
145 0.1851 0.0388 0.1823 0.4509 0.0439 0.0991
146 0.0680 0.1395 0.5522 0.1087 0.1311 0.0006
147 0.4050 0.1797 0.3333 0.0310 0.0499 0.0011
148 0.5288 0.2384 0.1527 0.0383 0.0398 0.0020
149 0.3176 0.0992 0.4768 0.0720 0.0330 0.0015
150 0.1508 0.0564 0.7661 0.0136 0.0129 0.0005
151 0.5259 0.1667 0.1628 0.0349 0.1068 0.0030
152 0.0594 0.1542 0.5298 0.2242 0.0145 0.0180
153 0.4219 0.0694 0.2878 0.1947 0.0240 0.0022
154 0.4028 0.1553 0.2581 0.0987 0.0800 0.0052
155 0.2258 0.3608 0.3525 0.0259 0.0333 0.0015
156 0.2822 0.4106 0.1808 0.0362 0.0888 0.0016
157 0.3096 0.2338 0.2908 0.0691 0.0937 0.0031
158 0.3982 0.3052 0.2415 0.0173 0.0376 0.0002
159 0.1869 0.1959 0.4663 0.0962 0.0407 0.0140
160 0.1329 0.1136 0.5771 0.1035 0.0618 0.0109
161 0.2505 0.2666 0.3672 0.0800 0.0294 0.0063
162 0.1333 0.3650 0.3049 0.1534 0.0337 0.0095
163 0.2036 0.3081 0.1943 0.2698 0.0165 0.0077
164 0.0565 0.2344 0.3008 0.2307 0.0651 0.1124
165 0.3411 0.2698 0.3306 0.0341 0.0238 0.0004
166 0.0685 0.8345 0.0873 0.0042 0.0040 0.0014
167 0.1414 0.2207 0.5723 0.0344 0.0160 0.0150
168 0.3635 0.4705 0.1208 0.0204 0.0234 0.0013
169 0.1805 0.0937 0.4299 0.1486 0.1439 0.0034
170 0.1188 0.1226 0.3547 0.3604 0.0395 0.0040
171 0.1177 0.3250 0.1738 0.3567 0.0075 0.0194
172 0.1133 0.6172 0.2416 0.0145 0.0094 0.0042
173 0.1697 0.1104 0.5923 0.0680 0.0586 0.0012
174 0.2612 0.2416 0.1768 0.2825 0.0365 0.0017
175 0.3694 0.3994 0.1401 0.0728 0.0170 0.0014
176 0.1243 0.6460 0.1522 0.0450 0.0214 0.0111
177 0.0494 0.7261 0.1204 0.0867 0.0155 0.0018
178 0.0866 0.2627 0.4905 0.1473 0.0070 0.0060
179 0.1166 0.6450 0.1833 0.0224 0.0219 0.0105
180 0.2115 0.5620 0.2003 0.0136 0.0107 0.0019
181 0.1598 0.5664 0.2133 0.0377 0.0189 0.0040
182 0.2603 0.3188 0.2561 0.0481 0.1146 0.0020
183 0.2925 0.2749 0.3528 0.0449 0.0163 0.0187
184 0.1821 0.5654 0.2267 0.0145 0.0084 0.0030
185 0.1853 0.2654 0.3743 0.1234 0.0457 0.0059
186 0.3076 0.2937 0.1621 0.1409 0.0895 0.0060
187 0.2312 0.0598 0.5811 0.1002 0.0238 0.0038
188 0.2888 0.4072 0.2432 0.0419 0.0115 0.0076
189 0.1066 0.1975 0.4812 0.1798 0.0062 0.0287
190 0.2727 0.4602 0.1393 0.0627 0.0604 0.0050
191 0.3804 0.2676 0.2036 0.1151 0.0310 0.0023
192 0.2485 0.4502 0.2795 0.0135 0.0078 0.0006
193 0.2245 0.6201 0.1351 0.0137 0.0064 0.0004
194 0.2876 0.4490 0.1827 0.0405 0.0354 0.0049
195 0.1748 0.4194 0.3789 0.0159 0.0055 0.0055
196 0.1622 0.4514 0.3252 0.0472 0.0092 0.0047
197 0.1118 0.3088 0.3726 0.1414 0.0533 0.0123
198 0.2749 0.2091 0.3967 0.0734 0.0438 0.0022
199 0.3257 0.2310 0.3308 0.0641 0.0395 0.0090
200 0.0717 0.3394 0.5337 0.0456 0.0093 0.0003
201 0.1178 0.2362 0.5938 0.0444 0.0077 0.0003
202 0.2571 0.4172 0.2512 0.0416 0.0249 0.0081
203 0.1017 0.4971 0.3110 0.0637 0.0092 0.0174
204 0.1672 0.1571 0.6357 0.0230 0.0162 0.0008
205 0.4529 0.1719 0.3262 0.0320 0.0161 0.0007
206 0.4224 0.1011 0.4390 0.0114 0.0256 0.0006
207 0.2358 0.1302 0.3950 0.1633 0.0615 0.0142
208 0.2400 0.2363 0.3718 0.0947 0.0557 0.0014
209 0.1415 0.0474 0.1350 0.4426 0.0432 0.1904
210 0.1150 0.0655 0.3596 0.4014 0.0175 0.0410
211 0.0328 0.2993 0.4858 0.1627 0.0155 0.0040
212 0.0771 0.1909 0.3052 0.3679 0.0461 0.0128
213 0.1658 0.4102 0.3706 0.0286 0.0244 0.0006
214 0.0880 0.1121 0.3975 0.3562 0.0231 0.0231
215 0.1337 0.0773 0.6177 0.0850 0.0641 0.0222
216 0.3706 0.3855 0.1385 0.0814 0.0200 0.0040
217 0.2761 0.1958 0.1675 0.3228 0.0156 0.0225
218 0.0975 0.1418 0.6816 0.0526 0.0260 0.0004
219 0.1527 0.1827 0.3691 0.2239 0.0632 0.0085
220 0.0305 0.0518 0.0578 0.1080 0.7266 0.0253
221 0.0867 0.3916 0.4302 0.0314 0.0564 0.0036
222 0.2322 0.3708 0.3484 0.0300 0.0098 0.0087
223 0.1410 0.1598 0.5576 0.1124 0.0206 0.0082
224 0.0586 0.2688 0.2688 0.3452 0.0345 0.0242
225 0.1326 0.2085 0.3181 0.2852 0.0480 0.0078
226 0.2651 0.4878 0.1234 0.0725 0.0472 0.0038
227 0.3137 0.4158 0.1874 0.0435 0.0366 0.0031
228 0.0531 0.3772 0.5156 0.0351 0.0182 0.0007
229 0.3674 0.3318 0.1763 0.0119 0.1121 0.0006
230 0.0679 0.4358 0.2903 0.0885 0.1119 0.0058
231 0.2927 0.1890 0.3291 0.1111 0.0764 0.0020
232 0.2235 0.2803 0.4080 0.0483 0.0109 0.0289
233 0.2290 0.2595 0.4214 0.0602 0.0130 0.0169
234 0.1969 0.2145 0.2932 0.2249 0.0675 0.0031
235 0.0493 0.1719 0.5635 0.1947 0.0184 0.0022
236 0.0543 0.2181 0.5835 0.0975 0.0436 0.0028
237 0.1664 0.4185 0.1691 0.2347 0.0085 0.0030
238 0.1475 0.6064 0.2000 0.0293 0.0137 0.0031
239 0.2271 0.4695 0.2201 0.0444 0.0370 0.0020
240 0.3257 0.3899 0.1945 0.0500 0.0386 0.0015
241 0.4446 0.0962 0.3057 0.0720 0.0791 0.0024
242 0.1091 0.1515 0.3577 0.2458 0.0484 0.0876
243 0.1989 0.5239 0.2004 0.0621 0.0111 0.0037
244 0.2244 0.0643 0.2971 0.3699 0.0168 0.0274
245 0.2389 0.2092 0.3140 0.1776 0.0581 0.0021
246 0.2627 0.4070 0.2732 0.0314 0.0195 0.0062
247 0.4092 0.3113 0.2277 0.0320 0.0183 0.0016
248 0.3154 0.3521 0.2345 0.0308 0.0612 0.0062
249 0.4558 0.2365 0.2659 0.0249 0.0162 0.0006
250 0.2649 0.2266 0.4722 0.0173 0.0167 0.0025
251 0.2517 0.0727 0.6431 0.0128 0.0194 0.0005
252 0.2893 0.1225 0.5576 0.0159 0.0137 0.0007
253 0.1827 0.0346 0.7573 0.0107 0.0138 0.0007
254 0.3589 0.1951 0.3560 0.0758 0.0116 0.0027
255 0.2532 0.2306 0.3892 0.1097 0.0111 0.0062
256 0.3967 0.3164 0.2583 0.0205 0.0064 0.0018
257 0.3589 0.1982 0.4067 0.0214 0.0130 0.0020
258 0.4226 0.1239 0.4292 0.0161 0.0072 0.0010
259 0.1901 0.0912 0.6953 0.0041 0.0193 0.0001
260 0.2673 0.0615 0.6411 0.0137 0.0159 0.0005
261 0.4675 0.0872 0.4031 0.0176 0.0205 0.0041
262 0.2498 0.0884 0.6182 0.0371 0.0056 0.0010
263 0.2922 0.0884 0.4971 0.0824 0.0363 0.0036
264 0.1250 0.0936 0.6548 0.0826 0.0242 0.0196
265 0.2434 0.0803 0.4692 0.1986 0.0049 0.0035
266 0.5171 0.2107 0.2502 0.0186 0.0031 0.0003
267 0.5347 0.0290 0.3972 0.0339 0.0044 0.0009
268 0.4224 0.0512 0.5015 0.0212 0.0026 0.0009
269 0.2927 0.0638 0.5303 0.1077 0.0030 0.0027
270 0.5151 0.1292 0.3149 0.0373 0.0030 0.0006
271 0.6333 0.0812 0.2810 0.0029 0.0011 0.0002
272 0.6763 0.0847 0.2319 0.0042 0.0025 0.0003
273 0.5200 0.0499 0.4243 0.0045 0.0013 0.0002
274 0.3164 0.0819 0.5820 0.0170 0.0023 0.0004
275 0.2225 0.0500 0.7070 0.0172 0.0023 0.0009
276 0.4795 0.0718 0.4365 0.0098 0.0022 0.0003
277 0.3318 0.0707 0.5557 0.0372 0.0035 0.0010
278 0.5269 0.0691 0.3794 0.0217 0.0027 0.0003
279 0.3853 0.0518 0.5352 0.0239 0.0037 0.0003
280 0.5107 0.0464 0.3977 0.0356 0.0083 0.0012
281 0.5737 0.0674 0.2335 0.0936 0.0297 0.0022
282 0.6309 0.0479 0.2693 0.0267 0.0246 0.0009
283 0.4783 0.0673 0.3418 0.0949 0.0112 0.0065
284 0.6479 0.0470 0.2223 0.0336 0.0481 0.0010
285 0.5933 0.0506 0.2737 0.0332 0.0472 0.0020
286 0.5000 0.0602 0.3574 0.0345 0.0458 0.0022
287 0.2915 0.0791 0.3684 0.0797 0.1754 0.0057
288 0.2742 0.0715 0.4666 0.0607 0.1189 0.0081
289 0.3027 0.1194 0.3098 0.1251 0.1213 0.0216
290 0.1963 0.1470 0.4563 0.0906 0.1003 0.0095
291 0.2253 0.1884 0.4082 0.1099 0.0616 0.0068
292 0.3733 0.1581 0.3425 0.0859 0.0381 0.0018
