time exciting_prob fearful_prob tense_prob sad_prob relaxing_prob neutral_prob
0 0.1136 0.1553 0.1349 0.1288 0.0181 0.4492
1 0.6001 0.0415 0.0205 0.3264 0.0028 0.0088
2 0.5259 0.1437 0.1093 0.1919 0.0179 0.0114
3 0.4380 0.3604 0.1898 0.0075 0.0043 0.0001
4 0.6924 0.2776 0.0183 0.0053 0.0062 0.0001
5 0.1936 0.2485 0.2228 0.1682 0.0088 0.1580
6 0.4858 0.2922 0.2057 0.0104 0.0056 0.0002
7 0.0863 0.2274 0.2422 0.3469 0.0053 0.0919
8 0.1583 0.4141 0.2759 0.0403 0.0108 0.1006
9 0.1145 0.4092 0.2834 0.0613 0.0328 0.0987
10 0.6182 0.2458 0.0919 0.0291 0.0148 0.0003
11 0.1243 0.6821 0.1738 0.0051 0.0129 0.0015
12 0.3689 0.3896 0.1703 0.0636 0.0066 0.0008
13 0.6812 0.2094 0.0833 0.0193 0.0069 0.0002
14 0.2069 0.4553 0.2151 0.0282 0.0075 0.0869
15 0.0857 0.4668 0.3311 0.0352 0.0799 0.0013
16 0.1027 0.3044 0.3503 0.0609 0.0111 0.1707
17 0.2036 0.2827 0.2615 0.1399 0.0153 0.0969
18 0.0886 0.5728 0.2664 0.0292 0.0039 0.0390
19 0.1641 0.4495 0.2107 0.0550 0.0197 0.1011
20 0.6870 0.2507 0.0479 0.0084 0.0060 0.0000
21 0.4900 0.4224 0.0690 0.0112 0.0073 0.0002
22 0.1388 0.6221 0.1741 0.0093 0.0548 0.0009
23 0.1984 0.5479 0.1037 0.1037 0.0077 0.0388
24 0.0945 0.1149 0.2339 0.4653 0.0569 0.0345
25 0.0844 0.2878 0.4187 0.1947 0.0030 0.0113
26 0.1882 0.1754 0.5078 0.0939 0.0206 0.0142
27 0.0206 0.5796 0.3684 0.0293 0.0009 0.0011
28 0.1342 0.4683 0.3320 0.0551 0.0089 0.0016
29 0.1532 0.4197 0.3674 0.0467 0.0090 0.0039
30 0.1958 0.0755 0.1284 0.5757 0.0115 0.0130
31 0.1292 0.3350 0.2196 0.3098 0.0027 0.0039
32 0.1239 0.5381 0.2664 0.0567 0.0125 0.0022
33 0.0666 0.3057 0.5981 0.0211 0.0064 0.0020
34 0.0363 0.3389 0.5674 0.0536 0.0016 0.0023
35 0.0553 0.1456 0.5498 0.2328 0.0027 0.0139
36 0.4138 0.2632 0.2651 0.0351 0.0159 0.0069
37 0.1209 0.1287 0.4221 0.2443 0.0262 0.0580
38 0.3774 0.3228 0.1455 0.0732 0.0749 0.0061
39 0.5229 0.1792 0.1451 0.1185 0.0077 0.0266
40 0.2069 0.1826 0.2786 0.2742 0.0255 0.0322
41 0.2340 0.1088 0.1940 0.4304 0.0211 0.0117
42 0.1290 0.7031 0.1321 0.0326 0.0023 0.0006
43 0.1366 0.2361 0.2399 0.3601 0.0178 0.0096
44 0.0911 0.2942 0.5083 0.0933 0.0095 0.0036
45 0.0612 0.1378 0.2874 0.4451 0.0093 0.0593
46 0.4531 0.1995 0.0706 0.0763 0.1027 0.0980
47 0.1187 0.1956 0.1548 0.3301 0.0543 0.1465
48 0.1296 0.2366 0.2832 0.1799 0.0411 0.1296
49 0.0720 0.0195 0.4771 0.3833 0.0088 0.0392
50 0.1060 0.4534 0.3447 0.0567 0.0196 0.0196
51 0.1425 0.3755 0.1918 0.2139 0.0333 0.0431
52 0.0323 0.2603 0.4639 0.2123 0.0029 0.0285
53 0.0421 0.0648 0.3237 0.5337 0.0106 0.0253
54 0.0669 0.1094 0.3423 0.3818 0.0189 0.0807
55 0.0198 0.1632 0.6455 0.1632 0.0006 0.0079
56 0.0254 0.0809 0.2001 0.6665 0.0013 0.0258
57 0.2074 0.3340 0.2812 0.1517 0.0155 0.0102
58 0.0736 0.2231 0.5786 0.1185 0.0007 0.0052
59 0.1774 0.1238 0.3040 0.3611 0.0226 0.0112
60 0.4380 0.1742 0.3518 0.0263 0.0085 0.0012
61 0.5806 0.0631 0.2477 0.0817 0.0144 0.0126
62 0.2517 0.2152 0.3108 0.2086 0.0035 0.0105
63 0.0873 0.1656 0.2264 0.4646 0.0429 0.0132
64 0.1200 0.2241 0.2224 0.3696 0.0580 0.0059
65 0.5273 0.2734 0.0888 0.0518 0.0582 0.0005
66 0.7144 0.1486 0.0413 0.0783 0.0173 0.0002
67 0.4780 0.3994 0.1092 0.0061 0.0071 0.0002
68 0.4719 0.3943 0.1175 0.0035 0.0127 0.0001
69 0.0224 0.2122 0.7290 0.0315 0.0005 0.0047
70 0.4651 0.4302 0.0828 0.0195 0.0022 0.0003
71 0.1086 0.0680 0.2373 0.5518 0.0108 0.0233
72 0.1044 0.2976 0.4465 0.1012 0.0345 0.0158
73 0.0513 0.3291 0.4160 0.1906 0.0073 0.0057
74 0.0537 0.5298 0.3215 0.0879 0.0009 0.0060
75 0.1923 0.2932 0.4612 0.0376 0.0114 0.0047
76 0.1978 0.0878 0.1772 0.4971 0.0207 0.0194
77 0.4565 0.0800 0.0673 0.3726 0.0044 0.0190
78 0.3582 0.0481 0.2500 0.2834 0.0352 0.0250
79 0.1340 0.0757 0.1980 0.4978 0.0297 0.0648
80 0.0954 0.3435 0.3833 0.1675 0.0020 0.0083
81 0.1785 0.5581 0.2595 0.0018 0.0017 0.0001
82 0.3926 0.3894 0.0773 0.1226 0.0130 0.0052
83 0.4504 0.2429 0.1863 0.0770 0.0158 0.0275
84 0.1572 0.1047 0.1454 0.4409 0.0062 0.1454
85 0.0344 0.0408 0.4675 0.4460 0.0052 0.0062
86 0.4209 0.3203 0.1399 0.1107 0.0063 0.0019
87 0.1030 0.0983 0.1046 0.6611 0.0016 0.0314
88 0.1715 0.1586 0.2202 0.4312 0.0068 0.0119
89 0.2166 0.3008 0.3201 0.1465 0.0085 0.0076
90 0.0201 0.2147 0.3223 0.4270 0.0034 0.0125
91 0.0667 0.1033 0.2291 0.5757 0.0092 0.0158
92 0.0667 0.1625 0.2720 0.4700 0.0017 0.0271
93 0.0484 0.1992 0.2328 0.4487 0.0061 0.0646
94 0.0299 0.3169 0.4907 0.1569 0.0006 0.0052
95 0.2054 0.1575 0.3035 0.2637 0.0465 0.0232
96 0.1460 0.0609 0.1816 0.5864 0.0147 0.0103
97 0.2639 0.0180 0.0762 0.4705 0.0139 0.1576
98 0.3062 0.4285 0.1199 0.1267 0.0113 0.0074
99 0.0516 0.2124 0.6646 0.0628 0.0021 0.0066
100 0.0320 0.3384 0.5625 0.0404 0.0006 0.0263
101 0.0320 0.5806 0.1885 0.1885 0.0022 0.0081
102 0.2465 0.1299 0.2583 0.3315 0.0274 0.0063
103 0.1075 0.2137 0.4744 0.1718 0.0217 0.0110
104 0.0558 0.2426 0.6196 0.0690 0.0079 0.0052
105 0.3848 0.3728 0.2192 0.0186 0.0030 0.0018
106 0.2301 0.2063 0.3428 0.1849 0.0105 0.0254
107 0.4248 0.1676 0.1125 0.0830 0.0688 0.1434
108 0.1985 0.4009 0.1808 0.0952 0.0861 0.0385
109 0.1174 0.6758 0.1086 0.0664 0.0283 0.0032
110 0.0463 0.4788 0.3447 0.0679 0.0316 0.0308
111 0.0201 0.7378 0.1672 0.0587 0.0079 0.0081
112 0.0592 0.2399 0.3127 0.3772 0.0043 0.0065
113 0.0193 0.3782 0.3665 0.2329 0.0010 0.0022
114 0.0405 0.1482 0.5591 0.2406 0.0047 0.0068
115 0.4856 0.2057 0.2480 0.0396 0.0135 0.0077
116 0.0253 0.2947 0.6436 0.0331 0.0005 0.0028
117 0.0807 0.4863 0.4226 0.0083 0.0006 0.0014
118 0.1864 0.2507 0.5146 0.0316 0.0021 0.0144
119 0.1013 0.0922 0.2795 0.5063 0.0023 0.0186
120 0.0938 0.0530 0.0765 0.3884 0.0400 0.3481
121 0.1638 0.0477 0.1564 0.2274 0.0354 0.3691
122 0.1126 0.0593 0.2498 0.3691 0.0320 0.1771
123 0.3474 0.2622 0.1980 0.0851 0.0252 0.0819
124 0.3064 0.1653 0.3667 0.0608 0.0176 0.0831
125 0.0665 0.0216 0.2017 0.3325 0.0182 0.3596
126 0.2107 0.1043 0.4746 0.0745 0.0363 0.0995
127 0.3167 0.2372 0.3940 0.0135 0.0219 0.0166
128 0.0904 0.1378 0.3630 0.1742 0.0160 0.2185
129 0.0566 0.1108 0.1691 0.4668 0.0330 0.1638
130 0.0567 0.2058 0.1733 0.4224 0.0459 0.0958
131 0.2620 0.2766 0.3389 0.0360 0.0705 0.0160
132 0.1764 0.1792 0.3882 0.0724 0.0894 0.0944
133 0.0281 0.1277 0.3525 0.4819 0.0038 0.0058
134 0.0630 0.2937 0.6318 0.0094 0.0003 0.0019
135 0.0163 0.7563 0.1636 0.0544 0.0087 0.0010
136 0.0462 0.2203 0.1975 0.5283 0.0028 0.0048
137 0.2979 0.5029 0.1464 0.0439 0.0072 0.0017
138 0.0297 0.3787 0.5176 0.0643 0.0003 0.0096
139 0.0175 0.2908 0.4504 0.2336 0.0003 0.0072
140 0.0823 0.1599 0.2053 0.5327 0.0131 0.0067
141 0.0883 0.1702 0.1958 0.5322 0.0026 0.0108
142 0.1362 0.1438 0.2045 0.4607 0.0183 0.0367
143 0.1084 0.0668 0.3611 0.4092 0.0123 0.0424
144 0.0216 0.2800 0.1079 0.5835 0.0033 0.0039
145 0.0086 0.4795 0.2063 0.3000 0.0012 0.0043
146 0.2430 0.2179 0.3171 0.1984 0.0072 0.0164
147 0.0697 0.6069 0.2131 0.0803 0.0145 0.0153
148 0.0625 0.4404 0.1149 0.3325 0.0071 0.0426
149 0.0125 0.5845 0.3438 0.0570 0.0002 0.0021
150 0.0144 0.5547 0.1830 0.2462 0.0003 0.0013
151 0.0787 0.1746 0.4822 0.2242 0.0274 0.0130
152 0.0589 0.3311 0.4387 0.1470 0.0015 0.0229
153 0.0136 0.2003 0.4880 0.2825 0.0002 0.0152
154 0.0235 0.2195 0.4719 0.2732 0.0005 0.0114
155 0.3223 0.1646 0.2321 0.2395 0.0334 0.0083
156 0.0587 0.3945 0.5068 0.0342 0.0010 0.0047
157 0.5312 0.2197 0.1282 0.0748 0.0327 0.0133
158 0.3645 0.4036 0.1656 0.0555 0.0016 0.0092
159 0.0913 0.3611 0.3391 0.1589 0.0366 0.0128
160 0.2295 0.3667 0.2969 0.0844 0.0143 0.0082
161 0.2700 0.1857 0.1613 0.3467 0.0174 0.0188
162 0.2284 0.2957 0.1407 0.3098 0.0185 0.0070
163 0.2341 0.4995 0.1740 0.0714 0.0159 0.0052
164 0.0688 0.2384 0.2072 0.3870 0.0948 0.0038
165 0.0547 0.2546 0.3320 0.2046 0.1203 0.0337
166 0.2069 0.1975 0.3748 0.2102 0.0037 0.0070
167 0.2272 0.2380 0.3987 0.1255 0.0025 0.0082
168 0.3865 0.1854 0.3057 0.0869 0.0145 0.0210
169 0.1810 0.3435 0.3228 0.0276 0.1235 0.0015
170 0.4807 0.1039 0.2532 0.1466 0.0048 0.0107
171 0.2539 0.3813 0.2313 0.1181 0.0061 0.0092
172 0.0589 0.3442 0.1327 0.2517 0.0164 0.1960
173 0.2411 0.2230 0.0880 0.0894 0.2264 0.1321
174 0.0269 0.4106 0.5112 0.0483 0.0003 0.0025
175 0.1244 0.1056 0.0779 0.5664 0.0176 0.1081
176 0.1693 0.1259 0.5176 0.1382 0.0170 0.0321
177 0.2983 0.1548 0.3655 0.1477 0.0226 0.0113
178 0.1119 0.5098 0.3140 0.0590 0.0021 0.0035
179 0.0249 0.6562 0.2734 0.0446 0.0002 0.0006
180 0.1218 0.2922 0.4597 0.1181 0.0016 0.0065
181 0.0365 0.1687 0.6367 0.1466 0.0006 0.0107
182 0.4312 0.2893 0.1661 0.0856 0.0081 0.0197
183 0.0403 0.2181 0.3433 0.3328 0.0129 0.0526
184 0.0723 0.2542 0.5913 0.0728 0.0063 0.0033
185 0.0793 0.3906 0.5015 0.0250 0.0007 0.0028
186 0.1182 0.6538 0.1802 0.0421 0.0036 0.0020
187 0.0457 0.6665 0.2822 0.0029 0.0027 0.0002
188 0.1547 0.5112 0.3149 0.0068 0.0117 0.0010
189 0.0974 0.1849 0.1697 0.3323 0.0795 0.1364
190 0.0383 0.1552 0.2153 0.5762 0.0034 0.0115
191 0.3337 0.2725 0.3064 0.0722 0.0100 0.0054
192 0.1129 0.1268 0.2644 0.2793 0.0695 0.1472
193 0.0597 0.4995 0.3152 0.0583 0.0039 0.0635
194 0.1414 0.2878 0.5376 0.0301 0.0020 0.0009
195 0.0601 0.5610 0.3098 0.0573 0.0090 0.0027
196 0.0491 0.7271 0.2035 0.0123 0.0072 0.0006
197 0.5459 0.1626 0.0508 0.0870 0.0850 0.0688
198 0.0756 0.0926 0.1134 0.5005 0.2053 0.0127
199 0.0594 0.0318 0.0695 0.8330 0.0031 0.0034
200 0.1516 0.3416 0.3525 0.1425 0.0068 0.0051
201 0.1868 0.2184 0.3079 0.1897 0.0083 0.0889
202 0.6924 0.2046 0.0573 0.0302 0.0108 0.0049
203 0.0809 0.2164 0.2695 0.3740 0.0280 0.0312
204 0.0878 0.0508 0.1615 0.6392 0.0254 0.0355
205 0.1324 0.1754 0.1866 0.3303 0.1584 0.0168
206 0.0724 0.2230 0.4722 0.1820 0.0334 0.0171
207 0.0584 0.0566 0.2072 0.6089 0.0215 0.0477
208 0.0418 0.0537 0.1136 0.2749 0.0105 0.5054
209 0.2278 0.4531 0.1415 0.0734 0.1003 0.0041
210 0.0948 0.4817 0.3552 0.0428 0.0251 0.0003
211 0.1910 0.4880 0.1794 0.1243 0.0143 0.0029
212 0.1266 0.2854 0.4419 0.1002 0.0040 0.0421
213 0.2041 0.2242 0.3018 0.1627 0.0054 0.1019
214 0.4167 0.2910 0.2432 0.0334 0.0101 0.0055
215 0.3037 0.4854 0.1638 0.0343 0.0097 0.0030
216 0.2642 0.3845 0.1329 0.0101 0.2074 0.0008
217 0.1600 0.1306 0.2023 0.2942 0.0553 0.1575
218 0.0759 0.0944 0.0915 0.5605 0.0959 0.0820
219 0.0888 0.1088 0.1940 0.3623 0.1487 0.0975
220 0.0882 0.1151 0.2051 0.3381 0.1597 0.0939
221 0.0898 0.1154 0.2123 0.3286 0.1653 0.0885
222 0.0801 0.1077 0.0826 0.5474 0.1300 0.0525
