time exciting_prob fearful_prob tense_prob sad_prob relaxing_prob neutral_prob
0 0.0398 0.0883 0.3035 0.2637 0.0149 0.2896
1 0.0703 0.3984 0.2494 0.0932 0.0062 0.1825
2 0.0829 0.2761 0.2084 0.0225 0.0083 0.4019
3 0.0737 0.2147 0.2018 0.0655 0.0105 0.4338
4 0.0444 0.0173 0.0234 0.2874 0.0094 0.6182
5 0.0888 0.0120 0.0226 0.1407 0.0208 0.7148
6 0.1807 0.2489 0.4651 0.0316 0.0471 0.0264
7 0.1482 0.3391 0.4287 0.0287 0.0328 0.0225
8 0.4553 0.1611 0.0743 0.0070 0.1197 0.1825
9 0.1833 0.2773 0.1805 0.0066 0.0497 0.3022
10 0.1371 0.1268 0.1019 0.3042 0.0485 0.2815
11 0.0443 0.1342 0.6812 0.0624 0.0082 0.0696
12 0.0793 0.0942 0.6235 0.1267 0.0113 0.0647
13 0.2200 0.2034 0.3250 0.1941 0.0483 0.0092
14 0.3225 0.0961 0.3831 0.0720 0.0420 0.0842
15 0.1250 0.0833 0.1967 0.1936 0.3972 0.0044
16 0.1672 0.0923 0.1896 0.1547 0.3889 0.0072
17 0.1688 0.0557 0.0593 0.0388 0.0098 0.6675
18 0.2399 0.1151 0.4697 0.0273 0.0125 0.1356
19 0.3018 0.1787 0.1680 0.0529 0.2522 0.0466
20 0.3418 0.1238 0.1528 0.0964 0.1505 0.1349
21 0.1516 0.2072 0.3635 0.0799 0.0438 0.1539
22 0.0440 0.1824 0.5981 0.1377 0.0073 0.0307
23 0.3020 0.1831 0.0521 0.2124 0.1591 0.0914
24 0.0992 0.0511 0.3154 0.3518 0.0570 0.1255
25 0.2222 0.0792 0.3083 0.0891 0.2556 0.0455
26 0.1581 0.0783 0.2820 0.2566 0.0959 0.1290
27 0.1148 0.4265 0.3025 0.0358 0.0244 0.0959
28 0.3442 0.2404 0.0799 0.1492 0.0805 0.1058
29 0.2025 0.3997 0.1182 0.1494 0.0431 0.0871
30 0.0984 0.0330 0.1648 0.0676 0.0518 0.5845
31 0.2952 0.0807 0.2410 0.0182 0.0981 0.2668
32 0.1934 0.0980 0.3613 0.1155 0.0572 0.1747
33 0.2510 0.4202 0.1385 0.0736 0.0840 0.0327
34 0.5171 0.1298 0.1732 0.0512 0.1219 0.0068
35 0.0818 0.0618 0.1705 0.2900 0.0234 0.3723
36 0.1167 0.1752 0.3123 0.2080 0.0232 0.1646
37 0.1062 0.1923 0.4136 0.1271 0.0110 0.1498
38 0.1974 0.4277 0.1065 0.1367 0.0732 0.0583
39 0.0266 0.3135 0.3608 0.2441 0.0496 0.0056
40 0.0668 0.2725 0.4028 0.1653 0.0884 0.0042
41 0.0352 0.1774 0.1918 0.1010 0.0127 0.4819
42 0.2275 0.2480 0.0545 0.2744 0.0341 0.1614
43 0.2981 0.3125 0.0909 0.1252 0.0938 0.0796
44 0.1920 0.1543 0.1012 0.4001 0.0463 0.1060
45 0.0781 0.0256 0.2090 0.5254 0.0181 0.1437
46 0.0477 0.0298 0.1743 0.0448 0.0557 0.6475
47 0.1157 0.0468 0.0887 0.0314 0.0413 0.6763
48 0.2058 0.1268 0.0663 0.2191 0.1027 0.2793
49 0.0916 0.0556 0.0591 0.4509 0.0736 0.2693
50 0.0869 0.0687 0.0472 0.2759 0.0216 0.4998
51 0.4268 0.2776 0.1096 0.1272 0.0304 0.0284
52 0.1406 0.2754 0.2356 0.2546 0.0171 0.0765
53 0.1614 0.1493 0.1493 0.3694 0.0165 0.1541
54 0.2883 0.4260 0.1891 0.0313 0.0168 0.0486
55 0.3882 0.3025 0.1166 0.0873 0.0649 0.0406
56 0.1824 0.2271 0.0362 0.1388 0.0265 0.3892
57 0.3962 0.1786 0.1541 0.1257 0.0540 0.0912
58 0.1170 0.0598 0.0646 0.1959 0.4312 0.1315
59 0.1129 0.0352 0.0302 0.1165 0.6548 0.0501
60 0.2135 0.0588 0.2345 0.3359 0.0532 0.1041
61 0.2957 0.2866 0.0578 0.1793 0.0629 0.1176
62 0.1406 0.1835 0.4070 0.1332 0.0124 0.1232
63 0.0992 0.2418 0.3411 0.0862 0.1378 0.0939
64 0.1196 0.1141 0.2050 0.5273 0.0119 0.0219
65 0.1135 0.1066 0.1871 0.3606 0.0392 0.1930
66 0.1333 0.4617 0.1409 0.1080 0.1453 0.0109
67 0.0712 0.2732 0.2487 0.3193 0.0304 0.0573
68 0.0641 0.1433 0.2942 0.4485 0.0190 0.0310
69 0.0877 0.1458 0.2832 0.4023 0.0424 0.0386
70 0.2729 0.2142 0.0581 0.1735 0.0288 0.2524
71 0.1642 0.2544 0.1004 0.2352 0.0105 0.2352
72 0.0689 0.4353 0.3667 0.1136 0.0067 0.0088
73 0.2817 0.0316 0.0168 0.4644 0.1696 0.0361
74 0.0819 0.0701 0.2483 0.3091 0.0537 0.2369
75 0.3232 0.2578 0.1857 0.0444 0.1552 0.0338
76 0.2015 0.3074 0.1440 0.1375 0.0814 0.1282
77 0.0930 0.0724 0.2063 0.3735 0.0284 0.2266
78 0.2717 0.1399 0.0518 0.1399 0.1031 0.2937
79 0.3472 0.2925 0.1059 0.0818 0.1068 0.0657
80 0.2615 0.2874 0.3105 0.0544 0.0263 0.0598
81 0.1293 0.2083 0.5615 0.0345 0.0104 0.0560
82 0.1048 0.1226 0.0954 0.4082 0.0216 0.2476
83 0.3696 0.1888 0.0972 0.0618 0.0323 0.2502
84 0.2737 0.1500 0.3921 0.0574 0.0413 0.0854
85 0.3940 0.1655 0.1681 0.1735 0.0679 0.0311
86 0.2629 0.1880 0.2032 0.0765 0.0494 0.2197
87 0.0826 0.1473 0.1428 0.4468 0.0419 0.1384
88 0.0617 0.1100 0.3335 0.2991 0.0253 0.1704
89 0.1309 0.3875 0.1494 0.1371 0.1680 0.0272
90 0.5464 0.1932 0.0504 0.0775 0.0627 0.0700
91 0.2712 0.3074 0.2080 0.1375 0.0696 0.0062
92 0.2058 0.2333 0.1482 0.2191 0.0648 0.1288
93 0.1107 0.1942 0.5117 0.0875 0.0875 0.0086
94 0.6074 0.1178 0.0430 0.0362 0.1324 0.0630
95 0.2200 0.1177 0.3149 0.1015 0.0359 0.2098
96 0.0667 0.1065 0.2515 0.3035 0.2515 0.0203
97 0.3713 0.2252 0.1597 0.0208 0.1926 0.0305
98 0.4463 0.2664 0.1155 0.0393 0.0973 0.0352
99 0.0724 0.0486 0.1954 0.3708 0.0538 0.2588
100 0.0503 0.0298 0.1960 0.4280 0.0150 0.2808
101 0.1102 0.0432 0.2484 0.4292 0.0137 0.1554
102 0.0666 0.1782 0.1702 0.3955 0.0570 0.1324
103 0.1992 0.2347 0.1327 0.1931 0.0898 0.1504
104 0.2001 0.3950 0.1243 0.0565 0.0348 0.1895
105 0.1797 0.2289 0.3601 0.1942 0.0167 0.0203
106 0.1307 0.1858 0.2661 0.0787 0.0274 0.3113
107 0.0743 0.2720 0.4214 0.1599 0.0083 0.0641
108 0.1109 0.1470 0.2275 0.3210 0.0191 0.1744
109 0.1141 0.2065 0.4307 0.0141 0.2166 0.0182
110 0.0847 0.0247 0.1659 0.4370 0.0388 0.2490
111 0.0487 0.1702 0.3384 0.1755 0.0588 0.2085
112 0.5073 0.2532 0.0841 0.0875 0.0288 0.0391
113 0.0589 0.0941 0.3840 0.3840 0.0438 0.0354
114 0.0710 0.1412 0.6230 0.0441 0.1118 0.0088
115 0.1025 0.0642 0.1564 0.5723 0.0516 0.0532
116 0.1248 0.1248 0.1191 0.4031 0.0550 0.1733
117 0.4026 0.3135 0.0941 0.1092 0.0246 0.0562
118 0.2120 0.4285 0.2991 0.0170 0.0270 0.0166
119 0.0506 0.0681 0.7207 0.1196 0.0071 0.0337
120 0.1642 0.2209 0.1980 0.2141 0.0950 0.1077
121 0.1997 0.3562 0.1193 0.1290 0.1543 0.0415
122 0.1238 0.3064 0.3694 0.1493 0.0196 0.0315
123 0.0641 0.0963 0.3469 0.3062 0.0508 0.1359
124 0.3433 0.2491 0.0772 0.1609 0.0720 0.0976
125 0.4026 0.3040 0.0357 0.1296 0.0716 0.0566
126 0.1486 0.1070 0.2607 0.2488 0.1037 0.1311
127 0.0685 0.1569 0.2014 0.3269 0.0250 0.2212
128 0.0662 0.2920 0.2419 0.3308 0.0099 0.0593
129 0.3455 0.4102 0.1545 0.0302 0.0348 0.0248
130 0.1109 0.3159 0.2275 0.2578 0.0333 0.0545
131 0.4165 0.3562 0.1619 0.0242 0.0204 0.0206
132 0.1366 0.4377 0.2271 0.0561 0.0385 0.1039
133 0.1119 0.0393 0.2725 0.1307 0.0235 0.4221
134 0.2421 0.2366 0.4250 0.0106 0.0274 0.0584
135 0.1785 0.1576 0.4487 0.1503 0.0175 0.0473
136 0.1379 0.2205 0.3809 0.0335 0.0850 0.1423
137 0.0606 0.0836 0.3862 0.4111 0.0052 0.0531
138 0.0563 0.0958 0.4031 0.1483 0.0501 0.2465
139 0.1176 0.0790 0.1534 0.3679 0.0252 0.2568
140 0.1136 0.1553 0.2482 0.0326 0.4028 0.0474
141 0.1796 0.3655 0.0606 0.0917 0.1039 0.1987
142 0.1547 0.0867 0.4336 0.0736 0.1014 0.1499
143 0.0561 0.3254 0.4050 0.1586 0.0110 0.0440
144 0.0572 0.3215 0.3589 0.2263 0.0248 0.0113
145 0.1722 0.4609 0.0958 0.1138 0.0361 0.1212
146 0.3843 0.1101 0.1425 0.0558 0.1918 0.1154
147 0.1935 0.2192 0.2299 0.0813 0.0237 0.2524
148 0.3391 0.1127 0.3262 0.0618 0.0392 0.1209
149 0.0586 0.2507 0.5391 0.1112 0.0347 0.0058
150 0.1096 0.2471 0.1096 0.2935 0.0256 0.2146
151 0.0302 0.0497 0.1120 0.7080 0.0207 0.0794
152 0.1892 0.1923 0.2145 0.1087 0.0542 0.2411
153 0.1594 0.4368 0.2375 0.1223 0.0188 0.0252
154 0.3308 0.2220 0.3440 0.0296 0.0557 0.0179
155 0.1179 0.0492 0.0593 0.3257 0.0298 0.4182
156 0.0535 0.1031 0.2324 0.5405 0.0177 0.0527
157 0.0886 0.0387 0.4358 0.2903 0.0819 0.0648
158 0.1572 0.2252 0.1511 0.0991 0.0239 0.3433
159 0.0667 0.0940 0.5244 0.2327 0.0168 0.0656
160 0.1053 0.1606 0.4167 0.2129 0.0100 0.0944
161 0.0386 0.0466 0.1479 0.6733 0.0077 0.0856
162 0.4739 0.1703 0.0948 0.1676 0.0431 0.0503
163 0.4333 0.3296 0.0271 0.0685 0.0600 0.0814
164 0.1454 0.1647 0.2673 0.1896 0.0183 0.2148
165 0.4167 0.1462 0.1835 0.1429 0.0457 0.0649
166 0.1060 0.2729 0.0907 0.4714 0.0381 0.0209
167 0.2795 0.3320 0.3320 0.0163 0.0131 0.0273
168 0.1085 0.0770 0.0399 0.5596 0.0618 0.1531
169 0.5254 0.2313 0.1678 0.0079 0.0169 0.0508
170 0.0606 0.0592 0.6831 0.0910 0.0047 0.1015
171 0.2537 0.2517 0.1327 0.1327 0.0238 0.2054
172 0.0679 0.1506 0.1875 0.0943 0.0497 0.4500
173 0.0732 0.2402 0.2598 0.3284 0.0392 0.0593
174 0.0710 0.1287 0.6636 0.1208 0.0064 0.0097
175 0.1080 0.0854 0.3831 0.2715 0.0089 0.1431
176 0.1392 0.2367 0.3962 0.1577 0.0408 0.0294
177 0.1787 0.1815 0.6045 0.0185 0.0052 0.0113
178 0.2693 0.4580 0.2113 0.0145 0.0260 0.0209
179 0.0605 0.0997 0.6504 0.0952 0.0104 0.0840
180 0.0752 0.0695 0.2544 0.4751 0.0113 0.1146
181 0.3962 0.3013 0.0934 0.0694 0.0750 0.0647
182 0.0668 0.3906 0.1844 0.1874 0.0590 0.1119
183 0.1304 0.1263 0.3892 0.1410 0.0348 0.1782
184 0.0769 0.1328 0.4287 0.2947 0.0059 0.0608
185 0.0912 0.2852 0.2598 0.3037 0.0090 0.0511
186 0.3579 0.1256 0.0532 0.1691 0.1025 0.1915
187 0.0668 0.0942 0.3611 0.3137 0.0185 0.1459
188 0.0621 0.6577 0.2534 0.0138 0.0063 0.0067
189 0.2622 0.2462 0.4600 0.0020 0.0128 0.0166
190 0.1740 0.3652 0.2164 0.1609 0.0234 0.0601
191 0.2041 0.3499 0.2832 0.1018 0.0185 0.0424
192 0.1021 0.2449 0.4648 0.1194 0.0385 0.0304
193 0.3601 0.1142 0.0726 0.0911 0.2893 0.0726
194 0.1694 0.1981 0.5303 0.0169 0.0231 0.0623
195 0.0729 0.5220 0.2974 0.0572 0.0154 0.0355
196 0.0677 0.0667 0.4084 0.2291 0.0287 0.1991
197 0.1893 0.1166 0.3123 0.1779 0.1953 0.0087
198 0.2646 0.0930 0.1212 0.2488 0.0846 0.1877
199 0.1136 0.1553 0.1349 0.1288 0.0181 0.4492
200 0.2186 0.5669 0.0495 0.0398 0.1099 0.0151
201 0.3701 0.3215 0.0865 0.1405 0.0599 0.0215
202 0.3701 0.3215 0.0865 0.1405 0.0595 0.0217
203 0.3701 0.3215 0.0865 0.1405 0.0595 0.0217
204 0.2625 0.4902 0.0463 0.0658 0.1220 0.0134
205 0.1133 0.1549 0.1367 0.1284 0.0181 0.4485
