time exciting_prob fearful_prob tense_prob sad_prob relaxing_prob neutral_prob
0 0.1136 0.1553 0.1349 0.1288 0.0181 0.4492
1 0.2905 0.0801 0.2952 0.2194 0.0460 0.0690
2 0.5786 0.0759 0.2129 0.0596 0.0158 0.0573
3 0.8979 0.0176 0.0275 0.0168 0.0365 0.0037
4 0.2886 0.0450 0.2668 0.3823 0.0099 0.0076
5 0.2859 0.2227 0.2603 0.1846 0.0264 0.0204
6 0.1898 0.0265 0.2020 0.5322 0.0071 0.0424
7 0.7700 0.0217 0.1614 0.0402 0.0056 0.0010
8 0.1136 0.1553 0.1349 0.1288 0.0181 0.4492
9 0.0731 0.0697 0.0815 0.6929 0.0096 0.0731
10 0.3071 0.1331 0.2212 0.1270 0.1848 0.0268
11 0.2478 0.1049 0.4351 0.1842 0.0234 0.0046
12 0.1588 0.0864 0.5049 0.2311 0.0152 0.0036
13 0.2012 0.1949 0.1340 0.3066 0.0554 0.1077
14 0.2339 0.0293 0.1633 0.4724 0.0123 0.0887
15 0.4067 0.0258 0.2546 0.1863 0.0083 0.1183
16 0.4932 0.0580 0.2258 0.1731 0.0095 0.0405
17 0.2874 0.0762 0.3362 0.2874 0.0093 0.0035
18 0.2423 0.0775 0.3364 0.2747 0.0285 0.0408
19 0.2415 0.0534 0.4800 0.1823 0.0260 0.0168
20 0.1488 0.0640 0.2166 0.4443 0.0650 0.0611
21 0.3652 0.0163 0.1185 0.4138 0.0471 0.0391
22 0.5171 0.1589 0.1993 0.0793 0.0378 0.0079
23 0.4099 0.0634 0.3044 0.1165 0.0077 0.0981
24 0.4585 0.0511 0.1466 0.2695 0.0142 0.0602
25 0.2316 0.0623 0.2280 0.3533 0.0283 0.0966
26 0.1830 0.0477 0.2791 0.3525 0.0268 0.1110
27 0.6152 0.1028 0.1384 0.0880 0.0109 0.0446
28 0.1982 0.0384 0.2429 0.4067 0.0361 0.0776
29 0.2551 0.3569 0.1420 0.1621 0.0748 0.0094
30 0.0652 0.5049 0.4119 0.0031 0.0142 0.0009
31 0.0732 0.0458 0.0437 0.1538 0.6685 0.0150
32 0.3699 0.2091 0.1182 0.1076 0.0980 0.0972
33 0.2568 0.0620 0.3735 0.1510 0.0881 0.0686
34 0.2617 0.1456 0.4595 0.0792 0.0298 0.0242
35 0.3188 0.0943 0.3613 0.1542 0.0489 0.0222
36 0.0458 0.2324 0.7158 0.0014 0.0029 0.0015
37 0.0475 0.4619 0.4475 0.0044 0.0305 0.0083
38 0.1279 0.0922 0.4607 0.0826 0.0086 0.2280
39 0.1567 0.0449 0.7305 0.0189 0.0474 0.0018
40 0.1456 0.3308 0.4592 0.0149 0.0451 0.0044
41 0.1377 0.4768 0.3599 0.0086 0.0129 0.0042
42 0.3149 0.1465 0.3101 0.1215 0.0457 0.0611
43 0.3928 0.1757 0.1390 0.1285 0.1198 0.0441
44 0.3030 0.0835 0.1302 0.2759 0.0698 0.1376
45 0.0757 0.5298 0.3757 0.0060 0.0094 0.0033
46 0.0701 0.3291 0.5513 0.0210 0.0107 0.0179
47 0.5986 0.0343 0.0977 0.2085 0.0220 0.0389
48 0.1070 0.0629 0.2954 0.3621 0.0095 0.1632
49 0.2595 0.1378 0.1389 0.2939 0.0540 0.1160
50 0.0515 0.3308 0.5898 0.0129 0.0134 0.0015
51 0.1207 0.1813 0.3748 0.0986 0.2169 0.0076
52 0.0935 0.2502 0.4062 0.1519 0.0274 0.0706
53 0.1927 0.3657 0.3657 0.0282 0.0458 0.0020
54 0.2339 0.2080 0.4473 0.0526 0.0379 0.0203
55 0.0577 0.5786 0.3401 0.0065 0.0142 0.0027
56 0.0511 0.3252 0.6172 0.0022 0.0036 0.0007
57 0.0395 0.7559 0.1700 0.0171 0.0157 0.0016
58 0.4470 0.1892 0.2301 0.0260 0.0482 0.0595
59 0.4526 0.3499 0.1564 0.0099 0.0249 0.0064
60 0.0922 0.4683 0.1281 0.0614 0.1362 0.1138
61 0.2595 0.1411 0.4019 0.1000 0.0823 0.0153
62 0.2260 0.1163 0.5093 0.0912 0.0481 0.0094
63 0.1401 0.4561 0.2744 0.0152 0.0699 0.0441
64 0.3760 0.3142 0.1761 0.0120 0.0619 0.0599
65 0.1755 0.2219 0.1501 0.1346 0.1841 0.1335
66 0.0749 0.4998 0.2761 0.0709 0.0671 0.0112
67 0.2477 0.5410 0.1783 0.0023 0.0298 0.0008
68 0.1058 0.0811 0.6382 0.1075 0.0165 0.0511
69 0.3020 0.0558 0.5913 0.0334 0.0086 0.0091
70 0.1026 0.4819 0.3813 0.0169 0.0093 0.0079
71 0.0529 0.4900 0.2708 0.0764 0.0050 0.1052
72 0.2832 0.2122 0.3582 0.0657 0.0576 0.0233
73 0.3206 0.4592 0.1855 0.0107 0.0202 0.0039
74 0.0541 0.6489 0.1146 0.0545 0.0832 0.0445
75 0.2646 0.2908 0.3145 0.0624 0.0347 0.0331
76 0.1909 0.1851 0.2375 0.2302 0.0121 0.1440
77 0.0634 0.3733 0.2908 0.1656 0.0146 0.0922
78 0.0336 0.6909 0.2426 0.0077 0.0186 0.0066
79 0.3540 0.2114 0.2551 0.1534 0.0230 0.0029
80 0.0307 0.6885 0.2201 0.0146 0.0298 0.0161
81 0.2363 0.1033 0.4700 0.1226 0.0503 0.0175
82 0.0309 0.6880 0.1971 0.0115 0.0491 0.0235
83 0.0919 0.2942 0.4087 0.1434 0.0566 0.0052
84 0.1592 0.1201 0.4902 0.1320 0.0396 0.0590
85 0.1541 0.2090 0.1843 0.0844 0.2812 0.0871
86 0.3574 0.3491 0.2476 0.0162 0.0215 0.0083
87 0.0762 0.1058 0.3413 0.2786 0.0152 0.1827
88 0.1307 0.2725 0.5010 0.0253 0.0627 0.0077
89 0.1801 0.1162 0.1470 0.3994 0.0532 0.1042
90 0.0558 0.0208 0.1181 0.6689 0.0086 0.1277
91 0.0895 0.1738 0.6064 0.0887 0.0188 0.0226
92 0.2993 0.1553 0.4636 0.0734 0.0055 0.0031
93 0.1118 0.2578 0.4353 0.1652 0.0204 0.0095
94 0.1786 0.1917 0.2578 0.2969 0.0678 0.0074
95 0.0587 0.0709 0.3892 0.4548 0.0114 0.0151
96 0.0550 0.0512 0.5176 0.3669 0.0071 0.0023
97 0.0951 0.0981 0.5688 0.2280 0.0086 0.0012
98 0.6821 0.0506 0.0754 0.1595 0.0131 0.0192
99 0.6113 0.0730 0.2015 0.0923 0.0144 0.0078
100 0.3013 0.0352 0.2383 0.3928 0.0032 0.0291
101 0.3040 0.2744 0.2040 0.1162 0.0280 0.0733
102 0.3003 0.2015 0.1923 0.2112 0.0256 0.0691
103 0.3171 0.1808 0.2321 0.1836 0.0464 0.0400
104 0.2910 0.0887 0.2954 0.1418 0.0066 0.1765
105 0.1761 0.1483 0.1155 0.4497 0.0160 0.0943
106 0.1683 0.2429 0.3071 0.0807 0.0244 0.1764
107 0.0235 0.2335 0.6548 0.0591 0.0047 0.0244
108 0.0989 0.5142 0.3425 0.0089 0.0192 0.0164
109 0.1074 0.4890 0.3257 0.0441 0.0175 0.0161
110 0.1509 0.1763 0.3218 0.1952 0.0196 0.1362
111 0.0966 0.3940 0.4004 0.0384 0.0521 0.0186
112 0.3027 0.0909 0.1865 0.1753 0.0158 0.2286
113 0.2915 0.1254 0.1897 0.1782 0.0773 0.1377
114 0.3435 0.2676 0.2150 0.0939 0.0232 0.0569
115 0.4529 0.1200 0.2173 0.1565 0.0082 0.0452
116 0.2166 0.4143 0.2252 0.0461 0.0213 0.0766
117 0.2310 0.1613 0.1515 0.2152 0.0242 0.2169
118 0.0537 0.4460 0.4392 0.0071 0.0050 0.0489
119 0.3767 0.1738 0.3174 0.0218 0.0931 0.0172
120 0.1135 0.5942 0.2169 0.0308 0.0231 0.0213
121 0.1603 0.0872 0.1949 0.3640 0.0104 0.1831
122 0.2913 0.4304 0.2065 0.0239 0.0208 0.0273
123 0.0746 0.4900 0.3020 0.0800 0.0425 0.0110
124 0.1125 0.0743 0.3206 0.2202 0.0488 0.2238
125 0.3250 0.2847 0.1334 0.0903 0.0324 0.1344
126 0.3103 0.1548 0.2019 0.2324 0.0103 0.0903
127 0.0807 0.3503 0.4644 0.0794 0.0113 0.0139
128 0.3782 0.3311 0.1786 0.0617 0.0360 0.0143
129 0.1044 0.3972 0.4033 0.0460 0.0176 0.0316
130 0.0796 0.1821 0.5835 0.0256 0.0061 0.1232
131 0.1382 0.1426 0.2974 0.3020 0.0576 0.0623
132 0.1040 0.3574 0.2456 0.1410 0.1225 0.0296
133 0.0963 0.0963 0.5122 0.1445 0.0308 0.1198
134 0.2322 0.1851 0.3027 0.0615 0.2081 0.0103
135 0.2285 0.4106 0.3101 0.0055 0.0429 0.0025
136 0.0417 0.1648 0.4692 0.2593 0.0225 0.0426
137 0.1381 0.1144 0.4971 0.2206 0.0181 0.0120
138 0.1451 0.4873 0.2776 0.0101 0.0624 0.0173
139 0.2922 0.3811 0.2744 0.0145 0.0331 0.0047
140 0.0551 0.5649 0.2710 0.0356 0.0268 0.0467
141 0.1997 0.2194 0.4717 0.0501 0.0341 0.0252
142 0.1058 0.5210 0.3311 0.0232 0.0151 0.0040
143 0.0874 0.5107 0.3352 0.0131 0.0327 0.0208
144 0.1256 0.3777 0.3359 0.0553 0.0626 0.0427
145 0.1321 0.5142 0.2886 0.0110 0.0117 0.0422
146 0.0789 0.4041 0.2015 0.0498 0.0560 0.2096
147 0.0934 0.3162 0.3525 0.1732 0.0170 0.0477
148 0.2311 0.2517 0.2920 0.1744 0.0341 0.0165
149 0.1802 0.3906 0.3018 0.0520 0.0281 0.0474
150 0.0740 0.1935 0.4568 0.1191 0.0173 0.1393
151 0.1428 0.5352 0.2063 0.0206 0.0314 0.0639
152 0.0950 0.2749 0.4675 0.0467 0.0238 0.0920
153 0.1227 0.3992 0.4453 0.0090 0.0139 0.0099
154 0.1426 0.1803 0.6289 0.0124 0.0170 0.0187
155 0.1357 0.0349 0.3633 0.2102 0.0897 0.1663
156 0.0560 0.1909 0.4336 0.1006 0.0175 0.2015
157 0.1418 0.2214 0.5146 0.0385 0.0122 0.0713
158 0.1965 0.2192 0.4160 0.0653 0.0266 0.0764
159 0.1421 0.3201 0.1072 0.2737 0.0335 0.1234
160 0.1982 0.2732 0.4719 0.0237 0.0275 0.0057
161 0.0735 0.0195 0.0619 0.8027 0.0399 0.0027
162 0.0523 0.1942 0.5278 0.1235 0.0253 0.0767
163 0.2148 0.2847 0.3276 0.0760 0.0676 0.0291
164 0.1519 0.0409 0.4463 0.2043 0.0935 0.0633
165 0.1412 0.0511 0.3899 0.2722 0.0528 0.0927
166 0.2666 0.1920 0.2771 0.1279 0.0800 0.0563
167 0.1414 0.0689 0.4287 0.2856 0.0657 0.0095
168 0.0878 0.1919 0.6294 0.0668 0.0210 0.0033
169 0.0962 0.3357 0.4446 0.0977 0.0243 0.0015
170 0.1302 0.0924 0.5840 0.1323 0.0327 0.0284
171 0.5620 0.0651 0.0523 0.2494 0.0583 0.0127
172 0.5532 0.2051 0.1941 0.0189 0.0152 0.0136
173 0.1559 0.3740 0.4172 0.0391 0.0124 0.0014
174 0.1371 0.3582 0.3755 0.0851 0.0341 0.0102
175 0.1192 0.4641 0.3188 0.0355 0.0599 0.0024
176 0.2350 0.1603 0.4673 0.0684 0.0349 0.0341
177 0.0333 0.1515 0.2136 0.5806 0.0088 0.0123
178 0.1536 0.1466 0.2343 0.4048 0.0527 0.0082
179 0.1945 0.5454 0.2327 0.0194 0.0059 0.0022
180 0.1658 0.4365 0.2488 0.0729 0.0497 0.0262
181 0.0570 0.0969 0.2324 0.4480 0.0487 0.1169
182 0.0640 0.4209 0.4998 0.0122 0.0027 0.0005
183 0.1638 0.4116 0.3257 0.0779 0.0191 0.0018
184 0.0166 0.7456 0.2007 0.0285 0.0076 0.0013
185 0.0523 0.6328 0.2764 0.0251 0.0104 0.0032
186 0.1035 0.2190 0.2769 0.3667 0.0156 0.0185
187 0.1274 0.4343 0.3894 0.0454 0.0030 0.0004
188 0.2742 0.1757 0.4521 0.0210 0.0519 0.0249
189 0.3525 0.1247 0.1481 0.1857 0.0799 0.1092
190 0.1075 0.0964 0.5635 0.2172 0.0131 0.0025
191 0.4644 0.0788 0.2159 0.1543 0.0148 0.0718
192 0.5596 0.1339 0.1996 0.0668 0.0137 0.0264
193 0.0495 0.4963 0.2827 0.0656 0.1041 0.0016
194 0.2087 0.1771 0.2942 0.0850 0.2274 0.0075
195 0.1925 0.2377 0.5034 0.0298 0.0342 0.0026
196 0.1023 0.4109 0.4656 0.0098 0.0108 0.0004
197 0.1680 0.0668 0.2190 0.4636 0.0352 0.0474
198 0.2469 0.1750 0.4910 0.0379 0.0339 0.0152
199 0.1927 0.2343 0.4624 0.0243 0.0284 0.0579
200 0.3279 0.1160 0.4309 0.0646 0.0199 0.0407
201 0.0235 0.6489 0.2791 0.0181 0.0196 0.0110
202 0.2451 0.1385 0.4202 0.0916 0.0379 0.0665
203 0.0368 0.6182 0.2659 0.0773 0.0015 0.0004
204 0.3152 0.3657 0.1700 0.0296 0.1040 0.0153
205 0.3828 0.0790 0.2048 0.1725 0.1063 0.0547
206 0.2869 0.4141 0.2065 0.0454 0.0353 0.0118
207 0.6821 0.0364 0.0802 0.0953 0.0754 0.0304
208 0.1099 0.1049 0.5239 0.2118 0.0249 0.0245
209 0.1758 0.3870 0.3635 0.0177 0.0431 0.0132
210 0.0327 0.6377 0.3108 0.0140 0.0046 0.0004
211 0.1357 0.2102 0.4888 0.0386 0.0540 0.0726
212 0.2211 0.0439 0.1028 0.2466 0.3586 0.0270
213 0.1462 0.1656 0.4297 0.1061 0.0409 0.1113
214 0.3782 0.2312 0.0906 0.0481 0.2462 0.0057
215 0.1151 0.4553 0.3081 0.0300 0.0472 0.0444
216 0.1941 0.3252 0.4109 0.0158 0.0388 0.0151
217 0.3240 0.0653 0.0643 0.0206 0.5181 0.0078
218 0.0743 0.1882 0.0883 0.1661 0.4807 0.0022
219 0.3164 0.1707 0.0567 0.0845 0.3643 0.0076
220 0.2957 0.2756 0.3457 0.0228 0.0439 0.0163
221 0.1685 0.4912 0.2469 0.0163 0.0686 0.0085
222 0.0246 0.2045 0.1749 0.0041 0.5918 0.0003
223 0.3237 0.1085 0.3584 0.1127 0.0418 0.0550
224 0.2625 0.1803 0.4260 0.0489 0.0648 0.0176
225 0.1919 0.1616 0.0422 0.0872 0.5137 0.0034
226 0.0759 0.3594 0.4763 0.0534 0.0293 0.0056
227 0.0534 0.2671 0.4988 0.1113 0.0200 0.0494
228 0.0466 0.1976 0.1074 0.0392 0.6089 0.0005
229 0.2849 0.0289 0.0503 0.1927 0.4146 0.0287
230 0.1410 0.1133 0.0755 0.2871 0.3804 0.0029
231 0.1334 0.0992 0.3572 0.2781 0.0548 0.0773
232 0.2727 0.1996 0.4226 0.0313 0.0439 0.0299
233 0.1577 0.2703 0.3813 0.0733 0.0585 0.0589
234 0.2571 0.0514 0.2490 0.3005 0.0461 0.0960
235 0.1982 0.5303 0.1736 0.0425 0.0501 0.0053
236 0.2314 0.3699 0.3115 0.0604 0.0111 0.0157
237 0.2175 0.3044 0.4429 0.0101 0.0196 0.0053
238 0.1888 0.0906 0.2278 0.3528 0.1027 0.0372
239 0.0956 0.2025 0.5332 0.0987 0.0637 0.0061
240 0.1121 0.4434 0.3347 0.0568 0.0248 0.0283
241 0.1818 0.1155 0.3616 0.2371 0.0826 0.0215
242 0.2151 0.1478 0.5078 0.0552 0.0548 0.0191
243 0.2448 0.1461 0.4004 0.1450 0.0513 0.0124
244 0.1565 0.2922 0.4187 0.0717 0.0352 0.0257
245 0.1044 0.1239 0.5381 0.1426 0.0764 0.0146
246 0.5088 0.3015 0.1602 0.0097 0.0188 0.0009
247 0.2627 0.1724 0.3401 0.1281 0.0339 0.0629
248 0.1488 0.3303 0.4585 0.0300 0.0267 0.0056
249 0.1394 0.1230 0.4790 0.2126 0.0358 0.0100
250 0.6943 0.0682 0.1400 0.0579 0.0365 0.0029
251 0.1407 0.2712 0.4836 0.0534 0.0429 0.0081
252 0.1053 0.1605 0.1907 0.4502 0.0233 0.0701
253 0.5703 0.0692 0.3250 0.0225 0.0085 0.0046
254 0.2751 0.0770 0.2976 0.2544 0.0112 0.0846
255 0.4570 0.1193 0.3069 0.0685 0.0375 0.0107
256 0.2271 0.0737 0.2101 0.4048 0.0348 0.0495
257 0.2307 0.4734 0.2595 0.0106 0.0200 0.0058
258 0.1814 0.0352 0.4932 0.2024 0.0341 0.0536
259 0.4854 0.2639 0.1539 0.0652 0.0220 0.0095
260 0.3240 0.1173 0.4463 0.0851 0.0235 0.0039
261 0.0823 0.0593 0.4116 0.4053 0.0197 0.0220
262 0.2754 0.0450 0.2754 0.3765 0.0176 0.0103
263 0.4006 0.1658 0.3401 0.0615 0.0262 0.0058
264 0.3142 0.3372 0.2861 0.0235 0.0364 0.0027
265 0.3254 0.0693 0.2783 0.2874 0.0206 0.0190
266 0.4360 0.1935 0.1438 0.1279 0.0859 0.0130
267 0.7334 0.0544 0.1188 0.0465 0.0404 0.0064
268 0.2751 0.1260 0.0981 0.4465 0.0260 0.0281
