time exciting_prob fearful_prob tense_prob sad_prob relaxing_prob neutral_prob
0 0.1793 0.1908 0.0670 0.3098 0.0468 0.2063
1 0.0432 0.1920 0.3701 0.2666 0.0422 0.0859
2 0.0183 0.1220 0.0500 0.5820 0.2174 0.0103
3 0.0382 0.3127 0.0641 0.3081 0.2698 0.0071
4 0.0724 0.1569 0.0262 0.7310 0.0010 0.0124
5 0.0911 0.1348 0.0296 0.7168 0.0024 0.0251
6 0.0243 0.4873 0.0530 0.4102 0.0018 0.0235
7 0.0459 0.6147 0.0988 0.2174 0.0031 0.0201
8 0.0114 0.4880 0.1263 0.2131 0.1560 0.0052
9 0.0104 0.4497 0.1875 0.2603 0.0839 0.0084
10 0.0229 0.1617 0.1520 0.5645 0.0740 0.0248
11 0.0068 0.4563 0.0818 0.2900 0.1627 0.0023
12 0.0196 0.0533 0.0226 0.7949 0.0299 0.0800
13 0.0163 0.0683 0.0363 0.7573 0.0693 0.0524
14 0.0316 0.1191 0.0316 0.7070 0.0405 0.0700
15 0.0292 0.0987 0.0363 0.7070 0.0700 0.0589
16 0.0520 0.2040 0.1118 0.5166 0.0215 0.0941
17 0.0539 0.3149 0.2654 0.3076 0.0117 0.0464
18 0.0298 0.5112 0.2654 0.1304 0.0218 0.0413
19 0.1102 0.5552 0.0965 0.1775 0.0384 0.0224
20 0.4275 0.2893 0.1031 0.1455 0.0035 0.0310
21 0.0146 0.5146 0.1644 0.2842 0.0068 0.0155
22 0.0504 0.3418 0.1084 0.4526 0.0402 0.0066
23 0.0224 0.0944 0.1532 0.6870 0.0177 0.0254
24 0.0460 0.7134 0.0406 0.0900 0.1094 0.0004
25 0.0494 0.8032 0.0526 0.0300 0.0644 0.0005
26 0.0385 0.2213 0.2671 0.2374 0.0494 0.1864
27 0.0711 0.1760 0.0262 0.5171 0.0554 0.1541
28 0.0786 0.1576 0.0360 0.5205 0.1246 0.0824
29 0.0640 0.2800 0.1272 0.4270 0.0251 0.0766
30 0.0015 0.4705 0.0265 0.4854 0.0003 0.0160
31 0.0044 0.5562 0.0356 0.3884 0.0038 0.0114
32 0.2627 0.1353 0.5474 0.0271 0.0059 0.0216
33 0.0671 0.2610 0.0975 0.4204 0.0370 0.1168
34 0.0421 0.2708 0.1060 0.3848 0.0163 0.1803
35 0.1688 0.1537 0.0932 0.3008 0.0491 0.2344
36 0.0826 0.3850 0.0390 0.4790 0.0060 0.0084
37 0.1649 0.3357 0.0123 0.4773 0.0058 0.0040
38 0.0547 0.8550 0.0164 0.0691 0.0046 0.0003
39 0.0880 0.3762 0.0718 0.4199 0.0184 0.0256
40 0.0386 0.6089 0.0448 0.2832 0.0210 0.0032
41 0.0993 0.2203 0.0317 0.6279 0.0027 0.0181
42 0.0334 0.2563 0.1876 0.3093 0.0399 0.1735
43 0.0645 0.2671 0.0382 0.5654 0.0044 0.0601
44 0.1036 0.1461 0.1996 0.4097 0.0161 0.1249
45 0.1160 0.3545 0.1444 0.3687 0.0125 0.0038
46 0.0851 0.3364 0.0972 0.4529 0.0114 0.0170
47 0.0350 0.6450 0.1183 0.1951 0.0036 0.0031
48 0.1423 0.6279 0.0196 0.1799 0.0249 0.0055
49 0.1996 0.6860 0.0246 0.0668 0.0179 0.0052
50 0.0526 0.1726 0.0056 0.7383 0.0273 0.0037
51 0.0903 0.6265 0.1047 0.1699 0.0056 0.0031
52 0.1326 0.6997 0.0536 0.1074 0.0051 0.0015
53 0.1615 0.6963 0.0663 0.0106 0.0627 0.0026
54 0.0405 0.4939 0.0349 0.3394 0.0764 0.0149
55 0.0103 0.0619 0.0331 0.8813 0.0045 0.0086
56 0.0132 0.3191 0.1681 0.4717 0.0090 0.0190
57 0.1445 0.2595 0.1025 0.4280 0.0154 0.0500
58 0.0417 0.1576 0.0647 0.6953 0.0026 0.0380
59 0.1090 0.2739 0.0523 0.5449 0.0181 0.0018
60 0.3762 0.1439 0.0219 0.4470 0.0030 0.0079
61 0.3838 0.3257 0.0484 0.2328 0.0036 0.0058
62 0.1439 0.1863 0.0321 0.6353 0.0003 0.0021
63 0.3816 0.2388 0.0618 0.3115 0.0024 0.0040
64 0.1803 0.6543 0.0576 0.0950 0.0122 0.0009
65 0.3240 0.2881 0.0690 0.2996 0.0119 0.0076
66 0.4661 0.2289 0.0383 0.2615 0.0044 0.0010
67 0.1342 0.6011 0.0361 0.1848 0.0409 0.0028
68 0.0298 0.8833 0.0291 0.0526 0.0047 0.0004
69 0.0456 0.2242 0.0338 0.6191 0.0608 0.0165
70 0.1429 0.0827 0.0827 0.3074 0.0416 0.3428
71 0.2256 0.5044 0.0891 0.1492 0.0272 0.0045
72 0.1897 0.2323 0.1560 0.3743 0.0443 0.0035
73 0.3010 0.5850 0.0672 0.0126 0.0333 0.0010
74 0.2925 0.4426 0.0995 0.0717 0.0892 0.0043
75 0.2334 0.6006 0.0800 0.0268 0.0572 0.0018
76 0.1233 0.8042 0.0565 0.0133 0.0027 0.0003
77 0.0163 0.9380 0.0406 0.0048 0.0006 0.0001
78 0.0257 0.5034 0.0698 0.3684 0.0293 0.0032
79 0.0437 0.4146 0.0205 0.4553 0.0641 0.0021
80 0.0401 0.0861 0.0356 0.7559 0.0044 0.0778
81 0.0595 0.1643 0.0425 0.7026 0.0058 0.0254
82 0.0496 0.1041 0.0673 0.7173 0.0062 0.0557
83 0.4214 0.2345 0.0750 0.2477 0.0086 0.0130
84 0.3416 0.2661 0.1528 0.1931 0.0213 0.0249
85 0.0080 0.0690 0.0028 0.9082 0.0021 0.0100
86 0.0077 0.0605 0.0035 0.9180 0.0031 0.0071
87 0.5840 0.0340 0.0178 0.3486 0.0013 0.0145
88 0.1198 0.5669 0.0215 0.2595 0.0291 0.0030
89 0.0536 0.0793 0.0278 0.8008 0.0306 0.0079
90 0.1023 0.6670 0.0237 0.1647 0.0394 0.0029
91 0.0587 0.7041 0.0309 0.1910 0.0097 0.0055
92 0.0468 0.6216 0.0241 0.2891 0.0112 0.0069
93 0.0760 0.7441 0.0226 0.1388 0.0126 0.0057
94 0.0186 0.1624 0.0091 0.7222 0.0709 0.0167
95 0.0286 0.2532 0.0976 0.5796 0.0216 0.0195
96 0.0347 0.0723 0.0352 0.7192 0.0010 0.1373
97 0.0980 0.0757 0.0060 0.7651 0.0037 0.0516
98 0.0293 0.1636 0.0133 0.7104 0.0531 0.0305
99 0.0424 0.2947 0.1228 0.3723 0.1481 0.0197
100 0.0326 0.4790 0.0264 0.3616 0.0865 0.0139
101 0.0108 0.5181 0.0240 0.4297 0.0117 0.0055
102 0.1069 0.4067 0.0304 0.0212 0.4329 0.0018
103 0.0915 0.7085 0.0140 0.0270 0.1544 0.0047
104 0.0779 0.1664 0.0158 0.4382 0.2458 0.0557
105 0.0506 0.6992 0.0198 0.2148 0.0105 0.0051
106 0.0214 0.6411 0.1365 0.0578 0.0258 0.1176
107 0.0502 0.5352 0.1021 0.1486 0.0329 0.1311
108 0.0676 0.0247 0.0200 0.7974 0.0490 0.0413
109 0.3281 0.0918 0.0911 0.3547 0.1065 0.0278
110 0.1244 0.0280 0.0088 0.6621 0.1548 0.0220
111 0.0042 0.1283 0.0437 0.7983 0.0223 0.0030
112 0.3440 0.1083 0.1703 0.2659 0.0005 0.1108
113 0.3369 0.0936 0.1554 0.3020 0.0011 0.1111
114 0.0302 0.2563 0.0659 0.2013 0.2109 0.2354
115 0.0298 0.3352 0.0828 0.1753 0.2844 0.0923
116 0.0398 0.3684 0.0720 0.1810 0.2379 0.1008
117 0.1383 0.7134 0.0272 0.0169 0.0981 0.0060
118 0.1455 0.6890 0.0349 0.0133 0.1133 0.0040
119 0.1440 0.6978 0.0397 0.0158 0.0945 0.0081
120 0.1127 0.6284 0.0528 0.0315 0.1639 0.0105
121 0.1476 0.5527 0.0260 0.0097 0.2590 0.0051
122 0.1125 0.6079 0.0325 0.0200 0.2168 0.0101
123 0.1709 0.6655 0.0279 0.0119 0.1166 0.0072
124 0.1627 0.6191 0.1328 0.0537 0.0296 0.0021
125 0.1361 0.7246 0.0758 0.0309 0.0309 0.0018
126 0.2151 0.5894 0.0904 0.0287 0.0726 0.0039
127 0.2029 0.3269 0.0724 0.3762 0.0054 0.0163
128 0.1979 0.3262 0.0360 0.3997 0.0054 0.0349
129 0.1252 0.1571 0.1725 0.5234 0.0105 0.0114
130 0.1958 0.5366 0.0310 0.2168 0.0184 0.0017
131 0.5654 0.0730 0.0247 0.2935 0.0123 0.0312
132 0.4048 0.0511 0.0293 0.1882 0.0164 0.3103
133 0.0502 0.0778 0.2395 0.4690 0.0161 0.1476
134 0.0170 0.1097 0.0047 0.8105 0.0370 0.0209
135 0.0209 0.1802 0.0113 0.7017 0.0470 0.0393
136 0.0210 0.2057 0.0149 0.6958 0.0318 0.0308
137 0.1052 0.0764 0.0648 0.1720 0.2175 0.3643
138 0.1278 0.1110 0.1219 0.4602 0.1641 0.0150
139 0.0504 0.2208 0.1616 0.5425 0.0102 0.0145
140 0.0524 0.2664 0.1403 0.4673 0.0268 0.0470
141 0.0153 0.7588 0.0172 0.2058 0.0014 0.0013
142 0.0574 0.8311 0.0284 0.0631 0.0181 0.0019
143 0.2974 0.5869 0.0285 0.0679 0.0172 0.0022
144 0.6196 0.2883 0.0521 0.0279 0.0113 0.0008
145 0.5166 0.3992 0.0374 0.0408 0.0054 0.0004
146 0.0130 0.5908 0.0323 0.3528 0.0008 0.0102
147 0.0102 0.0907 0.0170 0.8745 0.0007 0.0070
148 0.0271 0.1685 0.1440 0.5972 0.0061 0.0573
149 0.0770 0.2334 0.0358 0.6245 0.0207 0.0088
150 0.0616 0.2761 0.0322 0.5938 0.0322 0.0044
151 0.1088 0.2032 0.0400 0.6260 0.0185 0.0037
152 0.1304 0.5278 0.0720 0.2417 0.0261 0.0017
153 0.2271 0.5322 0.0392 0.1560 0.0447 0.0009
154 0.2048 0.4138 0.0293 0.2651 0.0854 0.0017
155 0.1044 0.1052 0.0166 0.7134 0.0559 0.0047
156 0.0665 0.1672 0.0247 0.7041 0.0340 0.0034
157 0.1115 0.5444 0.1089 0.2050 0.0100 0.0203
158 0.0403 0.0281 0.0086 0.8687 0.0190 0.0353
159 0.3735 0.3647 0.0356 0.1670 0.0429 0.0162
160 0.0528 0.4819 0.1026 0.3525 0.0032 0.0067
161 0.0030 0.2272 0.0693 0.6997 0.0005 0.0001
162 0.0129 0.2456 0.0519 0.6890 0.0001 0.0007
163 0.0127 0.8091 0.0419 0.1362 0.0002 0.0002
164 0.0129 0.2268 0.0232 0.7324 0.0034 0.0013
165 0.0098 0.5225 0.0262 0.4399 0.0005 0.0010
166 0.1963 0.4529 0.1084 0.2010 0.0235 0.0178
167 0.2649 0.3247 0.1793 0.1893 0.0262 0.0154
168 0.1048 0.1263 0.0666 0.5488 0.0855 0.0676
169 0.1052 0.1846 0.1119 0.4863 0.0521 0.0599
170 0.0300 0.1113 0.0273 0.6924 0.0615 0.0777
171 0.0848 0.7329 0.0149 0.0362 0.1205 0.0109
172 0.0641 0.1326 0.0203 0.5806 0.0856 0.1170
173 0.1766 0.4407 0.0362 0.0420 0.2913 0.0131
174 0.1936 0.3452 0.0378 0.2299 0.1580 0.0355
175 0.2717 0.4409 0.0587 0.1726 0.0465 0.0096
176 0.2686 0.3701 0.1289 0.1566 0.0497 0.0262
177 0.2876 0.3577 0.0338 0.1991 0.1199 0.0019
178 0.1573 0.6675 0.0221 0.0667 0.0856 0.0006
179 0.2629 0.4797 0.0510 0.0615 0.1440 0.0010
180 0.2064 0.5747 0.0337 0.0547 0.1302 0.0005
181 0.1970 0.6162 0.0191 0.0479 0.1185 0.0012
182 0.1469 0.7461 0.0207 0.0069 0.0774 0.0021
183 0.0922 0.6816 0.0155 0.0050 0.2030 0.0028
184 0.0750 0.5894 0.0175 0.0051 0.3105 0.0024
185 0.0532 0.0175 0.0225 0.8857 0.0037 0.0173
186 0.0696 0.0409 0.0634 0.7720 0.0039 0.0501
187 0.0630 0.5708 0.0098 0.2739 0.0737 0.0087
188 0.0380 0.7744 0.0078 0.1254 0.0503 0.0042
189 0.0674 0.2410 0.0297 0.6553 0.0044 0.0023
190 0.2539 0.1145 0.0956 0.4783 0.0306 0.0270
191 0.1915 0.0641 0.0580 0.5898 0.0218 0.0744
192 0.2832 0.0612 0.0418 0.5249 0.0068 0.0818
193 0.1089 0.1072 0.0749 0.5981 0.0198 0.0910
194 0.1414 0.1042 0.0549 0.5723 0.0247 0.1026
195 0.0416 0.4575 0.0256 0.4722 0.0011 0.0020
196 0.0223 0.2632 0.0288 0.6821 0.0006 0.0029
197 0.3062 0.4524 0.1539 0.0371 0.0411 0.0094
198 0.0899 0.1554 0.0260 0.5381 0.0106 0.1802
199 0.0267 0.7148 0.0180 0.2180 0.0167 0.0058
200 0.1345 0.6470 0.0243 0.1714 0.0142 0.0085
201 0.0754 0.7437 0.0526 0.1168 0.0088 0.0025
202 0.0385 0.6777 0.0398 0.2271 0.0117 0.0053
203 0.0710 0.5947 0.0341 0.2788 0.0086 0.0124
204 0.2979 0.6304 0.0534 0.0159 0.0006 0.0017
205 0.3027 0.6113 0.0569 0.0262 0.0007 0.0020
206 0.2495 0.6675 0.0565 0.0239 0.0007 0.0017
207 0.2520 0.6641 0.0571 0.0244 0.0006 0.0018
208 0.2502 0.6699 0.0550 0.0227 0.0007 0.0017
209 0.2598 0.6528 0.0598 0.0251 0.0007 0.0019
210 0.2544 0.6602 0.0586 0.0246 0.0007 0.0018
211 0.2585 0.6606 0.0551 0.0235 0.0007 0.0017
212 0.3328 0.6025 0.0502 0.0129 0.0008 0.0010
