time exciting_prob fearful_prob tense_prob sad_prob relaxing_prob neutral_prob
0 0.1136 0.1553 0.1349 0.1288 0.0181 0.4492
1 0.0447 0.0322 0.0557 0.8438 0.0014 0.0221
2 0.0537 0.0460 0.0758 0.8022 0.0014 0.0207
3 0.0884 0.0818 0.1267 0.6846 0.0017 0.0167
4 0.1964 0.2561 0.1268 0.2124 0.0493 0.1591
5 0.0313 0.1814 0.5088 0.2517 0.0240 0.0030
6 0.0499 0.1648 0.6216 0.1304 0.0305 0.0028
7 0.0132 0.0590 0.1874 0.7295 0.0066 0.0042
8 0.0040 0.0168 0.0179 0.9473 0.0009 0.0131
9 0.0142 0.0418 0.0375 0.8940 0.0008 0.0118
10 0.0138 0.0394 0.0370 0.8970 0.0007 0.0122
11 0.0170 0.0784 0.0522 0.8428 0.0009 0.0089
12 0.0054 0.0276 0.0170 0.9424 0.0012 0.0067
13 0.1203 0.2178 0.5874 0.0224 0.0446 0.0074
14 0.1132 0.1957 0.5400 0.0889 0.0382 0.0239
15 0.1037 0.2356 0.1582 0.4504 0.0074 0.0446
16 0.2042 0.3726 0.1816 0.1948 0.0148 0.0320
17 0.0274 0.2258 0.2156 0.4934 0.0154 0.0225
18 0.0042 0.1689 0.0631 0.7456 0.0042 0.0141
19 0.0450 0.5356 0.0379 0.3352 0.0433 0.0028
20 0.0312 0.6509 0.0300 0.2510 0.0340 0.0032
21 0.0645 0.1685 0.5312 0.1498 0.0686 0.0177
22 0.1252 0.2268 0.1431 0.4580 0.0235 0.0233
23 0.0748 0.2198 0.2032 0.3918 0.0243 0.0861
24 0.1082 0.2615 0.5801 0.0188 0.0211 0.0102
25 0.0805 0.4026 0.1829 0.1017 0.2189 0.0136
26 0.0426 0.6406 0.1632 0.0937 0.0530 0.0071
27 0.0107 0.8823 0.0821 0.0189 0.0033 0.0027
28 0.0108 0.8086 0.1543 0.0212 0.0033 0.0020
29 0.0373 0.1863 0.2014 0.4985 0.0240 0.0526
30 0.0541 0.2996 0.3672 0.2059 0.0663 0.0067
31 0.0836 0.2827 0.3408 0.2417 0.0216 0.0296
32 0.0616 0.3984 0.4375 0.0748 0.0149 0.0128
33 0.2498 0.2744 0.3635 0.0912 0.0121 0.0092
34 0.0435 0.3447 0.2903 0.2191 0.0812 0.0212
35 0.2803 0.2554 0.1366 0.3032 0.0185 0.0061
36 0.0396 0.1240 0.1818 0.5869 0.0486 0.0192
37 0.0075 0.0800 0.1361 0.7241 0.0113 0.0409
38 0.0109 0.3369 0.6196 0.0202 0.0116 0.0009
39 0.0077 0.5952 0.3555 0.0320 0.0069 0.0026
40 0.1332 0.2888 0.3594 0.1332 0.0502 0.0353
41 0.2678 0.2764 0.3108 0.0163 0.1198 0.0087
42 0.0468 0.1810 0.2184 0.4998 0.0186 0.0354
43 0.0706 0.3501 0.3611 0.1110 0.0920 0.0154
44 0.0711 0.1948 0.2502 0.3755 0.0950 0.0134
45 0.1190 0.1066 0.1412 0.5947 0.0169 0.0217
46 0.0828 0.2866 0.5029 0.0916 0.0214 0.0147
47 0.0593 0.2700 0.4519 0.1587 0.0294 0.0308
48 0.0970 0.1065 0.4082 0.3491 0.0317 0.0074
49 0.2072 0.1338 0.2703 0.0786 0.3086 0.0016
50 0.0367 0.1464 0.1940 0.4875 0.0362 0.0991
51 0.0579 0.1503 0.5327 0.2053 0.0103 0.0437
52 0.0290 0.1382 0.2705 0.5215 0.0238 0.0169
53 0.0140 0.2878 0.1720 0.4897 0.0159 0.0204
54 0.6006 0.1383 0.1052 0.0321 0.0633 0.0604
55 0.5337 0.0942 0.1436 0.1414 0.0421 0.0452
56 0.1300 0.0813 0.2428 0.3645 0.0922 0.0893
57 0.0707 0.2302 0.5269 0.1251 0.0282 0.0188
58 0.0488 0.5283 0.1236 0.2576 0.0351 0.0064
59 0.0297 0.2357 0.2629 0.4270 0.0139 0.0307
60 0.0054 0.0870 0.1118 0.7065 0.0077 0.0818
61 0.2793 0.0663 0.2749 0.1803 0.0105 0.1890
62 0.1061 0.0643 0.0435 0.0069 0.7778 0.0014
63 0.1887 0.1238 0.1829 0.4600 0.0169 0.0278
64 0.0741 0.4365 0.4165 0.0258 0.0406 0.0063
65 0.1383 0.1604 0.3142 0.2815 0.0321 0.0734
66 0.1868 0.1573 0.3955 0.2101 0.0407 0.0096
67 0.0455 0.3867 0.2537 0.2786 0.0181 0.0177
68 0.0721 0.1758 0.2404 0.3782 0.0971 0.0366
69 0.0873 0.4575 0.1710 0.2411 0.0228 0.0201
70 0.3127 0.1648 0.1388 0.1810 0.0427 0.1598
71 0.1027 0.1146 0.1448 0.5464 0.0320 0.0594
72 0.0765 0.3220 0.3428 0.1777 0.0614 0.0196
73 0.0374 0.2717 0.1178 0.4016 0.1007 0.0709
74 0.0999 0.0714 0.6411 0.1608 0.0195 0.0075
75 0.1926 0.2454 0.4272 0.1072 0.0137 0.0138
76 0.0540 0.3574 0.5283 0.0278 0.0322 0.0004
77 0.1445 0.2328 0.3691 0.0401 0.2087 0.0046
78 0.0365 0.4277 0.4771 0.0343 0.0218 0.0027
79 0.1283 0.1398 0.5571 0.1064 0.0635 0.0046
80 0.1639 0.0787 0.4895 0.2312 0.0301 0.0066
81 0.2141 0.0663 0.5820 0.0995 0.0358 0.0024
82 0.0681 0.0703 0.1293 0.5884 0.0848 0.0592
83 0.3687 0.2417 0.1649 0.0903 0.1197 0.0147
84 0.0426 0.1659 0.1821 0.5698 0.0175 0.0219
85 0.1504 0.3638 0.2366 0.2189 0.0208 0.0096
86 0.2263 0.3972 0.1373 0.1997 0.0361 0.0033
87 0.0549 0.4739 0.3132 0.0085 0.1492 0.0004
88 0.0979 0.1075 0.3782 0.3811 0.0296 0.0057
89 0.0984 0.0932 0.4695 0.2939 0.0332 0.0117
90 0.1066 0.2477 0.5669 0.0515 0.0247 0.0024
91 0.0875 0.3381 0.4272 0.0737 0.0671 0.0063
92 0.0569 0.4443 0.4731 0.0146 0.0091 0.0018
93 0.0373 0.5186 0.2976 0.1045 0.0290 0.0133
94 0.0731 0.3740 0.4993 0.0263 0.0265 0.0008
95 0.0424 0.2152 0.3896 0.2401 0.1057 0.0069
96 0.0836 0.0308 0.3413 0.5122 0.0106 0.0216
97 0.1514 0.1525 0.5283 0.1245 0.0389 0.0046
98 0.0454 0.3831 0.3801 0.0676 0.1151 0.0086
99 0.2266 0.2000 0.3977 0.0350 0.1375 0.0033
100 0.1180 0.2155 0.3040 0.2480 0.1100 0.0045
101 0.0853 0.0958 0.5303 0.2144 0.0619 0.0122
102 0.1169 0.1335 0.5664 0.1099 0.0698 0.0033
103 0.0197 0.4531 0.1888 0.3113 0.0224 0.0045
104 0.0787 0.4712 0.3188 0.0276 0.1019 0.0018
105 0.0288 0.7085 0.2062 0.0400 0.0153 0.0015
106 0.0507 0.3035 0.3958 0.1841 0.0598 0.0061
107 0.2223 0.1458 0.4932 0.1109 0.0246 0.0032
108 0.0305 0.2255 0.3081 0.4082 0.0149 0.0126
109 0.0277 0.5186 0.3455 0.0771 0.0290 0.0023
110 0.0233 0.3569 0.5615 0.0277 0.0201 0.0106
111 0.0594 0.1119 0.1578 0.5508 0.0276 0.0921
112 0.3196 0.2932 0.3481 0.0273 0.0105 0.0011
113 0.2327 0.3386 0.3359 0.0750 0.0146 0.0033
114 0.2974 0.4644 0.1351 0.0260 0.0696 0.0075
115 0.1715 0.4963 0.1490 0.0362 0.1245 0.0223
116 0.0414 0.1160 0.0862 0.6465 0.0315 0.0784
117 0.1387 0.3125 0.3542 0.1572 0.0195 0.0178
118 0.1436 0.1772 0.4746 0.1370 0.0477 0.0199
119 0.1544 0.1656 0.4832 0.1231 0.0707 0.0030
120 0.0548 0.3862 0.1700 0.0307 0.3516 0.0067
121 0.0167 0.3223 0.3274 0.3125 0.0116 0.0096
122 0.0356 0.2321 0.6113 0.0814 0.0233 0.0164
123 0.1010 0.1458 0.6953 0.0399 0.0165 0.0014
124 0.0618 0.1616 0.6147 0.0485 0.1129 0.0003
125 0.0446 0.3242 0.4790 0.1299 0.0137 0.0086
126 0.0558 0.2314 0.6489 0.0363 0.0266 0.0007
127 0.0542 0.3071 0.5830 0.0300 0.0248 0.0007
128 0.1019 0.2157 0.6191 0.0250 0.0378 0.0003
129 0.0278 0.3413 0.5122 0.1066 0.0100 0.0019
130 0.0744 0.1600 0.2788 0.3809 0.0716 0.0343
131 0.1925 0.4475 0.2114 0.0854 0.0620 0.0012
132 0.0367 0.2549 0.5483 0.1431 0.0093 0.0078
133 0.0826 0.2773 0.3821 0.2142 0.0334 0.0105
134 0.0733 0.1962 0.5996 0.0831 0.0424 0.0054
135 0.1139 0.1428 0.2178 0.4685 0.0271 0.0299
136 0.1554 0.1003 0.1904 0.4641 0.0701 0.0196
137 0.0441 0.1163 0.2207 0.4673 0.0381 0.1136
138 0.0172 0.6450 0.1643 0.1682 0.0040 0.0015
139 0.0544 0.4485 0.2700 0.1914 0.0245 0.0111
140 0.3279 0.3801 0.1548 0.0961 0.0327 0.0083
141 0.0396 0.1405 0.1300 0.5962 0.0600 0.0336
142 0.1399 0.3984 0.2695 0.1455 0.0359 0.0106
143 0.1588 0.3159 0.3525 0.1118 0.0549 0.0061
144 0.0721 0.5625 0.2419 0.0715 0.0503 0.0014
145 0.0351 0.7222 0.1770 0.0612 0.0028 0.0016
146 0.0654 0.2356 0.4685 0.2047 0.0204 0.0054
147 0.0676 0.4275 0.4343 0.0588 0.0083 0.0034
148 0.1229 0.2388 0.5015 0.0520 0.0775 0.0072
149 0.0748 0.2164 0.4580 0.2303 0.0058 0.0146
150 0.1456 0.1456 0.6035 0.0798 0.0217 0.0036
151 0.0620 0.1672 0.4993 0.1376 0.1168 0.0171
152 0.2001 0.4875 0.1646 0.0332 0.1097 0.0048
153 0.0634 0.4165 0.2776 0.1029 0.1300 0.0096
154 0.0612 0.4019 0.3491 0.1346 0.0507 0.0026
155 0.0430 0.2437 0.3279 0.2052 0.1715 0.0087
156 0.0291 0.2832 0.3809 0.0608 0.2440 0.0020
157 0.0455 0.1691 0.4119 0.3579 0.0092 0.0067
158 0.0768 0.2598 0.5010 0.0864 0.0174 0.0589
159 0.0950 0.1935 0.5684 0.0712 0.0525 0.0193
160 0.0945 0.1407 0.4202 0.2798 0.0522 0.0126
161 0.0462 0.4526 0.4817 0.0137 0.0054 0.0005
162 0.0487 0.0698 0.5664 0.2893 0.0088 0.0166
163 0.0140 0.5649 0.3823 0.0331 0.0025 0.0032
164 0.0255 0.5464 0.3933 0.0202 0.0098 0.0049
165 0.0745 0.0684 0.0344 0.0212 0.8013 0.0005
166 0.0830 0.0562 0.3721 0.3135 0.1504 0.0249
167 0.0903 0.1023 0.3625 0.2695 0.1560 0.0194
168 0.0588 0.3411 0.2783 0.2457 0.0698 0.0060
169 0.0263 0.4148 0.4280 0.0985 0.0280 0.0043
170 0.0693 0.2920 0.1613 0.2742 0.1885 0.0149
171 0.0323 0.3140 0.1603 0.2771 0.2091 0.0073
172 0.0322 0.5034 0.2100 0.1635 0.0848 0.0061
173 0.0320 0.3872 0.3694 0.0481 0.1602 0.0033
174 0.0361 0.2686 0.3728 0.1289 0.1846 0.0090
175 0.0619 0.3506 0.3674 0.1036 0.1069 0.0097
176 0.0363 0.3586 0.4751 0.0740 0.0512 0.0048
177 0.0276 0.3313 0.3696 0.2041 0.0576 0.0100
178 0.0266 0.1967 0.3193 0.3345 0.1121 0.0108
179 0.0223 0.3950 0.2937 0.1323 0.1431 0.0135
180 0.0267 0.2693 0.4170 0.0967 0.1851 0.0052
181 0.0418 0.1951 0.4980 0.0467 0.2142 0.0041
182 0.0368 0.1687 0.4111 0.1536 0.2200 0.0098
183 0.0272 0.2189 0.4856 0.1528 0.1101 0.0053
184 0.0369 0.2878 0.4895 0.1136 0.0684 0.0038
185 0.0248 0.2162 0.4231 0.2128 0.1104 0.0127
186 0.0166 0.3020 0.4604 0.1542 0.0599 0.0068
187 0.0204 0.3784 0.3669 0.1844 0.0355 0.0143
188 0.0081 0.4233 0.2910 0.1385 0.1292 0.0100
189 0.0217 0.3086 0.3037 0.1083 0.2559 0.0017
190 0.0161 0.3423 0.3479 0.0922 0.1981 0.0033
191 0.0167 0.2961 0.5449 0.1107 0.0238 0.0077
192 0.0049 0.5254 0.4155 0.0452 0.0074 0.0015
193 0.0140 0.3574 0.2964 0.1255 0.1914 0.0153
194 0.0358 0.2428 0.1094 0.4609 0.1428 0.0082
195 0.0359 0.6069 0.1204 0.1097 0.1223 0.0049
196 0.0207 0.2517 0.3899 0.2942 0.0392 0.0043
197 0.0149 0.3528 0.4900 0.1201 0.0187 0.0035
198 0.2598 0.0912 0.5459 0.0780 0.0218 0.0033
199 0.0192 0.3560 0.5869 0.0309 0.0027 0.0042
200 0.0343 0.1842 0.4705 0.2440 0.0571 0.0100
201 0.0513 0.2625 0.4905 0.1193 0.0629 0.0137
202 0.0431 0.2498 0.4119 0.2421 0.0458 0.0073
203 0.0612 0.3809 0.2347 0.2137 0.1033 0.0061
204 0.0619 0.3242 0.2729 0.2335 0.1028 0.0047
205 0.0687 0.1443 0.4807 0.2455 0.0495 0.0113
206 0.0253 0.5439 0.2866 0.1168 0.0216 0.0055
207 0.0704 0.2617 0.4116 0.2037 0.0458 0.0068
208 0.0569 0.1796 0.3801 0.3303 0.0479 0.0053
209 0.0370 0.2527 0.5874 0.0959 0.0186 0.0086
210 0.0704 0.5449 0.2573 0.0823 0.0417 0.0036
211 0.0813 0.3672 0.4160 0.0669 0.0648 0.0037
212 0.0662 0.2423 0.4319 0.2172 0.0212 0.0212
213 0.0385 0.1624 0.3384 0.4146 0.0263 0.0200
214 0.1202 0.1111 0.3069 0.4004 0.0329 0.0285
215 0.0601 0.4202 0.2432 0.1836 0.0796 0.0135
216 0.0252 0.3794 0.4795 0.0989 0.0103 0.0066
217 0.0140 0.6460 0.1534 0.1793 0.0049 0.0026
218 0.2595 0.1840 0.1729 0.0918 0.2896 0.0023
219 0.0922 0.4680 0.3882 0.0302 0.0198 0.0017
220 0.0703 0.3513 0.2305 0.2532 0.0809 0.0139
221 0.1016 0.0503 0.0552 0.6128 0.1783 0.0019
222 0.2886 0.2588 0.1232 0.1835 0.1451 0.0008
223 0.1519 0.2502 0.3757 0.1129 0.1060 0.0031
224 0.0603 0.0851 0.6689 0.1238 0.0428 0.0190
225 0.0528 0.3162 0.3528 0.2350 0.0396 0.0038
226 0.3281 0.0341 0.2085 0.3181 0.0767 0.0346
227 0.1934 0.1964 0.2812 0.2483 0.0360 0.0445
228 0.1277 0.2900 0.3445 0.1802 0.0341 0.0234
229 0.0195 0.2881 0.2465 0.2141 0.2209 0.0110
230 0.2546 0.1849 0.2015 0.0959 0.2627 0.0002
231 0.1564 0.3389 0.2402 0.0455 0.2188 0.0004
232 0.0458 0.0779 0.1869 0.6523 0.0234 0.0136
233 0.0313 0.0646 0.1992 0.6738 0.0227 0.0084
234 0.0302 0.1113 0.1697 0.6206 0.0530 0.0152
235 0.0937 0.1364 0.4758 0.2671 0.0233 0.0037
236 0.1017 0.2598 0.5332 0.0877 0.0165 0.0014
237 0.0892 0.1288 0.6646 0.0865 0.0281 0.0029
238 0.1337 0.2786 0.4812 0.0688 0.0368 0.0009
239 0.0544 0.5288 0.2419 0.0544 0.1001 0.0205
240 0.0314 0.5566 0.2180 0.1476 0.0364 0.0098
241 0.1145 0.0949 0.3064 0.4255 0.0188 0.0399
242 0.0582 0.4336 0.4546 0.0167 0.0275 0.0094
243 0.0390 0.2996 0.4031 0.1996 0.0287 0.0301
244 0.2343 0.1537 0.4517 0.0773 0.0816 0.0016
245 0.0595 0.0352 0.7900 0.1053 0.0068 0.0031
246 0.1868 0.0561 0.2252 0.4919 0.0112 0.0289
247 0.0302 0.4441 0.3625 0.1039 0.0286 0.0307
248 0.0254 0.5698 0.3352 0.0416 0.0186 0.0091
249 0.0812 0.2424 0.4858 0.1505 0.0333 0.0067
250 0.0309 0.4397 0.3022 0.0177 0.2078 0.0016
251 0.1250 0.3044 0.2817 0.0237 0.2646 0.0006
252 0.1519 0.1775 0.3213 0.0174 0.3315 0.0004
253 0.1427 0.3818 0.1449 0.0399 0.2389 0.0517
254 0.2966 0.1946 0.1368 0.0259 0.3108 0.0352
255 0.3125 0.0895 0.3799 0.0616 0.1548 0.0017
256 0.0729 0.1644 0.2668 0.1290 0.3647 0.0019
257 0.1768 0.3406 0.2454 0.2002 0.0142 0.0230
258 0.0194 0.5239 0.2118 0.2185 0.0168 0.0095
259 0.0520 0.3420 0.4392 0.1382 0.0214 0.0074
260 0.0261 0.1092 0.2311 0.5630 0.0496 0.0208
261 0.0315 0.2384 0.4453 0.2137 0.0598 0.0112
262 0.0055 0.0632 0.0455 0.8457 0.0114 0.0285
263 0.0762 0.5088 0.3015 0.0434 0.0184 0.0516
264 0.1271 0.1864 0.2671 0.3706 0.0216 0.0273
265 0.0933 0.0993 0.2102 0.5366 0.0163 0.0441
266 0.1335 0.3630 0.3574 0.1143 0.0261 0.0057
267 0.0325 0.1742 0.1274 0.4963 0.1400 0.0293
268 0.0784 0.5703 0.2133 0.0835 0.0376 0.0167
269 0.0276 0.5762 0.3550 0.0171 0.0194 0.0045
270 0.1036 0.2427 0.4194 0.1543 0.0409 0.0393
271 0.0523 0.2498 0.5044 0.1515 0.0368 0.0051
272 0.0620 0.4207 0.4272 0.0616 0.0253 0.0031
273 0.0604 0.2834 0.5728 0.0541 0.0264 0.0031
274 0.0767 0.2534 0.3865 0.2168 0.0507 0.0161
275 0.0345 0.2163 0.4236 0.2866 0.0312 0.0079
276 0.0829 0.3303 0.3252 0.1216 0.1324 0.0074
277 0.0585 0.1801 0.1692 0.4321 0.1154 0.0448
278 0.1216 0.1599 0.6133 0.0792 0.0210 0.0051
279 0.0081 0.4658 0.4243 0.0791 0.0170 0.0057
280 0.0928 0.0958 0.7417 0.0497 0.0163 0.0037
281 0.0418 0.4604 0.3420 0.1052 0.0347 0.0159
282 0.0046 0.1472 0.8340 0.0126 0.0009 0.0008
283 0.0112 0.7896 0.1027 0.0872 0.0084 0.0011
284 0.0573 0.2000 0.6206 0.0952 0.0189 0.0079
285 0.0436 0.1621 0.7500 0.0327 0.0081 0.0037
286 0.0143 0.6240 0.2561 0.0825 0.0168 0.0065
287 0.0136 0.2527 0.5967 0.1290 0.0032 0.0047
288 0.0356 0.4517 0.4587 0.0410 0.0067 0.0064
289 0.0561 0.0667 0.1284 0.4019 0.3384 0.0087
290 0.0794 0.1748 0.3318 0.0707 0.3423 0.0009
291 0.1023 0.2913 0.4109 0.0611 0.1293 0.0052
292 0.0542 0.3618 0.5181 0.0478 0.0072 0.0107
293 0.0276 0.4324 0.4189 0.0711 0.0290 0.0210
294 0.0168 0.4895 0.4058 0.0642 0.0191 0.0045
295 0.0085 0.3896 0.2942 0.2942 0.0045 0.0090
296 0.0054 0.5737 0.2507 0.1619 0.0046 0.0039
297 0.0057 0.5967 0.2566 0.1311 0.0051 0.0049
298 0.0090 0.3525 0.4819 0.1026 0.0428 0.0110
299 0.0967 0.0367 0.0707 0.5308 0.2546 0.0103
300 0.2090 0.1154 0.0906 0.1705 0.4124 0.0021
301 0.1208 0.0884 0.2478 0.4150 0.0955 0.0325
302 0.0128 0.5659 0.2250 0.1753 0.0171 0.0042
303 0.0230 0.4050 0.3357 0.2068 0.0159 0.0135
304 0.0656 0.2290 0.4556 0.1990 0.0362 0.0146
305 0.0371 0.0963 0.3308 0.4666 0.0421 0.0272
306 0.0226 0.2563 0.3616 0.3345 0.0091 0.0158
307 0.0695 0.1360 0.3813 0.3367 0.0648 0.0119
308 0.0517 0.2505 0.3022 0.2976 0.0746 0.0231
309 0.0386 0.1990 0.7168 0.0179 0.0056 0.0223
310 0.0110 0.6309 0.3223 0.0182 0.0132 0.0044
311 0.1293 0.4175 0.2083 0.0698 0.1714 0.0038
312 0.1440 0.6108 0.1451 0.0133 0.0853 0.0012
313 0.0217 0.6499 0.2159 0.0355 0.0764 0.0004
314 0.0372 0.6753 0.1340 0.0604 0.0928 0.0004
315 0.0226 0.2095 0.7197 0.0241 0.0105 0.0137
316 0.0450 0.2080 0.4836 0.2017 0.0373 0.0243
317 0.0392 0.2720 0.6323 0.0437 0.0096 0.0035
318 0.0081 0.3708 0.5835 0.0282 0.0079 0.0013
319 0.0056 0.5410 0.4148 0.0300 0.0079 0.0009
320 0.0090 0.4136 0.5229 0.0376 0.0099 0.0073
321 0.0118 0.7139 0.0974 0.0936 0.0696 0.0137
322 0.0111 0.5991 0.2203 0.0626 0.0978 0.0092
323 0.0264 0.4539 0.3120 0.1406 0.0390 0.0281
324 0.0142 0.6938 0.2218 0.0379 0.0282 0.0040
325 0.0189 0.7188 0.1329 0.0301 0.0988 0.0007
326 0.0299 0.6387 0.1277 0.0613 0.1414 0.0013
327 0.0376 0.3950 0.5317 0.0172 0.0066 0.0121
328 0.0125 0.4475 0.4075 0.0991 0.0150 0.0188
329 0.0634 0.1779 0.5391 0.0952 0.0922 0.0321
330 0.0215 0.4856 0.4353 0.0274 0.0173 0.0130
331 0.0131 0.5723 0.2206 0.1238 0.0684 0.0019
332 0.1216 0.1770 0.4590 0.1688 0.0265 0.0469
333 0.3347 0.1792 0.3975 0.0542 0.0231 0.0111
334 0.0079 0.3945 0.4988 0.0923 0.0033 0.0030
335 0.0240 0.4819 0.4597 0.0251 0.0061 0.0030
336 0.0086 0.4917 0.3889 0.0848 0.0176 0.0083
337 0.0123 0.1887 0.1718 0.6089 0.0051 0.0131
338 0.0399 0.4788 0.2727 0.1790 0.0116 0.0180
339 0.0990 0.2096 0.3679 0.2734 0.0252 0.0248
340 0.0064 0.5850 0.2986 0.0424 0.0598 0.0080
341 0.0222 0.3242 0.2998 0.2952 0.0345 0.0240
342 0.0164 0.2432 0.3074 0.4268 0.0019 0.0041
343 0.2494 0.0179 0.3628 0.3628 0.0037 0.0033
344 0.1445 0.4663 0.2537 0.1143 0.0048 0.0165
345 0.3645 0.3372 0.1372 0.1450 0.0069 0.0094
346 0.1194 0.1087 0.0930 0.3145 0.0347 0.3296
347 0.1194 0.1087 0.0930 0.3145 0.0347 0.3296
348 0.1136 0.1553 0.1349 0.1288 0.0181 0.4492
