time exciting_prob fearful_prob tense_prob sad_prob relaxing_prob neutral_prob
0 0.0943 0.0958 0.1484 0.4570 0.0254 0.1790
1 0.0963 0.0662 0.2537 0.4814 0.0159 0.0864
2 0.0874 0.2778 0.4041 0.2064 0.0147 0.0097
3 0.0884 0.1931 0.5952 0.1067 0.0114 0.0053
4 0.1090 0.3105 0.2495 0.2656 0.0499 0.0156
5 0.1372 0.0845 0.3044 0.3730 0.0453 0.0555
6 0.2195 0.1509 0.3733 0.1907 0.0222 0.0432
7 0.1864 0.1545 0.3074 0.2842 0.0258 0.0416
8 0.1366 0.0195 0.0703 0.3542 0.2847 0.1345
9 0.0840 0.0152 0.0502 0.2842 0.3884 0.1779
10 0.0930 0.0091 0.0337 0.2162 0.2566 0.3914
11 0.1073 0.0206 0.0616 0.3154 0.2495 0.2456
12 0.2325 0.0407 0.0128 0.0570 0.0346 0.6226
13 0.2668 0.1044 0.0453 0.0501 0.0936 0.4397
14 0.1735 0.0334 0.0460 0.1183 0.0509 0.5781
15 0.0780 0.0805 0.1075 0.1296 0.4185 0.1858
16 0.0822 0.2590 0.1837 0.0708 0.2981 0.1063
17 0.0848 0.2593 0.0391 0.1432 0.3381 0.1355
18 0.1272 0.0498 0.0364 0.1534 0.4236 0.2097
19 0.4805 0.1926 0.0263 0.0022 0.2847 0.0135
20 0.2793 0.3503 0.1111 0.1239 0.1191 0.0164
21 0.0403 0.0288 0.0399 0.5513 0.0833 0.2563
22 0.1949 0.0470 0.0775 0.2141 0.2622 0.2042
23 0.2729 0.3293 0.1630 0.0776 0.1202 0.0370
24 0.2576 0.1316 0.0688 0.1503 0.2186 0.1730
25 0.1610 0.1957 0.1868 0.1244 0.2115 0.1205
26 0.1131 0.1396 0.1038 0.2375 0.1149 0.2910
27 0.3909 0.2625 0.0425 0.0222 0.2686 0.0134
28 0.1672 0.1881 0.1150 0.0423 0.4512 0.0362
29 0.1548 0.1124 0.0181 0.0049 0.7046 0.0054
30 0.1976 0.1025 0.0657 0.0652 0.4087 0.1600
31 0.1567 0.7080 0.0865 0.0202 0.0147 0.0139
32 0.1075 0.1338 0.1887 0.3469 0.1296 0.0934
33 0.0646 0.0710 0.0603 0.2830 0.1401 0.3809
34 0.1232 0.3145 0.0659 0.2864 0.1213 0.0887
35 0.2126 0.2732 0.2487 0.0951 0.0746 0.0959
36 0.1678 0.4124 0.3137 0.0268 0.0571 0.0222
37 0.1565 0.0837 0.1209 0.2788 0.0389 0.3210
38 0.2112 0.0998 0.0853 0.4072 0.0998 0.0967
39 0.3469 0.0667 0.1126 0.2788 0.0733 0.1218
40 0.3398 0.0634 0.1290 0.2487 0.0989 0.1202
41 0.2927 0.0572 0.1279 0.2352 0.1920 0.0950
42 0.2654 0.2759 0.0433 0.1781 0.1660 0.0714
43 0.1841 0.1368 0.0544 0.0480 0.5166 0.0602
44 0.1969 0.2489 0.0457 0.0342 0.4580 0.0163
45 0.1707 0.2903 0.0604 0.0653 0.3699 0.0435
46 0.1508 0.3533 0.0509 0.0075 0.3972 0.0403
47 0.0995 0.0657 0.0668 0.6587 0.0812 0.0278
48 0.0591 0.0625 0.1440 0.2339 0.4800 0.0206
49 0.1229 0.1382 0.1760 0.2091 0.2859 0.0679
50 0.1938 0.1606 0.0696 0.2096 0.0208 0.3455
51 0.2361 0.1912 0.0869 0.1443 0.0188 0.3228
52 0.1047 0.1465 0.0861 0.0487 0.1262 0.4878
53 0.1666 0.4158 0.2622 0.0227 0.0308 0.1019
54 0.2037 0.2764 0.1798 0.0427 0.1188 0.1785
55 0.2385 0.2312 0.1516 0.0402 0.0617 0.2766
56 0.1711 0.0790 0.0446 0.0256 0.5112 0.1686
57 0.2028 0.2352 0.1052 0.0800 0.3423 0.0347
58 0.2778 0.2778 0.0725 0.1312 0.2268 0.0137
59 0.1478 0.3865 0.1421 0.0338 0.1444 0.1455
60 0.1322 0.3296 0.1343 0.0450 0.1510 0.2079
61 0.2162 0.4541 0.1498 0.0212 0.1166 0.0422
62 0.0868 0.1187 0.0255 0.4407 0.1234 0.2050
63 0.1293 0.1987 0.0514 0.2959 0.2148 0.1097
64 0.0166 0.5088 0.3135 0.0622 0.0033 0.0956
65 0.2223 0.3552 0.2155 0.0132 0.1327 0.0612
66 0.1949 0.2369 0.1350 0.0229 0.1288 0.2815
67 0.4578 0.1087 0.1533 0.1969 0.0765 0.0068
68 0.2778 0.3650 0.1808 0.0074 0.1498 0.0192
69 0.1826 0.5366 0.1295 0.0102 0.0897 0.0515
70 0.0975 0.4912 0.2469 0.0094 0.0895 0.0654
71 0.1088 0.4438 0.2820 0.0350 0.0874 0.0429
72 0.0702 0.2629 0.3074 0.0102 0.3123 0.0373
73 0.0454 0.2252 0.1838 0.2847 0.1727 0.0882
74 0.0510 0.2412 0.0771 0.0147 0.6064 0.0095
75 0.1316 0.2808 0.1125 0.0496 0.2988 0.1266
76 0.1084 0.6191 0.1541 0.0041 0.0980 0.0165
77 0.2031 0.3247 0.3738 0.0167 0.0486 0.0332
78 0.2434 0.3125 0.2286 0.0158 0.1753 0.0243
79 0.0506 0.0547 0.4729 0.1910 0.0174 0.2131
80 0.0262 0.2881 0.4062 0.2174 0.0155 0.0467
81 0.0367 0.5688 0.3560 0.0107 0.0135 0.0147
82 0.0282 0.3596 0.5840 0.0070 0.0143 0.0069
83 0.2408 0.1372 0.0369 0.0568 0.5176 0.0105
84 0.1869 0.1884 0.0440 0.1133 0.4243 0.0430
85 0.0448 0.1770 0.2742 0.1729 0.1143 0.2169
86 0.1165 0.3879 0.2177 0.0314 0.2263 0.0201
87 0.3940 0.2524 0.1230 0.0590 0.0505 0.1211
88 0.1384 0.4685 0.1984 0.1104 0.0696 0.0147
89 0.3560 0.1906 0.1103 0.0129 0.2839 0.0463
90 0.1195 0.0353 0.1609 0.3740 0.0099 0.3005
91 0.0103 0.1278 0.1830 0.5815 0.0838 0.0135
92 0.2297 0.2446 0.1580 0.0740 0.2686 0.0250
93 0.3716 0.0925 0.0876 0.3438 0.0607 0.0440
94 0.0512 0.2385 0.1338 0.4387 0.0197 0.1181
95 0.0701 0.6147 0.0980 0.1320 0.0546 0.0306
96 0.0442 0.1846 0.1964 0.3967 0.0177 0.1603
97 0.1266 0.2559 0.1600 0.2639 0.0259 0.1677
98 0.2910 0.0256 0.0821 0.3855 0.0367 0.1792
99 0.2654 0.0854 0.1224 0.1224 0.2133 0.1912
100 0.0802 0.4170 0.3738 0.0771 0.0192 0.0324
101 0.2588 0.1606 0.0867 0.2284 0.1343 0.1311
102 0.3274 0.1022 0.1262 0.1071 0.1725 0.1646
103 0.0458 0.5981 0.3057 0.0074 0.0359 0.0069
104 0.0265 0.7461 0.1576 0.0278 0.0405 0.0017
105 0.0822 0.1344 0.1252 0.1465 0.0464 0.4653
106 0.1636 0.2983 0.0903 0.0398 0.1141 0.2937
107 0.1709 0.4983 0.0997 0.0154 0.1086 0.1069
108 0.1420 0.4375 0.0748 0.0162 0.1635 0.1660
109 0.0936 0.2410 0.0886 0.0674 0.2094 0.2998
110 0.1345 0.4585 0.1410 0.0338 0.0946 0.1377
111 0.0997 0.2886 0.1582 0.0490 0.1670 0.2374
112 0.1143 0.3958 0.1367 0.0317 0.1514 0.1702
113 0.0859 0.1069 0.0746 0.0372 0.0706 0.6245
114 0.0985 0.2220 0.1170 0.0343 0.1001 0.4280
115 0.0714 0.1030 0.0771 0.0433 0.1168 0.5884
116 0.0755 0.1599 0.1057 0.0354 0.0785 0.5449
117 0.1913 0.2827 0.1444 0.2185 0.1611 0.0018
118 0.1569 0.2449 0.1166 0.3452 0.1342 0.0024
119 0.1198 0.1378 0.0672 0.5625 0.1108 0.0020
120 0.0657 0.1287 0.0528 0.6636 0.0870 0.0021
121 0.0562 0.6694 0.1059 0.1298 0.0057 0.0331
122 0.0469 0.8188 0.0933 0.0303 0.0040 0.0068
123 0.0586 0.7031 0.0840 0.1271 0.0115 0.0158
124 0.0689 0.7466 0.1076 0.0358 0.0226 0.0184
125 0.0640 0.6367 0.1284 0.0869 0.0146 0.0693
126 0.1075 0.6636 0.1199 0.0257 0.0168 0.0662
127 0.0640 0.7505 0.1294 0.0135 0.0202 0.0227
128 0.1296 0.6479 0.0470 0.0100 0.1218 0.0434
129 0.1190 0.0428 0.0251 0.2072 0.5996 0.0064
130 0.0949 0.1370 0.0301 0.0825 0.6533 0.0021
131 0.1107 0.2654 0.2417 0.3357 0.0338 0.0128
132 0.1031 0.4622 0.1987 0.1868 0.0302 0.0189
133 0.0620 0.8042 0.0961 0.0147 0.0151 0.0079
134 0.0647 0.6279 0.2205 0.0083 0.0662 0.0122
135 0.0084 0.0143 0.0112 0.0135 0.9429 0.0098
136 0.0144 0.0227 0.0137 0.0043 0.9409 0.0041
137 0.0132 0.0232 0.0113 0.0022 0.9478 0.0021
138 0.1987 0.5195 0.0842 0.0356 0.0772 0.0848
139 0.3169 0.4612 0.1406 0.0600 0.0135 0.0078
140 0.1265 0.3716 0.0671 0.1000 0.0289 0.3057
141 0.1212 0.4197 0.1279 0.1193 0.0464 0.1656
142 0.0155 0.0254 0.0153 0.0025 0.9380 0.0034
143 0.4089 0.2139 0.1075 0.1932 0.0374 0.0389
144 0.1448 0.1888 0.2074 0.2881 0.0349 0.1360
145 0.2988 0.2365 0.1306 0.2517 0.0466 0.0357
146 0.2018 0.3076 0.1986 0.2216 0.0370 0.0334
147 0.0318 0.0638 0.1020 0.3191 0.4097 0.0735
148 0.0079 0.0103 0.0115 0.0233 0.9297 0.0170
149 0.0292 0.0358 0.0311 0.0057 0.8945 0.0038
150 0.0108 0.0134 0.0172 0.0078 0.9409 0.0100
151 0.3206 0.3896 0.1179 0.0077 0.0557 0.1082
152 0.3083 0.5127 0.0970 0.0065 0.0417 0.0338
153 0.1927 0.2289 0.1284 0.1151 0.0693 0.2656
154 0.1111 0.2316 0.1077 0.2427 0.0187 0.2881
155 0.3503 0.3318 0.1617 0.0435 0.0355 0.0770
156 0.2253 0.4343 0.2235 0.0325 0.0414 0.0430
157 0.1654 0.2406 0.1733 0.0942 0.0763 0.2502
158 0.1914 0.3521 0.1899 0.0798 0.0480 0.1389
159 0.1991 0.3838 0.2039 0.0651 0.0632 0.0850
160 0.2495 0.3179 0.1755 0.0656 0.0641 0.1274
161 0.2578 0.4561 0.1652 0.0207 0.0448 0.0553
162 0.0517 0.7134 0.1694 0.0077 0.0274 0.0306
163 0.0636 0.7866 0.1160 0.0080 0.0104 0.0153
164 0.1008 0.6084 0.2419 0.0060 0.0265 0.0165
165 0.2590 0.4336 0.2214 0.0034 0.0714 0.0112
166 0.1665 0.5415 0.0956 0.0253 0.1392 0.0318
167 0.2461 0.4973 0.1172 0.0270 0.0949 0.0175
168 0.3181 0.3809 0.1276 0.0155 0.1337 0.0242
169 0.0384 0.6245 0.2484 0.0422 0.0195 0.0272
170 0.1091 0.5942 0.2617 0.0080 0.0211 0.0060
171 0.2076 0.3215 0.3586 0.0138 0.0886 0.0099
172 0.0688 0.5415 0.3440 0.0145 0.0220 0.0093
173 0.2688 0.4536 0.1394 0.0256 0.0758 0.0369
174 0.2139 0.5293 0.1772 0.0204 0.0452 0.0142
175 0.3772 0.3953 0.1160 0.0176 0.0480 0.0458
176 0.2140 0.4749 0.1578 0.0217 0.0819 0.0497
177 0.2001 0.5654 0.1476 0.0161 0.0356 0.0350
178 0.3894 0.3252 0.1367 0.0088 0.1089 0.0310
179 0.1879 0.2690 0.0959 0.0502 0.2031 0.1938
180 0.2443 0.0864 0.1653 0.2769 0.0485 0.1787
181 0.2301 0.0639 0.1632 0.4299 0.0475 0.0654
182 0.0955 0.4736 0.1770 0.0071 0.2135 0.0333
183 0.0675 0.7197 0.0930 0.0115 0.0753 0.0329
184 0.0668 0.5547 0.1815 0.0155 0.0942 0.0871
185 0.1880 0.0630 0.0916 0.2913 0.0514 0.3149
186 0.1880 0.0630 0.0916 0.2913 0.0514 0.3149
187 0.1880 0.0630 0.0916 0.2913 0.0514 0.3149
188 0.1136 0.1553 0.1349 0.1288 0.0181 0.4492
189 0.1136 0.1553 0.1349 0.1288 0.0181 0.4492
190 0.6489 0.2313 0.0520 0.0080 0.0580 0.0018
191 0.6519 0.2288 0.0518 0.0080 0.0578 0.0018
192 0.6479 0.2310 0.0524 0.0081 0.0589 0.0018
193 0.6528 0.2256 0.0540 0.0075 0.0584 0.0018
194 0.6528 0.2256 0.0540 0.0075 0.0584 0.0018
195 0.6528 0.2256 0.0536 0.0076 0.0588 0.0017
196 0.6528 0.2256 0.0536 0.0076 0.0588 0.0017
197 0.6528 0.2256 0.0536 0.0076 0.0588 0.0017
198 0.6528 0.2256 0.0536 0.0076 0.0588 0.0017
199 0.6528 0.2256 0.0536 0.0076 0.0588 0.0017
