time exciting_prob fearful_prob tense_prob sad_prob relaxing_prob neutral_prob
0 0.1573 0.0869 0.1897 0.4697 0.0385 0.0579
1 0.3425 0.0475 0.1952 0.3425 0.0109 0.0614
2 0.5957 0.1003 0.1495 0.1155 0.0158 0.0229
3 0.5068 0.0551 0.1864 0.2230 0.0108 0.0180
4 0.0868 0.0616 0.2551 0.5659 0.0179 0.0125
5 0.3682 0.2097 0.3274 0.0601 0.0309 0.0037
6 0.4397 0.2666 0.1643 0.1111 0.0120 0.0063
7 0.1454 0.0606 0.1168 0.6313 0.0102 0.0356
8 0.1957 0.0869 0.1047 0.5576 0.0192 0.0362
9 0.5962 0.1230 0.1544 0.0866 0.0168 0.0228
10 0.5654 0.0902 0.1780 0.1272 0.0167 0.0223
11 0.5425 0.0936 0.2505 0.0669 0.0318 0.0147
12 0.0555 0.5186 0.2690 0.1140 0.0146 0.0281
13 0.4863 0.1102 0.0936 0.2446 0.0390 0.0262
14 0.4417 0.2439 0.2273 0.0672 0.0072 0.0128
15 0.0853 0.0248 0.1321 0.6709 0.0093 0.0776
16 0.0663 0.0740 0.0995 0.6289 0.0787 0.0525
17 0.1593 0.1805 0.1683 0.3455 0.1061 0.0403
18 0.0682 0.5669 0.3130 0.0220 0.0261 0.0039
19 0.0948 0.5049 0.3525 0.0200 0.0231 0.0048
20 0.1387 0.3711 0.2651 0.0640 0.0407 0.1205
21 0.1027 0.2622 0.3210 0.1267 0.0415 0.1459
22 0.1354 0.3247 0.3679 0.1375 0.0300 0.0049
23 0.1025 0.6187 0.2072 0.0428 0.0238 0.0053
24 0.0637 0.6948 0.1730 0.0058 0.0553 0.0072
25 0.1296 0.2104 0.5371 0.0912 0.0180 0.0136
26 0.1714 0.5195 0.1635 0.0317 0.0692 0.0447
27 0.0696 0.2798 0.5479 0.0518 0.0350 0.0162
28 0.0540 0.4595 0.4385 0.0167 0.0259 0.0056
29 0.1857 0.2898 0.1359 0.0338 0.1600 0.1946
30 0.0444 0.7749 0.1091 0.0111 0.0351 0.0253
31 0.1027 0.3291 0.0995 0.0695 0.0701 0.3291
32 0.3259 0.2832 0.0473 0.0137 0.1759 0.1539
33 0.2428 0.1484 0.0198 0.0136 0.0155 0.5601
34 0.2788 0.1857 0.0520 0.0125 0.0152 0.4558
35 0.2280 0.4065 0.0701 0.0258 0.1289 0.1405
36 0.0445 0.0244 0.0172 0.1426 0.0127 0.7588
37 0.3594 0.2197 0.0468 0.0337 0.0353 0.3049
38 0.2023 0.3413 0.0374 0.0149 0.1562 0.2478
39 0.2505 0.3616 0.0577 0.0130 0.1580 0.1592
40 0.2473 0.4805 0.1196 0.0157 0.0096 0.1273
41 0.2769 0.4707 0.0995 0.0138 0.0135 0.1257
42 0.0413 0.7856 0.1071 0.0076 0.0143 0.0443
43 0.0204 0.7788 0.1752 0.0062 0.0076 0.0119
44 0.2224 0.0762 0.1447 0.3965 0.0306 0.1298
45 0.1290 0.2266 0.3145 0.2213 0.0385 0.0702
46 0.0864 0.6045 0.1470 0.0257 0.0185 0.1181
47 0.2659 0.3604 0.1960 0.0158 0.0641 0.0978
48 0.1608 0.5522 0.2285 0.0046 0.0232 0.0304
49 0.0314 0.1794 0.2913 0.3682 0.0337 0.0961
50 0.0331 0.1792 0.2976 0.4006 0.0316 0.0577
51 0.1140 0.6978 0.1375 0.0051 0.0193 0.0262
52 0.0265 0.8105 0.1597 0.0011 0.0013 0.0010
53 0.1021 0.2468 0.2842 0.2798 0.0450 0.0422
54 0.0625 0.0923 0.1158 0.6611 0.0284 0.0400
55 0.1302 0.3406 0.0681 0.0660 0.0181 0.3770
56 0.2830 0.2169 0.0458 0.0593 0.0205 0.3748
57 0.0922 0.8027 0.0707 0.0033 0.0081 0.0228
58 0.0424 0.6079 0.3010 0.0081 0.0162 0.0243
59 0.0404 0.7510 0.2021 0.0023 0.0025 0.0016
60 0.1686 0.3379 0.2844 0.1442 0.0164 0.0487
61 0.2507 0.3025 0.2910 0.0543 0.0436 0.0577
62 0.1479 0.2439 0.4084 0.1217 0.0392 0.0389
63 0.2279 0.2603 0.1708 0.1980 0.0111 0.1320
64 0.0658 0.5508 0.2903 0.0504 0.0258 0.0170
65 0.1461 0.3450 0.1221 0.0428 0.0149 0.3291
66 0.2546 0.5308 0.1332 0.0080 0.0260 0.0475
67 0.1761 0.2727 0.2949 0.1790 0.0217 0.0554
68 0.2500 0.3638 0.2368 0.1328 0.0024 0.0140
69 0.0731 0.1808 0.3223 0.2433 0.0078 0.1726
70 0.3174 0.4302 0.1185 0.0223 0.0288 0.0828
71 0.2020 0.1649 0.3384 0.2438 0.0071 0.0437
72 0.1949 0.2280 0.2666 0.1775 0.0070 0.1259
73 0.1042 0.1704 0.1799 0.0484 0.0154 0.4817
74 0.4495 0.2295 0.1746 0.0728 0.0166 0.0571
75 0.3479 0.5103 0.0795 0.0142 0.0204 0.0279
76 0.0542 0.3940 0.5137 0.0184 0.0193 0.0002
77 0.0296 0.0405 0.0328 0.0750 0.0408 0.7812
78 0.2137 0.5854 0.0566 0.0092 0.0850 0.0500
79 0.1555 0.3850 0.1656 0.1763 0.0106 0.1069
80 0.1477 0.0835 0.1432 0.4077 0.0062 0.2115
81 0.1473 0.0586 0.1202 0.4397 0.0164 0.2177
82 0.1631 0.1833 0.1300 0.2627 0.0063 0.2546
83 0.1604 0.2859 0.3020 0.1555 0.0679 0.0281
84 0.2363 0.2656 0.3491 0.0823 0.0315 0.0351
85 0.2347 0.4153 0.2520 0.0562 0.0161 0.0259
86 0.2006 0.0704 0.3357 0.1715 0.0181 0.2037
87 0.1705 0.3340 0.2947 0.1210 0.0088 0.0711
88 0.3250 0.4304 0.0650 0.0298 0.0342 0.1158
89 0.1844 0.3420 0.2140 0.1680 0.0130 0.0787
90 0.1805 0.1212 0.1848 0.1763 0.0104 0.3269
91 0.2036 0.4211 0.2236 0.0911 0.0234 0.0371
92 0.4263 0.1508 0.1450 0.2094 0.0316 0.0370
93 0.3574 0.1797 0.1989 0.1661 0.0395 0.0583
94 0.3445 0.3472 0.1759 0.0757 0.0264 0.0306
95 0.3562 0.0634 0.0989 0.3000 0.0079 0.1736
96 0.2018 0.3652 0.1333 0.2216 0.0105 0.0676
97 0.1207 0.2308 0.3306 0.2255 0.0386 0.0540
98 0.1020 0.3142 0.3118 0.1981 0.0316 0.0425
99 0.4917 0.2847 0.0968 0.0939 0.0234 0.0097
100 0.5317 0.3125 0.0848 0.0539 0.0092 0.0078
101 0.3154 0.2939 0.2917 0.0646 0.0206 0.0137
102 0.1539 0.3086 0.2087 0.2170 0.0207 0.0912
103 0.2864 0.2394 0.3147 0.0930 0.0266 0.0400
104 0.0767 0.5200 0.1315 0.0143 0.0335 0.2238
105 0.0400 0.7783 0.1486 0.0050 0.0075 0.0209
106 0.2676 0.1840 0.1356 0.2893 0.0195 0.1040
107 0.3306 0.2698 0.1675 0.1478 0.0519 0.0325
108 0.1554 0.4126 0.1642 0.0775 0.0222 0.1681
109 0.1655 0.5820 0.1174 0.0567 0.0160 0.0623
110 0.2301 0.5605 0.1222 0.0577 0.0112 0.0183
111 0.2421 0.4702 0.0978 0.1316 0.0145 0.0437
112 0.3555 0.3752 0.1392 0.0728 0.0246 0.0328
113 0.2698 0.4380 0.1729 0.0737 0.0178 0.0280
114 0.2444 0.3845 0.1963 0.0972 0.0072 0.0706
115 0.1740 0.3740 0.0917 0.1852 0.0078 0.1674
116 0.3396 0.3242 0.2228 0.0628 0.0288 0.0219
117 0.1616 0.3845 0.2686 0.1329 0.0227 0.0297
118 0.5059 0.1981 0.1735 0.0770 0.0244 0.0209
119 0.4673 0.1517 0.0899 0.0384 0.0516 0.2010
120 0.4487 0.2086 0.1479 0.0320 0.0672 0.0955
121 0.4395 0.1996 0.1320 0.0439 0.0489 0.1361
122 0.3896 0.2185 0.1467 0.0407 0.0330 0.1715
123 0.2510 0.1633 0.1547 0.3740 0.0091 0.0479
124 0.2632 0.0803 0.4141 0.0961 0.0128 0.1334
125 0.3694 0.2898 0.2598 0.0545 0.0169 0.0095
126 0.1409 0.1809 0.0433 0.0620 0.0111 0.5615
127 0.1117 0.2920 0.1126 0.1915 0.0069 0.2852
128 0.1956 0.1030 0.0578 0.2869 0.0216 0.3352
129 0.4507 0.2079 0.0771 0.1407 0.0223 0.1013
130 0.2372 0.2729 0.4163 0.0144 0.0086 0.0505
131 0.4351 0.1829 0.2991 0.0166 0.0111 0.0553
132 0.4956 0.1177 0.1925 0.0269 0.0487 0.1187
133 0.3472 0.0617 0.1493 0.3525 0.0094 0.0799
134 0.2366 0.1552 0.2223 0.0536 0.0310 0.3015
135 0.1970 0.1262 0.1243 0.0625 0.0319 0.4580
136 0.1202 0.2708 0.3044 0.1202 0.0525 0.1320
137 0.0598 0.6177 0.2169 0.0767 0.0218 0.0070
138 0.1904 0.4160 0.1405 0.0648 0.0107 0.1775
139 0.1924 0.2568 0.1765 0.1071 0.0103 0.2568
140 0.2834 0.0642 0.2622 0.3472 0.0087 0.0344
141 0.0542 0.5601 0.3044 0.0521 0.0209 0.0082
142 0.3130 0.2400 0.3333 0.0149 0.0548 0.0440
143 0.2032 0.1522 0.1014 0.0279 0.0314 0.4839
144 0.2542 0.1934 0.0769 0.1201 0.0188 0.3367
145 0.2384 0.3442 0.0986 0.0733 0.0251 0.2205
146 0.2213 0.3025 0.1096 0.0783 0.0190 0.2690
147 0.0953 0.3950 0.1283 0.0191 0.0163 0.3459
148 0.2230 0.2954 0.3347 0.1070 0.0137 0.0262
149 0.1891 0.0572 0.2352 0.4465 0.0106 0.0614
150 0.2734 0.1672 0.2490 0.0909 0.0635 0.1559
151 0.1061 0.2014 0.5103 0.0782 0.0204 0.0833
152 0.1643 0.3069 0.4502 0.0390 0.0275 0.0121
153 0.1132 0.2251 0.5034 0.0506 0.0923 0.0154
154 0.1125 0.1841 0.5669 0.0427 0.0612 0.0327
155 0.1632 0.2588 0.4575 0.0196 0.0967 0.0043
156 0.0349 0.0454 0.5625 0.1335 0.0293 0.1943
157 0.1045 0.1581 0.5518 0.0350 0.1332 0.0173
158 0.1104 0.0833 0.6108 0.0314 0.0782 0.0859
159 0.0939 0.1000 0.4446 0.0816 0.1443 0.1356
160 0.0921 0.2043 0.5596 0.0222 0.0459 0.0757
161 0.1094 0.1832 0.5220 0.0432 0.0084 0.1340
162 0.1281 0.0595 0.3401 0.4231 0.0151 0.0342
163 0.2163 0.2471 0.3430 0.0483 0.0221 0.1232
164 0.1748 0.2334 0.4714 0.0169 0.0076 0.0958
165 0.1481 0.2404 0.4780 0.0346 0.0053 0.0934
166 0.1362 0.0399 0.2839 0.0406 0.0090 0.4905
167 0.3750 0.0830 0.1296 0.1066 0.0335 0.2722
168 0.1470 0.1963 0.6094 0.0076 0.0088 0.0311
169 0.2588 0.0526 0.2249 0.4038 0.0143 0.0457
170 0.4426 0.3042 0.1747 0.0142 0.0140 0.0504
171 0.1748 0.1155 0.3396 0.0367 0.0752 0.2583
172 0.2382 0.2118 0.3835 0.0202 0.0158 0.1305
173 0.1873 0.1349 0.5171 0.0085 0.0133 0.1392
174 0.5669 0.1032 0.1378 0.0101 0.0320 0.1501
175 0.1423 0.1744 0.4890 0.0377 0.0540 0.1025
176 0.2451 0.2800 0.2339 0.0665 0.0233 0.1510
177 0.1793 0.1498 0.5928 0.0067 0.0262 0.0453
178 0.2561 0.1788 0.4675 0.0066 0.0114 0.0793
179 0.1137 0.0347 0.2261 0.0819 0.0096 0.5342
180 0.0790 0.0953 0.3711 0.0655 0.0060 0.3831
181 0.0886 0.1604 0.4863 0.0576 0.0168 0.1904
182 0.0595 0.0533 0.1862 0.0669 0.0240 0.6104
183 0.0928 0.0838 0.2993 0.1278 0.0352 0.3611
184 0.0886 0.5015 0.3557 0.0141 0.0050 0.0349
185 0.2162 0.0514 0.2031 0.1724 0.0219 0.3350
186 0.1179 0.2537 0.6084 0.0038 0.0022 0.0141
187 0.2467 0.3762 0.2264 0.1147 0.0117 0.0242
188 0.2367 0.1067 0.2223 0.3552 0.0169 0.0622
189 0.2487 0.3022 0.2817 0.1028 0.0144 0.0501
190 0.1334 0.3152 0.4514 0.0682 0.0310 0.0007
191 0.4048 0.1714 0.2739 0.0917 0.0433 0.0151
192 0.3054 0.1064 0.4048 0.1244 0.0188 0.0401
193 0.3552 0.2240 0.3110 0.0805 0.0085 0.0207
194 0.3313 0.3088 0.2925 0.0435 0.0120 0.0119
195 0.2815 0.1617 0.2334 0.2446 0.0387 0.0399
196 0.2664 0.3289 0.3447 0.0372 0.0116 0.0111
197 0.3948 0.1213 0.2302 0.1954 0.0057 0.0526
198 0.0328 0.3723 0.5503 0.0089 0.0039 0.0320
199 0.3486 0.3379 0.2512 0.0302 0.0107 0.0214
200 0.2615 0.1294 0.3057 0.2656 0.0179 0.0199
201 0.1356 0.2019 0.4514 0.1477 0.0137 0.0495
202 0.1335 0.1770 0.2939 0.1637 0.0817 0.1501
203 0.2896 0.0817 0.2186 0.3386 0.0223 0.0492
204 0.1956 0.0216 0.3223 0.1956 0.1409 0.1243
205 0.2235 0.1727 0.3516 0.1477 0.0029 0.1015
206 0.4058 0.1552 0.2349 0.1370 0.0089 0.0584
207 0.3716 0.2593 0.3081 0.0365 0.0112 0.0133
208 0.4937 0.2812 0.1494 0.0516 0.0174 0.0066
209 0.1515 0.3108 0.4382 0.0215 0.0377 0.0401
210 0.2194 0.2563 0.2952 0.1508 0.0062 0.0723
211 0.3228 0.0883 0.2717 0.2474 0.0195 0.0503
212 0.2030 0.2063 0.2954 0.2230 0.0103 0.0619
213 0.5122 0.1216 0.2477 0.0616 0.0357 0.0213
214 0.3782 0.1577 0.2330 0.1653 0.0262 0.0396
215 0.1046 0.2048 0.3650 0.0784 0.0342 0.2130
216 0.2164 0.2216 0.2510 0.2510 0.0118 0.0483
217 0.3176 0.2739 0.2100 0.1572 0.0327 0.0084
218 0.2756 0.1726 0.3379 0.1609 0.0211 0.0319
219 0.1953 0.1923 0.4399 0.0586 0.0605 0.0534
220 0.2159 0.0718 0.2688 0.3972 0.0098 0.0364
221 0.2242 0.2791 0.2747 0.1200 0.0092 0.0928
222 0.3628 0.1323 0.2983 0.0720 0.0385 0.0961
223 0.5708 0.0910 0.2184 0.0134 0.0147 0.0917
224 0.2708 0.2859 0.3643 0.0361 0.0087 0.0341
225 0.3025 0.0568 0.1232 0.1737 0.0416 0.3025
226 0.1816 0.1519 0.5552 0.0054 0.0094 0.0965
227 0.1355 0.0848 0.2737 0.3054 0.0267 0.1740
228 0.2296 0.1720 0.2881 0.2705 0.0112 0.0285
229 0.2148 0.4478 0.2378 0.0090 0.0201 0.0703
230 0.2568 0.1521 0.4333 0.0808 0.0367 0.0403
231 0.0792 0.0119 0.0805 0.0956 0.0589 0.6738
232 0.1730 0.1041 0.2942 0.2169 0.0145 0.1975
233 0.3921 0.2341 0.1910 0.0271 0.0397 0.1159
234 0.0521 0.4033 0.4941 0.0124 0.0341 0.0037
235 0.2087 0.0424 0.1189 0.1180 0.0074 0.5044
236 0.3562 0.0770 0.1021 0.0419 0.0064 0.4165
237 0.1561 0.1335 0.1841 0.1550 0.1255 0.2457
238 0.1713 0.4045 0.2341 0.0487 0.0374 0.1039
239 0.3240 0.2666 0.2175 0.0845 0.0550 0.0525
240 0.1871 0.4524 0.2639 0.0272 0.0395 0.0301
241 0.0486 0.2163 0.0959 0.2888 0.0101 0.3403
242 0.0829 0.0984 0.2219 0.2761 0.0075 0.3130
243 0.1514 0.0947 0.2020 0.2827 0.0098 0.2595
244 0.1024 0.1335 0.1008 0.2915 0.0089 0.3628
245 0.0775 0.2502 0.0775 0.2141 0.0048 0.3757
246 0.0581 0.3503 0.4644 0.0600 0.0537 0.0135
247 0.1754 0.2939 0.2474 0.2167 0.0134 0.0531
248 0.3586 0.1427 0.2175 0.0865 0.0341 0.1604
249 0.3086 0.1639 0.2854 0.1902 0.0104 0.0414
250 0.1046 0.3223 0.4043 0.0271 0.0154 0.1262
251 0.3076 0.2268 0.3027 0.1149 0.0226 0.0254
252 0.1703 0.2070 0.5586 0.0050 0.0148 0.0444
253 0.1725 0.1940 0.5112 0.0167 0.0183 0.0874
254 0.1288 0.5776 0.2407 0.0344 0.0157 0.0029
255 0.0807 0.6055 0.1791 0.0712 0.0137 0.0497
256 0.1326 0.1501 0.6836 0.0054 0.0105 0.0178
257 0.2261 0.1471 0.5684 0.0053 0.0119 0.0412
258 0.1098 0.0737 0.6030 0.0597 0.0257 0.1283
259 0.2659 0.1066 0.5581 0.0140 0.0330 0.0223
260 0.1225 0.5078 0.2361 0.0910 0.0101 0.0327
261 0.1377 0.4958 0.2201 0.0842 0.0078 0.0544
262 0.1152 0.4280 0.2401 0.1411 0.0069 0.0688
263 0.2751 0.0432 0.3318 0.2505 0.0094 0.0900
264 0.1672 0.0433 0.2693 0.3198 0.0081 0.1924
265 0.1772 0.0414 0.2155 0.4634 0.0118 0.0905
266 0.4045 0.2252 0.3406 0.0039 0.0110 0.0146
267 0.3311 0.2223 0.4153 0.0027 0.0076 0.0212
268 0.1136 0.1553 0.1349 0.1288 0.0181 0.4492
269 0.5488 0.2435 0.1345 0.0271 0.0437 0.0025
270 0.5493 0.2437 0.1345 0.0265 0.0437 0.0025
271 0.5464 0.2424 0.1381 0.0268 0.0438 0.0026
