time exciting_prob fearful_prob tense_prob sad_prob relaxing_prob neutral_prob
0 0.4153 0.1370 0.3037 0.0481 0.0240 0.0721
1 0.1116 0.0698 0.5669 0.0377 0.0566 0.1575
2 0.9233 0.0321 0.0199 0.0231 0.0008 0.0008
3 0.2150 0.1727 0.4844 0.0376 0.0211 0.0692
4 0.8921 0.0593 0.0166 0.0029 0.0276 0.0015
5 0.8486 0.0847 0.0228 0.0070 0.0350 0.0019
6 0.1965 0.0648 0.2333 0.2158 0.0563 0.2333
7 0.0951 0.0690 0.3396 0.0590 0.3345 0.1028
8 0.1608 0.2357 0.4951 0.0551 0.0446 0.0088
9 0.1941 0.3801 0.2416 0.0309 0.0803 0.0731
10 0.0765 0.3596 0.0822 0.0097 0.0518 0.4204
11 0.0614 0.2125 0.0973 0.0219 0.0685 0.5386
12 0.0697 0.2017 0.1453 0.0042 0.5654 0.0135
13 0.0955 0.2874 0.2458 0.0062 0.3467 0.0185
14 0.1489 0.3279 0.1455 0.0071 0.3438 0.0269
15 0.5469 0.1339 0.2561 0.0366 0.0191 0.0074
16 0.3110 0.1338 0.2241 0.1541 0.0323 0.1447
17 0.3303 0.1080 0.3103 0.0709 0.0145 0.1660
18 0.0510 0.3770 0.2097 0.0175 0.0225 0.3223
19 0.0902 0.3918 0.1272 0.0139 0.0364 0.3403
20 0.2747 0.0838 0.3237 0.2542 0.0550 0.0086
21 0.0942 0.2462 0.0979 0.0220 0.1338 0.4058
22 0.1715 0.3774 0.3545 0.0017 0.0420 0.0527
23 0.1105 0.3352 0.4656 0.0026 0.0526 0.0334
24 0.0347 0.4753 0.4680 0.0007 0.0161 0.0052
25 0.0870 0.4666 0.3157 0.0528 0.0210 0.0570
26 0.4922 0.1927 0.2573 0.0345 0.0213 0.0018
27 0.2637 0.0786 0.4485 0.0523 0.0312 0.1255
28 0.1118 0.4600 0.3525 0.0016 0.0205 0.0536
29 0.1963 0.1136 0.5684 0.0775 0.0242 0.0202
30 0.2048 0.1608 0.5312 0.0615 0.0273 0.0144
31 0.1881 0.1635 0.5234 0.1097 0.0143 0.0009
32 0.0908 0.3118 0.2161 0.0138 0.0746 0.2930
33 0.0395 0.5669 0.2220 0.0053 0.0113 0.1550
34 0.1434 0.3992 0.2920 0.0053 0.0632 0.0970
35 0.1586 0.5283 0.2534 0.0017 0.0365 0.0216
36 0.0959 0.6309 0.2510 0.0013 0.0130 0.0081
37 0.0989 0.5605 0.2161 0.0275 0.0378 0.0591
38 0.0346 0.1663 0.1226 0.0325 0.0310 0.6128
39 0.0601 0.7324 0.1609 0.0034 0.0249 0.0182
40 0.1909 0.0930 0.4370 0.2339 0.0269 0.0185
41 0.1798 0.5005 0.2637 0.0025 0.0351 0.0185
42 0.0576 0.4863 0.3267 0.0202 0.0614 0.0478
43 0.0593 0.7866 0.1198 0.0023 0.0241 0.0078
44 0.1235 0.3281 0.1265 0.0203 0.0631 0.3384
45 0.0452 0.5249 0.1127 0.0175 0.0185 0.2810
46 0.0384 0.6299 0.1250 0.0105 0.0127 0.1833
47 0.0646 0.2986 0.1598 0.0170 0.0357 0.4243
48 0.0149 0.7021 0.2426 0.0034 0.0046 0.0326
49 0.0117 0.5347 0.3562 0.0147 0.0017 0.0807
50 0.0161 0.5415 0.2944 0.0282 0.0030 0.1171
51 0.0717 0.7354 0.1802 0.0025 0.0067 0.0036
52 0.0323 0.7891 0.1681 0.0034 0.0034 0.0037
53 0.1649 0.6519 0.1432 0.0089 0.0105 0.0205
54 0.0815 0.7095 0.1823 0.0049 0.0094 0.0127
55 0.0349 0.7710 0.1890 0.0010 0.0019 0.0021
56 0.0605 0.7031 0.2079 0.0078 0.0037 0.0171
57 0.0567 0.6909 0.2140 0.0058 0.0101 0.0227
58 0.1641 0.6094 0.1830 0.0072 0.0026 0.0336
59 0.1298 0.4092 0.2947 0.0285 0.0270 0.1110
60 0.3582 0.4707 0.1237 0.0059 0.0177 0.0240
61 0.2461 0.2725 0.3110 0.0424 0.0492 0.0787
62 0.2367 0.3752 0.3496 0.0044 0.0156 0.0184
63 0.2332 0.3137 0.3042 0.0240 0.0165 0.1085
64 0.3418 0.1653 0.2581 0.0333 0.1035 0.0980
65 0.4263 0.1791 0.1643 0.0221 0.1593 0.0490
66 0.3843 0.2424 0.2683 0.0323 0.0250 0.0477
67 0.5063 0.2213 0.1779 0.0230 0.0359 0.0356
68 0.1164 0.6147 0.1860 0.0034 0.0201 0.0594
69 0.0680 0.7144 0.1619 0.0018 0.0096 0.0446
70 0.0477 0.1870 0.0876 0.0823 0.0411 0.5542
71 0.3113 0.0301 0.4673 0.0594 0.0209 0.1110
72 0.1426 0.1995 0.0723 0.0537 0.0858 0.4460
73 0.2722 0.0580 0.4023 0.1786 0.0313 0.0575
74 0.2515 0.0365 0.3774 0.2118 0.0365 0.0862
75 0.1282 0.3352 0.1547 0.0201 0.1522 0.2097
76 0.0184 0.3938 0.1299 0.0204 0.0246 0.4128
77 0.1204 0.2629 0.4438 0.0410 0.1158 0.0158
78 0.0199 0.8130 0.1458 0.0020 0.0190 0.0004
79 0.0521 0.5776 0.3396 0.0029 0.0240 0.0035
80 0.0593 0.2039 0.0786 0.5371 0.0102 0.1108
81 0.1558 0.2031 0.3679 0.1271 0.1311 0.0151
82 0.0967 0.1475 0.4473 0.1698 0.0998 0.0391
83 0.1263 0.2515 0.3804 0.0889 0.1367 0.0163
84 0.2274 0.1885 0.0528 0.3960 0.0156 0.1198
85 0.0313 0.4026 0.4634 0.0238 0.0647 0.0144
86 0.0669 0.1643 0.0347 0.0685 0.6396 0.0258
87 0.2649 0.0860 0.5186 0.0337 0.0084 0.0887
88 0.6440 0.1011 0.2124 0.0154 0.0231 0.0041
89 0.5747 0.1465 0.2434 0.0099 0.0200 0.0055
90 0.1744 0.2206 0.1199 0.0217 0.0762 0.3872
91 0.1128 0.1761 0.1219 0.0191 0.0318 0.5381
92 0.1051 0.5552 0.3088 0.0048 0.0235 0.0028
93 0.0450 0.7974 0.1375 0.0096 0.0095 0.0013
94 0.0770 0.5386 0.3291 0.0071 0.0463 0.0020
95 0.0267 0.3406 0.6265 0.0032 0.0017 0.0016
96 0.1105 0.2800 0.4475 0.1046 0.0547 0.0026
97 0.1209 0.1349 0.6045 0.0580 0.0793 0.0022
98 0.1368 0.1587 0.5005 0.1274 0.0738 0.0029
99 0.1448 0.2010 0.2406 0.0485 0.1426 0.2225
100 0.0183 0.4580 0.5107 0.0116 0.0012 0.0001
101 0.0452 0.6904 0.2368 0.0131 0.0102 0.0040
102 0.0403 0.4468 0.4539 0.0214 0.0331 0.0046
103 0.0638 0.5913 0.3315 0.0042 0.0078 0.0013
104 0.1027 0.5552 0.3213 0.0043 0.0139 0.0026
105 0.0479 0.6460 0.2822 0.0163 0.0040 0.0033
106 0.1225 0.0414 0.0903 0.0340 0.0178 0.6938
107 0.0722 0.5859 0.2349 0.0197 0.0095 0.0781
108 0.0459 0.6284 0.1678 0.0249 0.0063 0.1267
109 0.0349 0.8525 0.1084 0.0009 0.0014 0.0019
110 0.0581 0.5342 0.2314 0.0334 0.0090 0.1340
111 0.2922 0.1744 0.2991 0.0516 0.0520 0.1306
112 0.0359 0.7510 0.1411 0.0089 0.0291 0.0338
113 0.3628 0.3408 0.1782 0.0046 0.0704 0.0430
114 0.0252 0.7134 0.2245 0.0130 0.0038 0.0201
115 0.3118 0.3191 0.1077 0.0311 0.1120 0.1183
116 0.0659 0.5391 0.3071 0.0361 0.0381 0.0136
117 0.0318 0.3555 0.4709 0.0878 0.0201 0.0338
118 0.0143 0.5718 0.2788 0.1058 0.0171 0.0121
119 0.0184 0.6187 0.3469 0.0056 0.0070 0.0033
120 0.0143 0.6235 0.3284 0.0205 0.0072 0.0062
121 0.2119 0.5762 0.1677 0.0071 0.0208 0.0163
122 0.1987 0.4692 0.2360 0.0195 0.0151 0.0616
123 0.0404 0.7002 0.2203 0.0124 0.0041 0.0225
124 0.1810 0.6519 0.1466 0.0018 0.0093 0.0094
125 0.1205 0.6167 0.2130 0.0038 0.0157 0.0305
126 0.5137 0.2124 0.0892 0.0405 0.0668 0.0775
127 0.0554 0.3669 0.2771 0.0781 0.0165 0.2059
128 0.0228 0.4805 0.4175 0.0351 0.0295 0.0145
129 0.0269 0.3862 0.4587 0.0388 0.0495 0.0398
130 0.2554 0.1526 0.1082 0.0574 0.1207 0.3057
131 0.1278 0.5176 0.2561 0.0143 0.0126 0.0717
132 0.1909 0.5522 0.2231 0.0123 0.0034 0.0179
133 0.1621 0.3596 0.2510 0.0073 0.2032 0.0167
134 0.1080 0.4692 0.2891 0.0071 0.1031 0.0235
135 0.0994 0.2966 0.2700 0.0136 0.2876 0.0328
136 0.0975 0.5522 0.2412 0.0250 0.0157 0.0685
137 0.0855 0.4658 0.0842 0.0354 0.0487 0.2803
138 0.0354 0.4844 0.4080 0.0626 0.0075 0.0022
139 0.0193 0.5205 0.3931 0.0062 0.0562 0.0048
140 0.1035 0.3445 0.4895 0.0287 0.0212 0.0126
141 0.1530 0.1803 0.4785 0.0988 0.0378 0.0516
142 0.1698 0.1954 0.5068 0.0498 0.0596 0.0182
143 0.2256 0.2119 0.4851 0.0278 0.0312 0.0184
144 0.1182 0.2388 0.0920 0.0442 0.0711 0.4358
145 0.6250 0.0853 0.2161 0.0270 0.0396 0.0068
146 0.6592 0.0845 0.2010 0.0139 0.0396 0.0019
147 0.3743 0.0646 0.3408 0.1356 0.0760 0.0086
148 0.3049 0.2196 0.1968 0.0134 0.1121 0.1533
149 0.2238 0.1869 0.1501 0.0172 0.1065 0.3154
150 0.4480 0.1283 0.3860 0.0105 0.0228 0.0044
151 0.5166 0.0970 0.3208 0.0203 0.0405 0.0050
152 0.5259 0.0740 0.3394 0.0237 0.0339 0.0035
153 0.9761 0.0053 0.0145 0.0020 0.0023 0.0001
154 0.2273 0.1134 0.0738 0.0398 0.4702 0.0756
155 0.1307 0.1774 0.1051 0.0554 0.4709 0.0604
156 0.1941 0.2269 0.0790 0.0526 0.3625 0.0848
157 0.2778 0.3198 0.2377 0.0192 0.1214 0.0239
158 0.2925 0.2140 0.3162 0.0256 0.1318 0.0199
159 0.0317 0.8057 0.1400 0.0067 0.0069 0.0089
160 0.0158 0.8501 0.1169 0.0051 0.0057 0.0064
161 0.0419 0.7729 0.1499 0.0102 0.0100 0.0150
162 0.0168 0.8594 0.1093 0.0064 0.0038 0.0045
163 0.0126 0.8101 0.1620 0.0055 0.0023 0.0075
164 0.2382 0.2118 0.4114 0.0693 0.0598 0.0095
165 0.2285 0.2001 0.4404 0.0605 0.0605 0.0097
166 0.3267 0.1721 0.3789 0.0422 0.0643 0.0155
167 0.1741 0.2937 0.4480 0.0286 0.0515 0.0042
168 0.1938 0.2588 0.3916 0.0930 0.0506 0.0119
169 0.2216 0.2822 0.1571 0.0615 0.0490 0.2285
170 0.1144 0.4487 0.3721 0.0104 0.0161 0.0383
171 0.1840 0.3330 0.2849 0.0715 0.0969 0.0296
172 0.2346 0.3232 0.3413 0.0267 0.0532 0.0208
173 0.0642 0.2089 0.0445 0.0086 0.6587 0.0154
174 0.0963 0.4250 0.0799 0.0023 0.3870 0.0094
175 0.1204 0.3171 0.0748 0.0071 0.4651 0.0153
176 0.1637 0.2964 0.0398 0.0033 0.4885 0.0083
177 0.1946 0.1691 0.0837 0.0021 0.5459 0.0047
178 0.5122 0.1855 0.0553 0.0427 0.1503 0.0540
179 0.3250 0.2340 0.1302 0.0423 0.0999 0.1686
180 0.2886 0.3884 0.0974 0.0271 0.0908 0.1078
181 0.3252 0.3601 0.2068 0.0159 0.0552 0.0368
182 0.0434 0.7749 0.1730 0.0024 0.0027 0.0036
183 0.0532 0.6279 0.2383 0.0075 0.0646 0.0084
184 0.0706 0.6104 0.2883 0.0037 0.0229 0.0042
185 0.0583 0.6880 0.2305 0.0121 0.0059 0.0052
186 0.0446 0.5391 0.3535 0.0316 0.0121 0.0192
187 0.0480 0.2069 0.4448 0.2004 0.0052 0.0947
188 0.1545 0.0601 0.1301 0.1149 0.4614 0.0789
189 0.0620 0.0578 0.2048 0.0923 0.5654 0.0176
190 0.0934 0.2330 0.3162 0.0757 0.2747 0.0071
191 0.1066 0.0715 0.1562 0.0750 0.5718 0.0190
192 0.0133 0.7554 0.2065 0.0135 0.0051 0.0062
193 0.1326 0.1650 0.2576 0.0303 0.4084 0.0061
194 0.1431 0.1572 0.2269 0.0166 0.4514 0.0049
195 0.0495 0.5039 0.1526 0.0232 0.0230 0.2476
196 0.1260 0.0814 0.0729 0.3118 0.0319 0.3762
197 0.1260 0.0814 0.0729 0.3118 0.0319 0.3762
198 0.3354 0.0714 0.0394 0.2067 0.0117 0.3354
199 0.5161 0.3494 0.0427 0.0206 0.0616 0.0096
200 0.4993 0.3430 0.0601 0.0269 0.0591 0.0117
201 0.5029 0.3403 0.0620 0.0262 0.0578 0.0107
202 0.4998 0.3435 0.0621 0.0261 0.0579 0.0105
203 0.5005 0.3440 0.0607 0.0261 0.0579 0.0109
204 0.5005 0.3440 0.0607 0.0261 0.0579 0.0109
205 0.5005 0.3440 0.0607 0.0261 0.0579 0.0109
206 0.5068 0.3376 0.0605 0.0260 0.0582 0.0107
207 0.5068 0.3376 0.0605 0.0260 0.0582 0.0107
208 0.5156 0.3381 0.0620 0.0235 0.0526 0.0083
209 0.5156 0.3381 0.0620 0.0235 0.0526 0.0083
