time exciting_prob fearful_prob tense_prob sad_prob relaxing_prob neutral_prob
0 0.1136 0.1553 0.1349 0.1288 0.0181 0.4492
1 0.4771 0.1345 0.1399 0.0027 0.2455 0.0004
2 0.2203 0.2203 0.3689 0.0948 0.0817 0.0139
3 0.1342 0.0826 0.2373 0.0299 0.5103 0.0058
4 0.2234 0.1621 0.2396 0.2715 0.0681 0.0351
5 0.4062 0.1460 0.2727 0.0131 0.1604 0.0016
6 0.3911 0.1289 0.2976 0.0029 0.1791 0.0006
7 0.2262 0.2028 0.1331 0.3191 0.0820 0.0369
8 0.3921 0.1740 0.1957 0.0053 0.2323 0.0006
9 0.1522 0.0731 0.2651 0.4370 0.0403 0.0322
10 0.1229 0.2793 0.3613 0.1761 0.0347 0.0258
11 0.3418 0.0372 0.1068 0.0045 0.5093 0.0005
12 0.3284 0.0549 0.1638 0.0038 0.4487 0.0006
13 0.3257 0.1785 0.3633 0.0142 0.1171 0.0013
14 0.0793 0.4353 0.4492 0.0071 0.0259 0.0031
15 0.1531 0.2881 0.4292 0.0026 0.1259 0.0010
16 0.1719 0.2600 0.4897 0.0066 0.0711 0.0007
17 0.3088 0.0928 0.4060 0.0028 0.1888 0.0006
18 0.2839 0.2373 0.2429 0.0018 0.2336 0.0003
19 0.1011 0.2563 0.4568 0.1383 0.0279 0.0196
20 0.3704 0.0859 0.3093 0.0041 0.2299 0.0004
21 0.1835 0.1893 0.3945 0.1764 0.0436 0.0127
22 0.3401 0.2096 0.1606 0.0041 0.2842 0.0014
23 0.0843 0.3660 0.4246 0.0039 0.1198 0.0015
24 0.1014 0.2451 0.4473 0.1498 0.0212 0.0353
25 0.3574 0.1688 0.2827 0.1305 0.0343 0.0263
26 0.1707 0.2278 0.3340 0.0051 0.2603 0.0023
27 0.3250 0.2549 0.3513 0.0038 0.0640 0.0011
28 0.1376 0.3406 0.4802 0.0077 0.0337 0.0003
29 0.5317 0.1852 0.2148 0.0044 0.0635 0.0005
30 0.0718 0.3022 0.4944 0.0093 0.1221 0.0005
31 0.1254 0.1838 0.6265 0.0036 0.0602 0.0004
32 0.3599 0.1000 0.3228 0.0019 0.2150 0.0005
33 0.3799 0.0601 0.2610 0.0009 0.2981 0.0001
34 0.1942 0.0666 0.5405 0.0022 0.1958 0.0005
35 0.0141 0.3562 0.6060 0.0108 0.0109 0.0019
36 0.3574 0.2053 0.2827 0.0057 0.1478 0.0008
37 0.1302 0.3982 0.3201 0.0069 0.1409 0.0038
38 0.1810 0.1548 0.5576 0.0038 0.1024 0.0005
39 0.1217 0.2365 0.5244 0.0083 0.1033 0.0055
40 0.4575 0.1722 0.0859 0.0065 0.2773 0.0005
41 0.1460 0.1120 0.3701 0.3044 0.0590 0.0086
42 0.3013 0.2103 0.4487 0.0012 0.0383 0.0001
43 0.0509 0.0834 0.3120 0.0175 0.5308 0.0052
44 0.0242 0.2842 0.6504 0.0047 0.0353 0.0012
45 0.0822 0.1477 0.5278 0.0034 0.2361 0.0025
46 0.1692 0.1459 0.4387 0.1665 0.0617 0.0180
47 0.4412 0.2399 0.2849 0.0017 0.0320 0.0003
48 0.1505 0.1163 0.3340 0.3289 0.0344 0.0360
49 0.1202 0.0629 0.7720 0.0025 0.0416 0.0008
50 0.3677 0.1544 0.4399 0.0013 0.0361 0.0004
51 0.2629 0.3123 0.2776 0.0046 0.1418 0.0010
52 0.2642 0.1627 0.2090 0.2368 0.1118 0.0156
53 0.1622 0.3381 0.2915 0.0061 0.2019 0.0003
54 0.2839 0.1643 0.1103 0.2448 0.1682 0.0285
55 0.2058 0.2157 0.2140 0.1760 0.1747 0.0139
56 0.0832 0.3091 0.4258 0.1404 0.0224 0.0193
57 0.3665 0.3335 0.1946 0.0039 0.1002 0.0014
58 0.5508 0.1483 0.0449 0.0088 0.2445 0.0025
59 0.3047 0.2751 0.2449 0.0120 0.1569 0.0064
60 0.0242 0.1084 0.6958 0.1505 0.0108 0.0100
61 0.2163 0.2822 0.2395 0.0023 0.2590 0.0007
62 0.2500 0.1058 0.3723 0.0014 0.2703 0.0003
63 0.3218 0.0880 0.4502 0.0019 0.1373 0.0009
64 0.0589 0.2856 0.5459 0.0105 0.0979 0.0010
65 0.0694 0.3872 0.4563 0.0040 0.0825 0.0007
66 0.3760 0.1221 0.3477 0.0040 0.1495 0.0007
67 0.2563 0.2410 0.3821 0.0044 0.1156 0.0007
68 0.4062 0.0695 0.3848 0.0068 0.1309 0.0017
69 0.4380 0.1514 0.2805 0.0047 0.1245 0.0011
70 0.4268 0.2146 0.2197 0.0034 0.1354 0.0003
71 0.4414 0.1929 0.1729 0.0026 0.1899 0.0002
72 0.2443 0.3113 0.3499 0.0039 0.0898 0.0009
73 0.1837 0.2081 0.3352 0.1409 0.0945 0.0376
74 0.1915 0.0804 0.6328 0.0017 0.0926 0.0008
75 0.3833 0.1216 0.3716 0.0014 0.1216 0.0005
76 0.3992 0.1379 0.2898 0.0102 0.1614 0.0013
77 0.0906 0.1816 0.5684 0.0147 0.1426 0.0024
78 0.0489 0.2791 0.5815 0.0060 0.0844 0.0004
79 0.1326 0.1538 0.6274 0.0021 0.0836 0.0003
80 0.0378 0.2349 0.6689 0.0025 0.0558 0.0002
81 0.0614 0.5137 0.2927 0.0204 0.0936 0.0180
82 0.0947 0.1868 0.2676 0.0052 0.4343 0.0114
83 0.0776 0.1520 0.1497 0.0029 0.6152 0.0023
84 0.1017 0.0566 0.0626 0.0030 0.7749 0.0010
85 0.0891 0.0448 0.0398 0.0007 0.8252 0.0003
86 0.1392 0.0668 0.3552 0.0225 0.4058 0.0106
87 0.1960 0.1066 0.2808 0.0097 0.3992 0.0078
88 0.1597 0.1252 0.2983 0.0046 0.4045 0.0078
89 0.0544 0.0646 0.0515 0.0097 0.8184 0.0017
90 0.0244 0.0586 0.0378 0.0016 0.8740 0.0036
91 0.0958 0.0517 0.0604 0.0019 0.7891 0.0010
92 0.0819 0.0470 0.0800 0.0013 0.7896 0.0004
93 0.0762 0.0197 0.0500 0.0018 0.8516 0.0008
94 0.2004 0.0410 0.1346 0.0012 0.6226 0.0003
95 0.2056 0.0459 0.1227 0.0019 0.6235 0.0006
96 0.2026 0.0485 0.1404 0.0028 0.6050 0.0009
97 0.2332 0.0734 0.1874 0.0030 0.5015 0.0016
98 0.0304 0.0340 0.4072 0.0778 0.4336 0.0171
99 0.0545 0.0678 0.3811 0.0657 0.4253 0.0056
100 0.4233 0.1644 0.1332 0.0314 0.2430 0.0047
101 0.3354 0.2305 0.2360 0.0178 0.1781 0.0024
102 0.3057 0.2036 0.2637 0.0351 0.1840 0.0079
103 0.6055 0.1094 0.1655 0.0108 0.1069 0.0020
104 0.4912 0.1570 0.1849 0.0180 0.1451 0.0037
105 0.2815 0.2971 0.3586 0.0103 0.0508 0.0017
106 0.1274 0.2676 0.3574 0.0135 0.2307 0.0033
107 0.2629 0.2842 0.3564 0.0193 0.0696 0.0073
108 0.1855 0.2086 0.4963 0.0095 0.0978 0.0022
109 0.2411 0.0702 0.3735 0.0093 0.2954 0.0105
110 0.2832 0.3416 0.3135 0.0054 0.0558 0.0008
111 0.0949 0.0912 0.3472 0.0150 0.4458 0.0060
112 0.1641 0.1505 0.3042 0.0030 0.3755 0.0027
113 0.4158 0.2542 0.1874 0.0449 0.0935 0.0045
114 0.0815 0.1970 0.0909 0.0297 0.5928 0.0082
115 0.3184 0.0891 0.1901 0.0093 0.3931 0.0002
116 0.2413 0.0765 0.4041 0.0649 0.2032 0.0100
117 0.0320 0.0750 0.0716 0.0018 0.8193 0.0004
118 0.1713 0.1196 0.3655 0.0156 0.3276 0.0008
119 0.2549 0.3147 0.1038 0.0332 0.2888 0.0047
120 0.5103 0.1045 0.2112 0.0139 0.1533 0.0067
121 0.3359 0.2136 0.2966 0.0222 0.1276 0.0042
122 0.0787 0.0369 0.0156 0.0073 0.8594 0.0019
123 0.2993 0.1298 0.4255 0.0268 0.1182 0.0003
124 0.0479 0.0359 0.0226 0.0094 0.8838 0.0005
125 0.1180 0.1091 0.2830 0.0383 0.4453 0.0063
126 0.1655 0.4431 0.1776 0.0009 0.2125 0.0004
127 0.2798 0.3428 0.1232 0.0183 0.2356 0.0002
128 0.0571 0.3018 0.2500 0.0285 0.3582 0.0043
129 0.0330 0.2473 0.3599 0.0548 0.2937 0.0112
130 0.1981 0.3970 0.2446 0.0114 0.1483 0.0006
131 0.1740 0.1768 0.0976 0.0848 0.4656 0.0013
132 0.0995 0.2009 0.5635 0.0781 0.0554 0.0025
133 0.1604 0.3848 0.3267 0.0023 0.1249 0.0008
134 0.5039 0.3545 0.0371 0.0075 0.0969 0.0003
135 0.1429 0.1140 0.2394 0.0468 0.4507 0.0063
136 0.4719 0.1532 0.0680 0.0113 0.2954 0.0001
137 0.2581 0.1932 0.2925 0.0739 0.1692 0.0132
138 0.2869 0.0479 0.0703 0.0060 0.5884 0.0003
139 0.3831 0.1523 0.2759 0.0300 0.1523 0.0065
140 0.2312 0.1887 0.2106 0.1002 0.2661 0.0031
141 0.0184 0.0313 0.0095 0.0043 0.9355 0.0011
142 0.0229 0.0589 0.0301 0.0018 0.8857 0.0006
143 0.4993 0.0953 0.1511 0.0742 0.1711 0.0089
144 0.5298 0.1577 0.2173 0.0096 0.0845 0.0013
145 0.1288 0.1163 0.3186 0.0301 0.4028 0.0033
146 0.1129 0.2246 0.3452 0.0034 0.3118 0.0021
147 0.1744 0.2329 0.3721 0.0151 0.2054 0.0000
148 0.2079 0.1439 0.2864 0.0494 0.2336 0.0789
149 0.2238 0.0842 0.1898 0.0531 0.4482 0.0007
150 0.1844 0.1615 0.0632 0.0585 0.5298 0.0027
151 0.2847 0.3152 0.3569 0.0137 0.0128 0.0167
152 0.3713 0.1215 0.2939 0.0760 0.1345 0.0026
153 0.1855 0.1625 0.4700 0.0531 0.1274 0.0015
154 0.2766 0.2423 0.2876 0.1349 0.0553 0.0031
155 0.1917 0.1873 0.1199 0.0032 0.4563 0.0418
156 0.1107 0.0556 0.0556 0.0032 0.7739 0.0006
157 0.5640 0.0513 0.0190 0.0706 0.2905 0.0045
158 0.1002 0.0301 0.0220 0.0065 0.8135 0.0278
159 0.3914 0.1013 0.1533 0.0052 0.3481 0.0006
160 0.6938 0.1151 0.0882 0.0034 0.0984 0.0009
161 0.1166 0.0808 0.0279 0.0158 0.7373 0.0216
162 0.2881 0.0958 0.0852 0.0040 0.5137 0.0132
163 0.0084 0.0071 0.0119 0.0007 0.9717 0.0004
164 0.3684 0.0815 0.3831 0.0070 0.1548 0.0051
165 0.3574 0.2676 0.1284 0.0761 0.0779 0.0925
166 0.2272 0.0199 0.0531 0.0527 0.6079 0.0392
167 0.4697 0.1031 0.0115 0.1024 0.3127 0.0005
168 0.3320 0.2318 0.1581 0.0582 0.2161 0.0039
169 0.4104 0.0670 0.2047 0.0486 0.2568 0.0124
170 0.2769 0.0485 0.5596 0.0021 0.1128 0.0002
171 0.2455 0.1142 0.1178 0.0042 0.5156 0.0026
172 0.0919 0.0933 0.0562 0.0113 0.7397 0.0078
173 0.2250 0.2800 0.1583 0.1214 0.1571 0.0582
174 0.1765 0.2017 0.3003 0.0960 0.1558 0.0697
175 0.3604 0.0836 0.0503 0.0053 0.4963 0.0042
176 0.1947 0.1801 0.4187 0.0238 0.1814 0.0014
177 0.1200 0.0381 0.0405 0.1517 0.6289 0.0210
178 0.3508 0.1749 0.1709 0.0111 0.2861 0.0060
179 0.2629 0.2798 0.4041 0.0159 0.0262 0.0112
180 0.3464 0.1152 0.3333 0.0710 0.0710 0.0631
181 0.0020 0.0013 0.0012 0.0004 0.9951 0.0001
182 0.0036 0.0023 0.0027 0.0004 0.9907 0.0002
183 0.4060 0.2664 0.1732 0.0135 0.1093 0.0318
184 0.3496 0.2460 0.1991 0.0049 0.1991 0.0014
185 0.2637 0.1295 0.2805 0.1041 0.2185 0.0037
186 0.0612 0.0247 0.0447 0.0103 0.8579 0.0013
187 0.1284 0.1610 0.2343 0.0709 0.3955 0.0101
188 0.4150 0.1379 0.1492 0.0171 0.2766 0.0040
189 0.2632 0.1355 0.1559 0.0109 0.4304 0.0042
190 0.1388 0.4343 0.2849 0.0875 0.0407 0.0139
191 0.2500 0.1539 0.1042 0.0086 0.4744 0.0090
192 0.3049 0.2432 0.3428 0.0049 0.0998 0.0045
193 0.3999 0.2388 0.2644 0.0069 0.0781 0.0119
194 0.2188 0.1423 0.2087 0.0912 0.1886 0.1504
195 0.4512 0.2251 0.2654 0.0073 0.0436 0.0074
196 0.4653 0.0483 0.4075 0.0200 0.0569 0.0020
197 0.3137 0.0627 0.0652 0.0047 0.5508 0.0029
198 0.2246 0.2228 0.4363 0.0331 0.0619 0.0214
199 0.5317 0.1088 0.1355 0.0061 0.2131 0.0050
200 0.5137 0.1788 0.0723 0.1003 0.0222 0.1128
201 0.0560 0.0262 0.0332 0.0010 0.8823 0.0011
202 0.2458 0.0877 0.4851 0.0553 0.1117 0.0142
203 0.8184 0.0458 0.0499 0.0106 0.0715 0.0039
204 0.4675 0.0529 0.2059 0.1415 0.1077 0.0244
205 0.4731 0.1263 0.1782 0.0108 0.2035 0.0078
206 0.2642 0.1859 0.1309 0.0165 0.3904 0.0121
207 0.3240 0.1667 0.2793 0.1339 0.0723 0.0240
208 0.2764 0.3157 0.2220 0.0863 0.0836 0.0161
209 0.5317 0.1635 0.2003 0.0220 0.0803 0.0020
210 0.0789 0.0345 0.0461 0.0143 0.8223 0.0038
211 0.2563 0.1268 0.1011 0.4392 0.0668 0.0096
212 0.0840 0.0560 0.0569 0.0049 0.7974 0.0007
213 0.0708 0.0461 0.0305 0.0024 0.8491 0.0008
214 0.0452 0.0333 0.0174 0.0065 0.8931 0.0045
215 0.4412 0.1040 0.1226 0.2720 0.0499 0.0105
216 0.4231 0.0314 0.2487 0.1270 0.1631 0.0069
217 0.6694 0.0229 0.1267 0.0316 0.1425 0.0071
218 0.4873 0.1724 0.2690 0.0162 0.0542 0.0008
219 0.3162 0.1172 0.3162 0.0987 0.1181 0.0338
220 0.1448 0.1019 0.0668 0.0083 0.6592 0.0193
221 0.3340 0.2581 0.1553 0.0191 0.2278 0.0058
222 0.0772 0.0146 0.0327 0.0036 0.8696 0.0022
223 0.4441 0.1547 0.3101 0.0334 0.0502 0.0074
224 0.2006 0.0677 0.0234 0.0050 0.7002 0.0030
225 0.1366 0.0737 0.0869 0.1225 0.5576 0.0227
226 0.3210 0.2294 0.2922 0.0098 0.1447 0.0029
227 0.2900 0.0264 0.0554 0.0143 0.6094 0.0044
228 0.5938 0.1098 0.2417 0.0098 0.0430 0.0020
229 0.2717 0.1444 0.3154 0.0077 0.2494 0.0113
230 0.3179 0.2593 0.1973 0.0932 0.1274 0.0049
231 0.1941 0.1635 0.1141 0.0261 0.4478 0.0543
232 0.5513 0.0375 0.1472 0.0663 0.1832 0.0147
233 0.7148 0.0314 0.1022 0.0027 0.1475 0.0016
234 0.5449 0.0469 0.1160 0.0052 0.2827 0.0043
235 0.2666 0.3215 0.2583 0.0734 0.0757 0.0046
236 0.2219 0.2476 0.1561 0.0552 0.2783 0.0407
237 0.1819 0.3452 0.2544 0.0071 0.2061 0.0053
238 0.5020 0.2710 0.1655 0.0329 0.0242 0.0043
239 0.2361 0.1133 0.3804 0.0092 0.2100 0.0511
240 0.3577 0.1469 0.3928 0.0278 0.0738 0.0010
241 0.3091 0.1530 0.1299 0.0198 0.3787 0.0099
242 0.3054 0.2554 0.3008 0.0785 0.0487 0.0112
243 0.0911 0.0249 0.0230 0.0070 0.8511 0.0031
244 0.4475 0.3540 0.1686 0.0042 0.0251 0.0005
245 0.5552 0.2158 0.1173 0.0055 0.1027 0.0033
246 0.5132 0.0949 0.2725 0.0920 0.0253 0.0020
247 0.1176 0.0998 0.1213 0.0041 0.6558 0.0016
248 0.0352 0.0222 0.0197 0.0046 0.9146 0.0039
249 0.1155 0.2012 0.2883 0.0819 0.2028 0.1102
250 0.1016 0.2020 0.3306 0.0862 0.2739 0.0058
251 0.2368 0.1371 0.0739 0.0084 0.5420 0.0017
252 0.0887 0.1532 0.1232 0.0568 0.5737 0.0042
253 0.1068 0.0231 0.0845 0.0599 0.7183 0.0076
254 0.0302 0.0186 0.0254 0.0006 0.9248 0.0003
255 0.1404 0.0378 0.0585 0.0039 0.7588 0.0005
256 0.0770 0.2605 0.3506 0.0352 0.2646 0.0123
257 0.2478 0.2119 0.0699 0.0060 0.4595 0.0049
258 0.1630 0.2028 0.2262 0.0026 0.4033 0.0020
259 0.1481 0.3552 0.4597 0.0064 0.0205 0.0103
260 0.0797 0.1032 0.4019 0.2004 0.2052 0.0096
261 0.2498 0.4053 0.1930 0.0191 0.1316 0.0012
262 0.4260 0.0619 0.1183 0.0046 0.3879 0.0011
263 0.2798 0.2432 0.3455 0.0078 0.1157 0.0080
264 0.1793 0.1431 0.3403 0.0075 0.3174 0.0124
265 0.1810 0.1622 0.1957 0.0354 0.3435 0.0822
266 0.3381 0.1477 0.2306 0.0157 0.2573 0.0107
267 0.1735 0.2605 0.1592 0.0087 0.3911 0.0070
268 0.2549 0.0959 0.4761 0.0747 0.0686 0.0300
269 0.3049 0.1779 0.1185 0.0284 0.3269 0.0436
270 0.5273 0.1387 0.2164 0.0534 0.0596 0.0047
271 0.2803 0.2305 0.3252 0.0205 0.1409 0.0028
272 0.5454 0.0862 0.0856 0.1295 0.1411 0.0123
273 0.1844 0.0927 0.1119 0.0668 0.5337 0.0106
274 0.2269 0.2098 0.3252 0.0028 0.2341 0.0012
275 0.2430 0.0403 0.0789 0.0020 0.6353 0.0005
276 0.1898 0.0499 0.1089 0.0273 0.6172 0.0066
277 0.3179 0.2917 0.3057 0.0320 0.0519 0.0008
278 0.4739 0.2537 0.2346 0.0101 0.0267 0.0010
279 0.3591 0.2145 0.1792 0.1656 0.0586 0.0230
280 0.1505 0.3640 0.1278 0.0352 0.2725 0.0500
281 0.1525 0.1142 0.1512 0.0454 0.4277 0.1089
282 0.2383 0.0898 0.2966 0.0310 0.3208 0.0236
283 0.2532 0.0869 0.1674 0.0153 0.4585 0.0188
284 0.3542 0.1882 0.2166 0.0041 0.2361 0.0008
285 0.3125 0.1635 0.2305 0.0070 0.2847 0.0020
286 0.3425 0.2668 0.2411 0.0076 0.1261 0.0158
287 0.4385 0.0612 0.1931 0.0051 0.2991 0.0030
288 0.2435 0.2473 0.3542 0.0382 0.0578 0.0587
289 0.2396 0.1511 0.2434 0.0164 0.3433 0.0063
290 0.2284 0.1893 0.4612 0.0051 0.1140 0.0020
291 0.1821 0.4204 0.1909 0.0019 0.2032 0.0014
292 0.3733 0.1473 0.2710 0.0021 0.2062 0.0003
293 0.4084 0.2700 0.1226 0.0044 0.1945 0.0001
294 0.4480 0.2474 0.1782 0.0027 0.1234 0.0003
295 0.2898 0.3960 0.2347 0.0148 0.0632 0.0015
296 0.4641 0.1299 0.2949 0.0019 0.1085 0.0008
297 0.3037 0.1296 0.1327 0.3159 0.0956 0.0224
298 0.1215 0.2051 0.1912 0.3354 0.0992 0.0476
299 0.1852 0.2268 0.5190 0.0045 0.0640 0.0003
300 0.0678 0.1564 0.6689 0.0774 0.0057 0.0240
301 0.1465 0.2286 0.4917 0.1080 0.0055 0.0198
302 0.6289 0.1085 0.1382 0.0032 0.1201 0.0011
303 0.3948 0.2130 0.3027 0.0014 0.0874 0.0005
304 0.4546 0.1780 0.1030 0.0088 0.2551 0.0005
305 0.0726 0.2781 0.3252 0.2200 0.0778 0.0263
306 0.7192 0.0509 0.1819 0.0390 0.0052 0.0035
307 0.7407 0.0387 0.1844 0.0283 0.0048 0.0031
308 0.7671 0.0385 0.1511 0.0348 0.0054 0.0030
309 0.7671 0.0385 0.1511 0.0348 0.0054 0.0030
310 0.7671 0.0385 0.1511 0.0348 0.0054 0.0030
311 0.7554 0.0370 0.1609 0.0362 0.0067 0.0037
312 0.7817 0.0395 0.1379 0.0318 0.0064 0.0028
313 0.7988 0.0969 0.0552 0.0205 0.0218 0.0065
314 0.8003 0.0956 0.0553 0.0205 0.0217 0.0066
315 0.7983 0.0999 0.0561 0.0164 0.0228 0.0062
316 0.8022 0.0973 0.0555 0.0163 0.0228 0.0062
